393
92
29
26
76
35
46
41
91
57
84
0
11
57
88
60
48
31
72
31
86
33
68
15
17
60
2
2
25
22
77
86
66
6
12
43
41
58
84
84
16
68
84
27
78
24
40
26
55
64
9
93
98
29
8
15
90
62
69
15
36
46
53
3
52
65
98
45
76
82
29
92
3
65
71
33
89
63
11
44
28
21
89
78
50
97
93
40
60
15
7
96
13
60
51
66
26
49
63
2
84
45
46
39
10
69
72
0
33
83
96
13
56
86
91
7
35
36
47
47
3
7
96
17
67
47
83
45
49
98
99
33
43
97
72
6
67
96
6
0
31
54
65
88
40
56
47
28
44
46
75
48
53
71
65
21
71
0
18
20
98
18
53
94
15
77
0
82
25
58
34
8
12
99
48
5
7
95
33
4
42
60
52
47
84
17
20
55
69
39
27
67
9
32
13
24
9
13
59
86
71
45
94
84
97
43
41
4
90
74
8
84
86
12
32
70
81
4
25
50
95
4
70
4
36
83
81
97
97
40
83
20
37
30
56
34
25
97
91
67
23
51
52
10
64
36
80
45
92
58
48
88
62
18
92
51
1
25
48
50
17
32
71
55
14
27
89
39
77
32
6
0
84
10
62
0
46
95
97
39
5
45
79
19
63
23
70
17
49
19
67
66
51
90
21
17
70
63
56
47
47
14
47
83
77
62
83
23
57
33
14
62
78
45
81
94
69
52
11
18
71
30
84
74
21
58
91
43
73
99
90
20
65
89
56
42
51
39
18
8
72
84
22
3
30
4
97
99
56
60
17
79
42
53
53
15
63
96
58
88
95
48
61
12
90
17
55
93
8
73
2
33
57
76
36
87
80
85
38
88
97
55
19
39
61
72
55
24
20
13
13
67
14
74
