601
58
46
49
42
45
96
40
13
13
87
56
8
63
44
18
33
62
68
35
55
38
3
39
43
63
13
91
66
65
43
31
23
89
32
65
86
81
57
99
94
97
7
55
60
52
73
45
66
41
81
73
31
36
13
74
0
78
17
18
43
12
50
18
1
34
83
40
15
93
91
62
90
99
17
50
3
90
48
69
31
81
42
63
17
7
89
69
38
59
88
33
71
90
52
25
24
87
65
92
80
56
54
70
7
71
73
10
13
73
31
44
54
26
59
23
33
49
93
23
60
81
57
31
23
9
8
47
96
73
91
29
82
97
99
89
20
72
52
33
45
35
78
51
61
89
75
47
90
68
70
50
1
27
34
24
88
42
23
37
16
15
66
98
64
17
39
85
42
91
18
39
27
48
91
40
38
66
87
28
86
10
31
39
37
65
63
78
7
38
15
23
5
33
73
70
50
13
55
92
4
25
32
83
74
23
24
64
41
11
44
79
21
75
18
11
40
33
41
48
23
56
23
29
41
97
51
91
10
58
84
66
83
16
50
9
91
26
73
32
37
18
63
11
93
81
74
34
66
67
34
89
75
57
18
16
54
21
7
16
79
91
35
63
59
85
24
50
63
98
34
0
68
97
63
13
30
89
99
96
56
33
38
31
91
8
47
97
30
7
66
9
50
1
72
10
38
97
60
1
47
47
53
67
44
69
80
75
58
32
23
67
65
61
50
8
70
50
58
0
57
24
61
7
25
86
69
15
35
82
16
82
29
69
1
25
90
81
52
49
13
76
68
31
89
70
39
59
20
49
11
29
73
73
89
50
59
10
65
46
92
33
28
73
55
29
99
45
62
51
46
28
27
14
59
69
85
50
28
57
0
92
39
25
17
28
76
28
90
93
74
83
27
54
56
82
83
55
27
97
59
74
25
38
40
36
7
77
39
88
35
39
80
26
16
97
6
92
77
96
38
51
79
65
5
88
99
40
95
26
37
54
52
15
93
93
3
52
70
42
40
57
81
72
83
98
69
89
42
98
86
80
49
17
97
54
5
96
46
1
75
84
7
27
51
0
72
54
5
95
97
45
52
30
18
88
80
39
29
75
38
67
7
87
85
5
94
42
53
40
95
28
76
3
56
79
55
80
34
60
75
83
58
28
65
28
68
98
67
97
73
57
17
32
97
54
37
91
96
91
83
44
71
12
47
79
91
54
60
77
15
35
60
25
15
78
53
83
76
20
33
1
30
2
33
27
56
23
70
4
66
53
48
37
17
47
17
9
2
29
86
69
64
99
94
80
77
47
15
5
19
0
6
49
2
91
28
10
14
98
15
80
4
15
70
21
63
87
82
17
16
21
86
32
72
32
64
1
31
80
6
2
