581
24
2
55
47
55
11
62
56
24
21
8
24
84
88
29
20
78
84
65
34
26
40
62
6
11
73
88
35
28
93
57
4
47
65
51
55
28
66
11
53
39
19
77
76
60
6
48
38
91
13
24
69
5
87
75
68
60
15
56
40
8
13
96
7
30
99
14
59
17
25
12
57
97
41
85
9
0
33
47
91
99
23
12
56
10
87
25
22
2
81
14
62
46
10
21
77
62
36
36
79
13
0
88
62
93
73
71
93
59
18
84
10
94
96
66
4
35
91
79
89
24
45
51
23
56
25
52
18
13
40
49
26
40
38
89
33
11
60
27
22
31
63
32
25
12
99
81
99
42
12
89
19
58
92
42
66
17
94
36
30
86
85
9
26
75
50
11
87
62
90
61
45
6
94
22
18
45
56
17
39
68
58
58
78
51
52
44
20
98
32
51
84
18
12
62
93
14
26
32
76
16
46
74
22
40
96
92
37
52
62
76
21
20
87
99
71
91
96
92
42
28
95
26
98
59
41
44
73
67
28
1
83
74
75
58
66
72
50
55
24
12
32
97
33
71
49
56
14
45
48
56
25
95
83
76
54
76
20
27
43
0
29
26
27
4
36
93
28
87
1
53
51
85
50
84
56
51
93
70
96
93
27
74
89
62
50
95
38
22
23
81
22
4
59
1
60
96
47
41
35
48
94
86
33
96
23
89
48
68
11
96
61
90
70
50
52
72
98
42
94
21
75
69
77
87
70
89
35
17
30
70
65
76
8
98
25
83
39
25
51
51
73
65
93
96
67
98
68
65
40
15
38
68
84
67
55
6
57
42
24
39
64
41
68
72
92
93
8
31
70
11
34
43
76
28
39
96
78
60
61
70
75
0
38
59
67
45
65
76
87
41
16
51
83
36
76
75
29
36
58
51
99
93
94
76
73
86
24
51
98
85
21
73
85
12
84
5
57
1
81
97
43
49
48
78
85
76
53
66
64
63
17
64
56
64
92
81
2
16
84
0
1
6
25
39
70
9
44
27
10
77
76
5
79
77
83
64
53
88
83
18
52
0
82
60
16
26
42
70
42
26
22
43
84
47
34
54
56
30
34
19
8
10
24
39
87
8
3
93
96
38
63
0
39
97
61
7
23
3
30
65
81
52
60
66
0
47
72
8
77
58
27
37
69
4
76
8
64
32
1
60
70
16
61
61
13
74
69
36
77
99
53
58
3
14
76
3
61
1
12
90
59
91
28
28
47
4
89
11
88
42
24
59
59
37
20
72
11
41
61
88
92
14
98
96
80
27
51
93
28
63
84
87
7
64
16
54
20
57
18
9
