997
91
44
90
8
76
21
92
10
92
31
92
34
4
66
98
2
42
0
84
13
9
25
43
68
92
43
11
90
28
88
59
72
84
49
32
60
71
24
22
15
7
15
49
12
33
99
14
75
51
98
40
60
76
35
28
68
79
92
10
59
80
70
83
65
71
16
25
94
40
0
10
48
15
11
60
0
11
26
27
62
25
68
75
1
3
3
21
34
95
32
46
76
54
29
93
25
45
70
20
86
70
30
86
85
93
46
85
4
24
13
19
49
33
94
2
88
49
24
23
45
8
21
73
62
50
18
39
48
88
11
34
59
41
72
96
87
70
82
91
94
47
10
44
32
56
98
20
6
74
95
51
82
16
76
96
19
94
36
67
82
47
1
93
41
25
90
28
95
24
71
89
23
34
85
55
90
84
27
96
10
23
99
93
91
27
41
10
21
29
77
56
29
30
1
22
55
91
2
50
15
25
40
90
59
77
45
50
61
25
46
24
48
98
17
39
25
10
2
99
92
79
7
21
62
8
95
17
52
97
20
19
22
12
10
34
89
7
84
3
32
82
27
80
80
96
72
58
6
26
57
98
5
16
71
19
24
66
37
76
15
9
96
90
21
58
24
62
65
60
65
98
42
92
30
75
88
54
33
47
80
42
97
38
58
69
57
34
87
46
63
55
55
59
45
28
69
21
91
34
81
56
84
75
1
67
50
89
21
35
88
54
29
86
92
39
7
1
74
94
48
37
49
55
48
46
36
17
67
27
3
48
35
40
24
88
7
26
78
28
14
18
82
43
4
26
35
11
28
9
58
76
46
59
83
46
6
19
15
25
98
18
74
34
58
50
74
65
28
52
46
42
23
80
38
27
7
73
91
35
34
49
11
80
8
46
78
66
66
93
92
64
11
18
50
22
20
25
39
48
29
85
43
52
66
81
32
25
6
23
60
40
24
23
72
84
69
50
51
35
95
95
52
58
65
54
80
85
31
72
33
13
9
76
65
27
9
49
52
67
24
12
7
48
35
31
85
57
33
88
44
28
83
96
87
48
3
19
33
34
91
18
47
53
47
65
80
56
66
33
76
91
45
83
91
33
67
76
90
0
64
86
29
47
35
68
47
38
39
32
24
83
51
24
36
98
41
16
6
7
49
82
98
47
18
42
32
85
18
22
37
35
8
66
82
95
86
82
33
26
14
58
9
17
34
97
67
75
13
74
82
15
8
33
62
78
75
46
63
45
20
1
80
80
19
15
76
58
97
9
36
63
19
45
81
53
94
48
80
7
74
63
74
35
48
88
13
23
34
29
20
54
30
1
35
1
16
11
11
65
72
47
28
44
92
61
97
38
10
30
46
36
93
72
71
93
61
85
16
95
66
36
2
48
89
37
49
5
0
61
70
72
8
51
16
53
12
66
43
74
96
89
63
41
14
34
34
75
71
2
22
37
90
24
85
80
61
87
37
13
0
60
86
60
11
54
65
75
72
9
50
20
50
13
61
64
99
47
91
23
49
14
12
92
38
50
72
52
89
9
65
89
69
3
1
32
10
19
8
82
28
10
55
30
23
16
47
74
16
38
97
65
52
62
9
43
12
81
95
1
43
12
42
64
68
43
97
78
14
57
12
94
67
67
25
42
36
72
16
52
62
66
69
15
28
79
10
40
12
5
93
7
17
35
72
37
30
21
15
45
78
80
39
97
47
16
91
35
40
59
87
3
25
9
70
5
40
80
97
52
37
90
60
6
77
84
44
8
5
11
5
35
91
96
84
39
13
75
26
53
34
66
8
12
75
30
69
15
62
67
19
99
9
31
6
39
15
2
47
72
13
4
59
5
0
95
96
13
70
22
19
57
88
79
69
15
10
38
82
72
57
2
24
67
85
82
6
53
84
5
77
97
61
89
54
61
84
50
27
55
25
98
64
13
77
33
81
39
23
63
64
81
17
40
0
3
22
58
8
6
15
85
55
76
74
62
89
59
12
68
66
89
66
30
3
96
15
36
87
38
99
51
71
17
91
23
72
65
33
32
23
0
17
79
28
44
41
18
55
5
38
73
95
5
3
50
53
70
86
40
8
37
44
32
54
87
7
78
5
41
10
28
93
80
59
22
24
52
92
31
58
30
4
5
87
59
55
40
29
93
33
89
30
29
73
37
68
81
67
73
74
78
2
67
10
61
41
86
14
33
17
24
16
73
29
3
32
36
96
61
81
29
50
11
10
24
0
78
57
68
52
31
98
54
50
8
15
92
94
81
77
11
5
93
84
34
97
16
