657
80
30
88
43
38
13
65
81
69
56
24
66
90
58
76
74
14
25
84
92
11
79
30
68
10
50
70
47
57
42
67
90
73
55
85
63
21
51
44
90
7
20
56
97
78
84
23
93
9
7
85
72
38
67
40
1
69
63
48
79
5
15
69
30
22
54
45
43
57
42
85
65
62
41
14
41
77
90
86
38
49
23
11
88
90
51
89
60
66
37
39
72
4
60
54
26
14
0
70
72
42
55
89
56
49
55
97
78
97
83
17
47
6
28
87
49
31
76
9
98
65
0
22
69
60
76
95
74
28
17
98
22
25
39
79
74
47
76
4
44
12
21
43
70
49
30
19
33
58
80
31
75
80
5
96
40
81
44
67
62
61
17
84
38
9
63
12
56
92
69
52
4
90
48
74
92
30
46
25
41
26
8
16
59
13
13
99
46
9
18
8
70
36
45
9
45
8
73
53
0
42
57
56
85
5
83
77
88
29
54
29
7
14
45
66
27
10
66
25
19
36
86
42
72
31
3
69
39
28
74
92
23
84
48
8
89
31
37
29
12
43
58
20
57
56
86
36
66
4
61
38
41
99
32
65
30
35
35
22
63
61
66
38
45
14
46
87
98
35
16
10
78
75
82
87
83
21
23
49
25
37
39
18
88
71
84
19
58
71
93
74
84
59
12
30
25
11
69
75
98
85
38
29
12
20
16
95
41
92
97
19
81
88
37
69
12
73
40
22
44
33
96
29
44
61
11
22
24
80
97
22
17
87
51
82
8
68
29
1
12
78
72
93
19
62
62
31
35
55
5
32
40
2
61
37
15
24
59
39
56
8
13
73
96
65
7
56
85
37
9
97
67
82
42
86
96
56
69
31
11
75
63
52
29
76
89
96
0
0
87
56
8
0
82
56
17
41
12
2
30
74
51
98
8
93
36
4
2
58
35
13
33
51
17
14
27
58
10
80
10
97
88
71
49
22
27
67
64
92
69
94
66
73
92
74
18
81
30
20
39
65
86
72
16
55
38
96
66
0
28
28
97
16
99
46
39
79
65
3
71
87
49
89
60
42
15
78
75
45
51
14
62
89
38
31
44
76
27
62
76
55
91
25
23
90
23
62
69
89
17
92
76
67
33
88
61
48
18
36
45
69
2
8
10
40
39
7
68
18
69
96
25
12
21
48
55
96
63
24
85
32
69
13
51
54
1
64
3
20
52
0
41
54
60
52
46
51
59
14
69
80
10
46
93
83
95
48
80
10
24
17
42
45
31
46
0
84
10
55
56
63
55
50
17
68
54
16
19
65
30
41
45
93
87
90
76
34
90
56
96
67
26
39
12
57
37
12
93
47
19
2
62
27
52
32
95
6
48
66
71
78
7
68
71
47
11
0
81
1
8
78
68
34
69
81
43
58
45
37
5
17
39
20
44
43
52
91
49
0
57
72
30
17
92
54
64
3
54
97
5
14
27
25
49
48
58
92
6
4
81
64
73
72
84
17
15
36
