594
55
64
68
56
86
79
39
35
13
15
66
86
74
38
12
0
62
2
41
40
81
41
0
16
67
76
37
47
87
23
72
94
87
92
2
25
23
93
60
37
8
79
75
34
17
87
35
79
41
28
71
75
21
71
91
89
99
80
88
38
3
61
32
42
5
86
67
81
79
80
70
88
59
45
74
28
33
61
59
26
89
31
1
11
54
45
52
6
25
40
44
29
53
29
71
11
15
91
92
95
23
62
35
34
7
61
62
92
23
73
71
12
56
72
75
11
17
79
17
43
72
61
24
25
42
95
88
58
38
80
5
61
94
40
95
54
1
57
98
76
83
69
89
39
42
16
2
11
48
19
6
20
33
30
97
75
78
86
33
16
18
90
78
13
82
73
19
36
83
17
12
66
87
53
57
81
22
60
44
70
79
51
90
64
81
39
92
59
77
77
76
96
68
6
61
50
79
80
86
14
49
99
32
88
4
90
69
26
2
14
96
33
17
38
98
98
78
90
10
55
19
38
3
87
44
64
38
75
96
76
42
46
27
74
86
32
16
8
10
18
74
7
4
91
45
2
89
75
44
51
83
63
89
86
3
85
51
93
61
99
21
55
97
49
29
84
33
98
92
43
68
66
50
72
57
48
26
98
75
70
2
58
86
43
45
41
29
48
34
42
47
55
97
45
56
78
81
89
76
25
33
45
43
35
69
52
35
96
2
11
66
4
69
4
48
66
45
77
14
31
71
62
39
68
59
95
98
92
85
75
17
70
72
60
57
41
64
45
89
66
56
56
71
77
12
19
96
10
48
10
41
71
24
80
91
35
28
89
27
13
16
96
35
40
8
44
82
72
89
23
39
97
31
62
27
44
33
23
6
81
85
99
4
10
32
95
45
60
84
25
25
1
73
60
41
82
56
75
6
46
99
97
95
30
59
74
26
92
97
32
25
83
32
29
45
64
24
42
24
9
67
1
62
93
13
55
27
69
31
33
67
82
83
63
64
42
37
91
87
87
75
12
22
7
94
67
23
18
9
99
79
29
0
41
74
13
49
1
83
80
86
2
14
69
17
78
12
7
69
99
94
45
63
16
4
57
35
80
28
96
79
7
77
80
1
51
45
50
52
80
82
39
83
96
8
0
26
72
7
48
23
53
45
39
21
49
96
56
81
24
5
61
84
82
93
85
34
38
87
38
19
21
77
54
69
38
54
95
10
14
43
86
67
40
25
89
42
21
97
23
98
2
84
82
37
77
19
71
68
58
61
87
79
39
93
48
29
47
43
91
61
39
77
29
79
2
70
21
76
67
45
26
22
81
60
59
11
31
82
79
89
43
18
68
34
11
16
63
10
11
55
72
50
84
