751
90
96
33
24
30
34
68
61
88
58
7
68
89
49
99
47
49
86
56
54
77
22
30
72
34
27
63
43
49
12
62
91
8
47
16
90
82
36
52
22
94
59
90
35
8
41
35
9
79
91
63
56
65
93
81
51
20
96
46
22
8
9
13
69
8
81
59
42
17
11
64
64
71
6
51
31
99
86
41
78
29
4
87
94
50
68
45
22
16
92
44
24
53
58
93
61
91
5
4
9
16
20
25
39
79
76
23
78
15
64
57
44
20
96
91
22
16
36
45
32
80
89
56
85
99
2
99
91
7
55
52
75
75
29
15
6
5
38
85
72
54
94
17
26
90
8
49
6
96
94
90
29
35
98
14
35
0
65
78
59
20
82
87
48
11
2
54
68
92
91
41
98
85
58
76
27
18
25
85
14
71
75
43
7
26
10
94
78
75
24
38
48
6
25
96
17
79
50
85
23
94
26
73
31
36
49
59
54
27
96
69
98
24
64
57
50
74
3
28
2
27
18
2
85
95
98
2
26
0
40
49
94
66
74
26
55
76
37
9
3
85
78
53
9
95
11
11
21
66
92
23
46
10
25
31
58
75
86
84
28
26
86
22
44
60
0
51
36
89
61
91
75
39
45
36
34
8
0
56
74
92
31
72
54
9
56
12
36
42
49
64
20
35
39
16
47
39
68
84
81
29
75
8
20
72
44
7
80
96
15
7
40
98
79
47
7
35
59
96
29
60
60
49
95
99
18
43
39
38
79
72
19
6
80
39
79
76
98
11
73
13
18
65
64
50
12
23
85
24
19
67
84
80
16
32
79
86
75
70
24
6
42
43
64
74
35
95
51
85
7
76
51
77
41
15
27
6
38
65
30
58
32
66
90
0
98
69
87
25
92
63
31
86
59
48
61
46
43
64
31
50
40
82
80
33
97
7
91
36
72
21
46
4
88
36
5
38
57
44
64
49
59
47
88
18
95
49
64
39
65
96
41
5
78
21
90
28
81
82
16
53
55
62
10
95
50
67
34
7
11
50
9
22
97
97
41
45
98
57
36
63
53
29
20
84
3
62
12
84
96
28
89
52
42
51
99
92
18
85
51
81
35
12
4
85
9
97
30
59
54
18
22
8
47
94
44
50
57
8
86
53
88
76
57
30
27
9
74
98
94
77
79
82
90
35
67
51
32
49
63
87
67
37
47
66
32
91
69
41
99
55
94
87
31
4
69
11
13
95
9
7
72
40
89
14
28
8
18
60
9
81
99
28
18
46
95
50
89
64
91
88
19
38
27
3
42
96
66
55
43
27
14
16
19
56
30
47
16
0
8
26
81
59
54
0
6
1
2
95
17
94
36
89
84
63
44
26
12
10
33
55
37
99
23
56
55
6
56
72
6
16
50
88
75
4
40
81
58
42
29
75
88
65
64
72
80
60
50
92
70
35
0
59
35
75
68
42
81
24
14
40
40
16
80
15
73
20
49
31
62
78
58
3
43
75
75
23
35
26
68
6
61
68
17
48
95
85
91
77
9
57
69
1
74
49
69
47
69
18
78
83
96
36
86
39
63
14
14
99
40
82
57
53
2
74
2
98
60
93
27
21
2
96
75
76
45
44
23
66
62
53
49
58
42
88
49
5
2
63
56
94
98
13
47
0
88
1
50
0
46
77
73
49
73
48
25
70
44
1
36
6
6
38
16
48
78
17
6
80
33
62
