556
2
2
36
16
48
55
92
6
77
50
50
67
40
95
16
49
74
29
4
97
3
48
40
96
57
84
77
83
26
99
92
80
1
28
48
50
36
40
8
65
91
10
32
83
5
0
33
31
30
89
80
85
89
20
34
46
56
63
81
34
63
73
67
16
54
15
18
90
56
26
55
99
36
40
82
93
40
67
25
22
8
57
60
97
30
94
95
86
57
29
73
72
2
40
89
8
55
59
98
63
86
54
14
74
46
97
68
86
16
45
61
25
2
21
74
32
67
22
71
24
3
44
49
5
36
90
14
91
49
64
7
87
70
21
62
16
70
82
55
87
27
16
64
81
89
90
66
56
12
37
32
67
33
81
73
69
71
39
12
73
55
19
60
26
93
74
94
63
56
49
2
83
17
66
65
6
57
83
62
21
20
95
89
5
76
14
74
0
5
38
73
12
58
85
38
3
60
85
66
16
34
69
52
52
87
69
58
96
52
73
18
72
68
59
29
96
25
3
96
82
41
21
94
51
7
85
6
67
70
73
35
4
94
87
8
81
56
19
78
8
92
48
32
12
59
61
8
84
16
5
66
10
26
12
13
85
97
20
52
67
93
88
24
87
27
32
20
84
3
50
92
95
98
77
7
57
38
16
93
55
73
11
17
51
24
30
37
21
50
41
89
43
81
13
82
9
97
55
93
1
5
37
48
56
66
56
65
5
24
11
12
97
22
29
0
46
11
89
20
62
31
9
57
64
74
92
73
23
47
18
24
4
8
73
60
74
81
78
31
5
89
43
54
11
24
6
10
36
96
30
50
79
91
7
43
17
99
69
40
98
87
65
3
47
90
15
22
71
45
53
28
34
49
82
98
25
88
60
13
36
42
63
15
33
23
59
50
74
80
42
73
19
59
28
67
49
95
89
72
41
94
0
27
43
34
77
69
75
37
82
11
31
98
79
64
21
90
66
95
70
9
20
89
68
0
56
70
96
97
94
89
92
47
68
35
81
98
56
8
87
91
72
19
89
51
83
62
41
2
57
11
63
30
52
83
30
9
53
78
6
0
19
98
47
40
86
80
38
42
89
25
33
61
44
74
64
80
36
5
82
46
68
97
76
20
80
58
81
86
89
40
86
8
38
33
48
76
13
86
19
54
64
4
67
8
31
31
40
67
88
74
65
8
71
93
81
52
52
62
90
93
54
76
1
93
61
2
21
26
40
92
33
4
97
0
65
28
84
57
47
24
32
13
85
55
6
66
59
10
80
49
3
35
25
57
80
