349
31
97
80
2
83
35
16
50
76
68
57
97
90
92
28
30
82
35
69
29
20
25
88
25
68
0
91
18
49
15
53
33
13
33
35
96
20
3
98
48
23
56
45
13
0
26
95
82
13
65
64
33
90
4
11
10
4
2
28
5
69
81
38
82
67
25
30
39
28
29
88
52
37
33
17
37
11
65
72
24
30
88
58
72
92
21
34
96
75
63
53
44
96
44
27
15
69
9
55
50
90
95
54
27
80
71
17
92
36
41
16
18
29
26
42
21
99
77
69
74
92
22
19
88
18
98
56
88
59
11
90
50
6
44
29
86
67
46
30
56
87
47
26
68
25
69
89
77
98
58
51
90
33
22
30
51
72
86
91
32
49
33
82
7
77
63
94
45
10
24
1
49
23
79
18
1
48
59
78
98
70
81
88
3
4
71
6
28
9
50
60
11
83
94
18
13
58
64
58
20
41
11
21
16
90
91
17
91
51
47
89
21
81
30
76
37
53
34
65
62
36
26
25
20
72
44
33
82
60
43
54
1
6
28
18
48
19
87
39
70
87
29
43
68
11
19
5
64
6
22
78
42
0
4
62
73
0
47
7
12
42
62
14
48
90
84
97
61
23
88
84
62
17
27
82
80
99
39
96
5
62
75
47
62
31
62
87
83
9
95
95
4
9
61
52
51
97
1
12
21
90
96
35
59
76
18
40
75
57
88
80
19
63
27
34
46
89
21
81
51
16
77
7
25
90
11
28
88
13
41
61
55
89
96
14
65
66
6
40
76
95
72
47
10
0
81
9
41
3
