345
68
30
87
17
84
32
28
28
15
78
43
87
60
99
17
13
28
32
76
76
62
46
57
35
72
90
89
85
72
99
46
92
82
85
10
66
17
90
94
32
20
89
19
81
89
36
94
69
68
22
45
82
68
55
17
92
45
59
77
17
10
23
62
92
9
24
10
78
14
56
11
35
46
82
16
87
71
62
56
91
85
54
74
5
9
43
98
6
2
27
75
13
3
37
57
12
61
68
42
76
24
53
11
22
88
79
9
59
41
18
2
78
24
76
36
33
20
86
91
74
13
66
87
16
4
97
80
65
65
23
41
41
28
4
64
16
83
73
27
77
43
30
7
67
58
43
0
30
29
43
5
43
10
44
11
14
41
92
79
58
15
73
0
95
77
64
64
13
89
43
42
33
25
49
0
84
93
53
14
22
96
71
17
6
68
29
20
61
73
52
20
40
77
20
35
6
36
99
19
25
95
61
10
20
63
11
4
56
64
71
30
12
94
0
19
62
81
91
24
54
95
96
94
72
16
29
79
4
81
50
29
76
64
40
48
27
3
53
35
19
76
17
31
22
17
2
85
98
46
61
52
93
57
46
18
25
28
49
29
9
99
10
37
15
2
85
94
57
90
29
76
18
99
60
41
16
14
78
15
60
91
19
6
48
18
24
25
46
73
6
7
24
16
96
92
71
33
86
28
24
68
57
94
67
17
35
83
31
13
50
44
4
22
50
4
40
26
81
38
99
87
97
75
56
93
67
79
26
6
7
2
74
64
97
41
81
32
76
65
98
79
9
54
53
11
