438
66
48
99
50
65
60
0
61
34
79
40
52
4
18
82
81
18
74
38
31
53
71
67
91
84
49
94
77
23
19
30
41
19
29
43
85
42
44
98
76
23
38
80
27
56
15
60
26
89
98
57
94
22
76
38
6
77
32
35
53
3
17
94
23
99
38
60
93
34
58
21
9
48
1
89
56
68
49
82
9
0
91
56
22
20
94
80
97
78
15
50
82
84
97
57
35
87
17
28
21
27
49
30
27
3
19
83
71
69
17
33
21
60
89
43
80
83
23
30
61
90
32
43
26
29
52
62
16
69
90
89
48
92
20
75
95
91
10
18
12
79
51
33
40
40
28
20
75
51
2
37
93
35
32
20
64
37
82
33
6
24
22
7
16
94
34
63
86
45
82
50
24
33
36
64
26
64
37
1
68
39
90
61
74
75
81
91
12
63
24
70
40
46
29
56
41
64
20
79
9
54
81
85
39
17
2
65
34
39
19
2
30
61
63
5
88
97
96
52
60
72
23
52
18
4
9
59
68
81
90
29
87
72
15
26
41
17
92
75
8
63
29
38
24
93
95
65
42
43
17
2
15
92
7
86
97
16
97
65
49
88
95
36
12
62
14
53
31
58
29
91
21
58
81
98
3
29
63
45
72
32
0
40
25
7
26
22
75
23
39
76
63
86
64
75
48
78
29
31
37
10
22
10
20
4
60
76
33
23
21
57
56
73
49
33
32
27
55
59
3
46
87
66
33
51
42
33
82
23
65
19
85
87
81
5
43
42
81
28
17
55
38
25
28
87
58
13
15
65
72
18
12
60
36
45
63
30
78
45
53
95
16
38
83
98
96
78
92
77
59
9
32
97
87
13
36
45
26
3
11
50
73
75
62
10
20
26
40
50
71
46
46
40
36
81
90
32
11
82
62
70
43
46
19
30
59
56
76
37
59
39
40
33
66
2
95
86
80
35
88
4
33
34
44
22
67
34
54
79
16
68
1
11
15
21
42
26
29
