918
62
91
69
34
30
65
59
57
17
19
95
96
51
92
61
63
17
93
31
22
71
31
34
10
86
47
68
60
65
27
53
79
18
22
65
0
87
25
57
5
44
52
53
48
44
15
11
13
8
42
36
79
26
70
41
12
69
9
72
87
88
77
66
59
0
84
11
39
9
21
96
5
73
50
53
70
17
17
83
25
11
71
57
37
93
50
50
63
12
74
2
0
52
20
11
4
4
75
43
65
96
40
71
21
42
76
91
59
45
27
36
57
50
45
46
44
96
48
59
8
75
61
60
79
81
24
83
38
99
78
3
95
70
74
16
12
3
60
71
48
39
8
57
89
53
4
33
1
52
44
9
79
5
22
58
39
46
41
77
45
72
80
40
42
7
8
7
62
68
30
10
7
90
68
97
96
24
82
97
28
79
59
8
84
81
66
75
27
60
52
24
32
85
16
26
44
24
33
6
45
64
16
52
6
36
1
2
60
36
0
89
15
11
97
51
92
15
27
71
75
31
95
7
68
63
34
12
39
19
18
84
35
87
89
42
23
42
44
36
78
96
77
45
7
26
49
99
41
28
22
17
59
17
24
80
32
10
92
72
82
63
56
17
50
97
59
25
40
56
13
18
52
90
16
12
16
65
11
10
93
86
27
52
55
3
84
88
66
77
60
48
40
68
65
42
66
25
19
6
33
33
76
85
75
92
97
92
57
61
2
50
99
81
55
54
84
39
42
50
68
54
98
60
23
16
2
41
93
74
47
26
7
23
63
82
68
13
26
25
26
80
28
25
61
83
79
98
74
22
48
43
76
99
55
51
67
58
92
60
84
91
86
91
67
1
25
35
14
52
12
40
32
40
65
46
75
45
44
2
19
44
97
95
95
52
99
62
62
43
74
46
35
60
89
54
62
15
41
28
19
53
69
3
46
34
49
73
79
45
75
98
90
24
46
37
77
97
0
91
40
74
90
75
87
79
81
1
46
22
29
65
76
98
21
74
85
22
47
64
68
75
15
10
51
13
47
28
10
99
72
50
74
62
78
13
41
59
14
88
82
95
5
10
46
26
84
31
1
83
47
69
10
62
79
62
27
78
42
37
78
14
88
52
28
18
17
70
77
83
10
11
78
67
73
76
46
57
7
47
93
55
68
3
69
47
17
97
25
60
34
55
26
74
59
55
92
76
77
22
59
39
33
90
58
7
66
4
16
26
3
61
81
71
17
2
70
34
51
48
46
86
3
25
12
63
80
57
39
9
79
51
0
64
93
58
71
11
15
40
37
70
53
70
42
70
73
12
57
24
12
3
62
16
28
27
79
60
84
70
21
63
73
73
27
18
32
51
30
99
43
67
69
96
38
63
67
11
28
24
87
40
79
2
56
60
29
87
72
13
10
94
28
35
67
55
54
51
58
84
2
1
51
72
98
89
35
65
52
63
41
40
4
20
94
12
80
23
0
53
88
62
99
16
97
18
71
51
70
82
35
72
83
87
96
81
28
84
98
81
47
39
73
3
12
67
68
44
42
20
49
30
82
48
46
79
67
69
83
89
51
70
13
35
9
10
68
38
94
67
71
93
58
96
49
70
15
17
67
57
89
16
87
71
65
85
2
84
54
37
73
58
8
38
93
17
48
13
7
94
80
78
40
91
74
41
13
41
10
80
98
99
97
37
22
62
22
24
98
29
14
23
87
22
61
80
91
62
93
99
8
26
77
0
17
4
41
30
45
51
11
96
50
60
33
72
74
8
49
72
37
15
95
24
37
8
56
28
22
49
27
31
27
57
31
96
61
73
79
58
76
42
54
79
2
40
51
76
48
52
0
85
67
47
9
56
55
65
37
78
66
64
61
46
73
44
42
86
69
73
45
46
15
51
25
17
43
28
45
91
33
45
28
52
92
37
9
0
54
46
30
73
62
91
19
36
87
13
22
57
87
19
3
2
71
80
72
14
8
69
58
93
15
86
46
59
76
7
59
30
53
89
55
67
32
74
3
20
40
26
77
79
97
32
33
68
64
5
35
72
27
93
18
42
31
64
53
7
71
65
90
76
54
45
43
39
72
99
11
12
77
40
91
74
72
76
95
88
34
