980
61
58
88
27
18
86
68
20
1
51
35
17
91
22
0
26
93
18
44
64
63
6
15
39
5
69
79
78
56
62
6
17
73
94
96
91
81
16
63
34
67
99
51
58
73
51
84
66
22
81
82
85
39
50
77
44
19
56
74
75
70
80
44
95
27
92
39
8
8
2
42
75
53
45
34
27
48
70
45
70
51
28
8
90
30
85
86
49
93
13
77
15
93
73
11
20
66
50
80
74
4
74
2
10
71
36
89
20
6
34
42
10
14
50
0
96
35
39
98
80
52
75
96
97
0
7
70
18
9
50
45
65
77
47
75
48
83
64
20
41
51
63
3
17
13
56
14
1
95
12
81
47
39
29
96
39
88
66
10
97
69
55
15
46
2
90
46
37
7
67
30
10
30
34
79
95
90
93
48
85
57
82
84
96
11
80
88
0
99
98
49
68
53
64
14
7
7
12
44
66
79
74
28
61
8
7
57
50
1
5
35
10
87
71
7
99
4
47
51
3
97
52
71
50
17
37
9
76
49
53
42
81
79
70
42
40
29
99
90
30
57
78
93
96
49
0
95
5
99
98
8
96
51
31
98
20
20
7
96
22
12
90
3
91
12
97
31
41
49
22
24
6
0
17
2
1
69
50
7
68
0
67
16
51
51
14
23
71
21
19
45
85
61
0
76
73
98
8
15
99
82
39
5
34
8
59
35
77
61
94
97
62
62
13
65
13
27
89
36
0
60
34
85
22
34
13
95
84
73
10
83
55
1
40
89
9
0
77
38
13
71
35
75
85
48
41
50
27
82
39
79
42
73
64
64
59
30
60
96
3
22
79
59
76
72
0
85
24
77
76
37
1
11
65
86
12
6
89
39
40
28
19
82
53
35
47
64
65
59
60
69
81
92
80
57
64
32
95
88
10
71
77
63
34
42
1
46
0
90
38
40
70
9
23
23
44
22
88
62
81
0
83
14
92
63
24
56
95
71
96
57
94
74
72
28
16
74
27
69
16
65
9
39
74
32
14
70
6
54
32
39
55
67
54
47
30
30
56
78
1
52
87
95
78
60
75
47
86
2
16
54
19
25
93
93
10
8
16
68
62
0
8
69
68
14
17
50
96
25
80
97
29
68
44
8
80
19
7
66
74
23
20
93
0
66
39
62
74
55
31
88
55
91
58
75
57
27
26
53
52
6
50
81
74
46
41
6
17
48
72
91
23
45
85
76
63
76
90
37
31
21
77
38
64
87
14
21
14
40
74
18
98
76
52
73
74
93
31
92
94
56
35
69
1
72
97
64
48
88
53
79
61
82
70
26
70
84
99
36
24
26
55
22
2
7
47
77
52
31
21
98
87
56
20
88
29
17
4
29
5
9
9
19
91
31
45
13
15
96
50
91
22
5
65
25
64
65
54
16
96
27
67
83
83
87
23
64
4
27
94
62
88
55
81
31
86
78
45
1
74
47
44
97
52
9
74
68
74
80
36
70
7
3
53
90
42
76
7
47
55
53
61
95
8
94
79
46
72
24
99
46
23
43
95
27
52
21
95
79
1
31
1
8
87
7
51
29
35
58
28
43
11
89
38
71
83
17
17
7
93
68
6
16
11
1
43
15
23
90
46
24
74
48
85
61
55
36
90
90
46
19
33
9
60
24
32
96
41
49
3
87
69
9
55
80
63
51
47
38
41
94
14
15
94
99
76
49
87
19
91
33
90
77
94
2
1
26
98
94
27
54
33
96
63
89
28
26
40
28
16
81
22
31
49
68
30
25
69
18
96
60
3
86
37
98
89
90
76
39
85
4
93
70
52
57
59
81
35
99
9
52
33
83
35
82
51
65
59
20
35
56
32
39
94
22
89
35
12
17
75
49
21
68
20
74
77
31
7
65
31
68
69
16
3
4
98
54
21
9
26
57
65
10
48
12
32
89
47
97
6
22
98
80
43
18
6
72
2
65
89
85
33
58
1
36
14
51
42
36
60
20
45
78
30
45
90
15
34
37
12
92
12
10
24
7
81
30
79
83
95
69
68
80
79
21
16
94
72
10
82
32
30
79
10
13
24
0
28
10
90
92
2
54
54
27
61
87
9
92
22
5
13
90
85
93
63
54
39
35
64
73
68
47
52
30
12
76
83
40
38
25
84
40
79
38
19
40
26
81
84
48
86
98
91
23
91
54
29
82
42
46
55
62
93
7
44
57
35
27
97
73
52
33
65
31
23
37
23
1
18
