322
63
49
32
0
22
55
35
26
75
77
45
65
34
56
29
82
5
63
9
36
25
31
64
70
27
48
14
20
6
66
23
69
68
7
21
42
62
56
68
90
33
65
7
20
22
36
2
27
51
11
16
77
42
32
99
21
33
14
41
91
32
16
12
52
75
34
95
90
90
63
80
76
81
87
48
3
76
50
82
27
13
50
56
7
35
8
29
20
74
22
11
6
91
75
59
66
9
6
56
52
21
88
80
2
76
28
57
4
30
92
31
43
94
40
50
29
0
31
1
74
54
12
32
97
40
91
15
49
49
24
53
71
12
85
73
40
13
31
44
43
23
28
38
69
20
89
99
20
20
52
94
26
17
26
75
57
70
91
6
71
67
12
42
79
97
68
72
63
99
16
58
74
96
97
43
16
38
94
88
58
47
82
37
16
61
12
73
83
55
31
54
22
43
49
54
93
17
26
56
68
94
14
42
91
63
37
59
1
84
48
12
83
82
49
99
95
13
72
78
21
3
85
43
99
34
49
92
3
27
0
71
22
14
65
65
78
54
76
31
38
24
43
21
59
92
72
54
58
44
33
79
0
70
74
51
56
76
43
59
3
43
82
77
9
47
94
39
1
71
71
92
47
14
65
6
59
38
61
17
34
94
48
86
16
74
37
72
50
80
83
54
75
65
31
85
12
26
76
65
49
47
57
96
62
75
3
21
13
64
90
99
10
38
86
26
64
23
50
15
56
33
69
