275
78
6
60
24
76
24
37
46
35
23
51
9
68
26
16
24
67
95
36
42
23
70
93
85
89
57
90
54
60
81
54
90
87
14
15
64
90
4
10
25
27
14
35
48
40
51
24
59
98
60
1
22
30
47
59
72
4
50
78
16
31
32
6
70
98
73
34
89
77
97
14
57
11
49
57
3
53
81
14
51
94
68
73
24
15
33
96
71
35
74
87
18
58
45
88
57
71
23
46
0
20
60
9
83
62
66
38
15
48
4
18
94
72
92
18
39
77
67
10
12
93
49
30
52
47
18
61
70
93
7
70
65
19
80
48
81
98
38
48
98
43
67
92
67
11
63
7
88
30
69
52
75
71
34
79
70
52
40
40
98
99
62
63
19
94
64
52
93
2
53
91
97
72
36
65
83
99
24
23
29
45
75
56
16
9
36
38
13
28
78
11
28
93
27
99
87
91
3
32
93
56
76
43
28
12
8
63
11
84
38
92
29
65
48
46
26
36
84
40
65
15
3
45
60
30
44
47
21
99
32
67
56
8
10
36
20
70
52
83
54
90
75
83
56
75
81
82
12
18
74
29
85
78
74
45
60
70
44
34
69
76
53
77
36
15
14
8
85
66
91
91
56
18
26
12
