513
76
21
27
60
3
47
76
12
90
72
36
33
86
85
50
56
93
83
24
20
88
68
6
24
7
26
37
9
93
71
89
21
92
16
33
47
63
9
59
5
33
47
38
19
85
89
75
30
24
52
51
12
20
9
88
79
87
26
88
32
49
77
53
41
45
38
88
9
47
99
14
81
99
53
52
84
94
80
66
18
32
17
30
52
79
19
32
66
97
72
99
98
2
4
39
47
43
79
8
42
30
75
23
29
28
76
65
74
56
32
92
40
1
74
92
80
45
76
99
94
1
98
92
3
54
83
2
97
62
11
40
45
86
15
26
66
43
92
40
51
76
84
91
29
58
36
62
4
64
61
50
65
11
43
20
65
26
23
15
41
34
7
86
72
22
12
38
18
56
30
69
84
14
13
14
24
1
76
80
65
37
31
83
48
74
3
65
52
78
80
93
64
87
31
36
62
96
26
80
4
56
1
89
22
66
3
47
67
79
79
33
68
10
68
68
36
71
33
41
2
66
34
66
5
18
3
67
66
81
99
70
38
53
59
12
19
62
11
39
93
91
72
61
53
92
29
90
15
15
31
17
81
17
84
38
87
39
6
53
20
57
24
10
10
83
75
82
98
86
21
91
77
45
53
83
37
34
73
52
49
56
22
82
25
58
21
13
97
79
18
69
36
42
32
99
78
59
33
76
45
54
19
75
51
24
58
88
59
83
92
60
91
14
43
16
72
16
81
21
95
0
43
83
94
27
34
72
86
67
0
83
73
20
58
24
44
68
12
55
51
57
16
42
23
11
11
48
27
92
21
74
92
64
9
87
43
44
11
29
11
64
65
85
36
23
61
32
92
74
88
95
83
56
38
6
67
49
54
46
93
76
20
86
92
29
25
36
25
88
17
89
52
34
74
88
58
35
21
2
61
61
97
44
17
87
3
84
88
57
30
82
85
2
20
30
83
45
18
9
33
87
98
38
22
24
26
80
11
99
34
25
60
31
21
77
71
24
61
59
34
43
93
71
97
13
1
81
10
19
42
96
7
92
34
29
16
12
61
79
12
95
4
72
78
26
50
1
2
63
61
88
59
6
60
8
72
61
41
34
33
83
30
92
75
16
21
43
29
34
23
93
81
27
17
11
5
19
13
8
35
26
96
94
84
56
54
56
70
96
91
3
79
73
