362
7
30
44
8
62
90
31
85
24
0
42
33
94
37
56
63
16
48
21
63
88
43
69
98
47
81
56
19
39
67
42
46
97
86
54
59
76
38
96
53
38
39
38
32
28
47
96
44
95
69
60
36
12
29
34
12
10
42
31
1
9
73
47
6
11
2
18
40
92
14
93
30
5
83
14
33
82
62
78
30
32
38
66
44
19
0
56
81
95
40
83
4
65
82
63
77
36
81
17
28
47
62
58
53
97
25
86
80
87
16
10
19
6
76
16
25
28
24
59
23
64
42
80
82
76
43
59
13
76
76
41
75
90
52
28
87
77
67
67
64
83
77
84
90
5
52
67
34
76
78
9
93
72
89
75
49
84
34
62
12
62
3
88
52
7
68
39
84
35
59
1
19
88
37
61
94
89
80
80
65
59
89
58
31
31
33
80
15
19
42
28
81
98
68
33
5
36
25
42
72
36
43
43
24
80
56
70
69
36
50
86
47
92
45
79
23
30
11
90
50
54
70
83
4
38
69
61
27
94
3
99
30
98
94
6
78
50
77
99
38
79
86
86
71
83
65
94
13
76
37
15
82
7
99
38
98
68
0
25
14
55
76
96
54
70
2
84
72
79
84
10
59
22
96
82
5
61
29
70
90
66
86
24
73
37
63
71
57
63
48
71
18
24
67
24
94
21
9
18
53
93
29
64
15
25
46
72
39
75
42
81
41
80
5
67
69
68
90
26
83
39
49
54
63
16
30
10
90
39
28
43
84
9
7
51
35
53
23
26
81
18
7
74
50
64
41
20
85
84
46
20
75
96
26
90
64
57
0
54
96
81
49
