666
1
85
74
44
43
90
33
5
31
61
93
20
15
17
62
61
42
87
26
19
44
10
33
55
27
76
52
83
92
74
88
93
59
62
89
54
5
23
60
36
84
5
8
99
74
23
12
17
62
91
88
58
1
21
13
80
50
65
16
42
92
4
88
3
66
77
58
23
0
70
11
36
27
20
87
1
95
52
70
57
43
59
16
96
32
81
77
82
47
93
25
91
49
13
94
15
42
4
91
95
26
54
83
53
74
71
7
69
75
77
79
18
88
95
66
21
76
95
3
75
88
80
66
37
45
13
5
88
17
48
83
44
2
18
49
29
89
56
50
16
86
29
86
74
76
53
47
5
48
51
32
89
31
99
78
29
64
35
17
81
83
52
77
38
70
27
67
12
35
69
28
73
99
67
48
27
20
47
32
68
98
65
9
82
16
88
11
32
75
80
13
11
32
91
49
54
70
68
18
57
37
47
31
88
66
31
16
86
78
0
6
77
17
16
11
85
56
22
17
31
2
83
42
86
26
43
92
96
63
11
53
1
10
36
41
76
67
57
14
46
10
20
75
27
88
38
65
44
60
82
28
14
65
22
52
91
18
96
39
81
7
45
82
69
81
24
45
49
33
59
47
43
32
22
23
20
60
88
17
72
22
45
38
40
19
42
83
37
38
23
71
46
68
53
67
49
29
65
50
15
76
97
10
8
71
33
81
83
73
98
55
48
95
45
88
66
87
71
4
26
46
75
24
14
80
91
16
62
8
66
77
85
64
87
93
35
73
74
19
98
24
26
46
19
24
86
86
11
58
42
89
4
69
65
71
49
9
87
63
17
53
92
2
69
32
48
5
5
74
76
55
99
54
54
70
30
40
56
94
98
50
83
55
19
1
26
21
10
65
36
27
18
29
82
88
61
30
45
18
4
73
73
55
79
27
26
10
20
34
4
70
85
39
25
56
40
3
77
50
68
14
30
39
95
64
79
56
46
24
74
50
49
99
58
28
79
84
38
99
18
94
69
55
34
47
12
74
50
41
77
71
7
59
10
2
23
89
58
69
65
84
71
14
84
29
94
15
65
33
14
36
27
35
91
13
82
55
88
85
49
65
56
56
76
18
59
99
59
69
68
24
54
91
90
90
21
84
5
38
69
71
74
49
6
18
62
41
73
50
26
22
67
34
31
43
52
90
94
11
11
14
87
65
6
77
7
27
61
12
17
31
83
92
80
42
62
94
35
87
97
61
62
16
95
93
60
99
35
6
10
46
21
97
64
27
26
71
6
87
84
23
70
19
67
2
13
29
97
48
17
46
61
79
62
8
72
74
7
7
81
69
5
2
18
69
81
44
41
87
84
77
10
54
48
30
9
62
59
6
62
76
4
24
7
66
32
79
41
40
38
22
61
44
76
80
65
57
24
6
44
8
83
6
15
32
36
24
46
48
82
8
76
86
84
84
52
17
15
93
9
54
67
70
50
43
2
15
0
79
74
96
87
9
55
54
93
43
78
39
91
12
0
68
98
84
52
