932
10
91
90
99
33
19
87
11
18
15
81
51
70
99
73
20
92
38
29
73
83
17
68
72
30
72
9
92
47
27
29
57
70
71
8
3
90
95
67
60
11
48
11
33
48
36
53
92
26
35
17
10
4
86
82
34
10
43
26
57
22
7
66
93
78
74
96
20
21
15
32
84
64
96
18
64
32
23
56
59
58
74
69
63
12
3
49
22
46
28
31
69
35
49
62
66
23
10
86
44
26
19
81
42
15
99
6
99
22
14
58
33
40
27
48
4
82
97
78
29
77
9
50
13
58
64
31
33
26
17
30
4
88
11
46
55
10
4
55
84
71
13
17
63
93
65
68
75
15
46
56
92
8
58
5
18
22
88
52
1
58
82
5
46
45
52
54
7
8
61
91
31
26
61
95
19
26
15
47
41
61
55
34
21
14
91
40
88
80
92
89
38
26
95
36
23
99
42
30
7
3
73
39
30
34
86
1
61
1
0
54
14
56
40
36
22
32
76
10
64
20
0
54
98
47
42
21
46
85
3
5
88
76
96
70
11
82
72
24
35
72
78
2
80
19
38
2
3
66
65
19
38
17
73
36
64
15
9
62
0
12
67
41
88
16
11
51
50
35
75
38
60
6
40
40
77
30
95
80
48
12
51
86
29
24
74
45
91
35
7
44
47
26
37
87
94
48
39
45
36
66
83
96
72
75
88
49
5
35
81
53
47
32
91
28
8
65
73
0
0
32
96
99
11
33
38
5
33
77
2
69
96
37
65
68
12
54
18
69
89
51
22
89
84
13
17
44
30
91
44
82
75
92
33
86
25
72
92
11
1
46
80
97
84
98
18
48
52
88
18
93
39
92
34
75
6
52
20
88
95
16
71
70
9
56
57
86
28
1
97
82
47
78
79
83
76
97
84
80
85
2
25
77
94
60
52
52
12
72
93
7
89
16
29
50
72
86
36
53
87
86
35
87
64
66
22
92
16
6
24
1
8
49
30
55
61
83
59
25
7
52
84
48
68
14
98
93
0
87
46
40
73
81
79
89
99
1
81
15
8
5
17
68
6
99
75
68
82
87
93
42
39
78
90
60
44
89
5
44
76
51
36
1
84
67
90
83
21
71
99
81
28
68
49
34
67
77
54
2
64
0
44
55
78
86
67
22
75
72
18
3
75
7
56
11
26
46
47
47
69
98
28
97
66
30
84
85
7
90
39
23
90
35
78
20
22
98
94
49
22
65
5
50
72
61
61
98
8
8
98
77
58
26
27
24
56
63
62
15
53
1
38
96
89
69
16
11
67
11
60
41
28
65
91
52
79
5
2
39
65
0
16
24
27
95
48
83
10
62
99
64
16
89
60
5
58
28
16
77
91
28
19
19
46
10
71
25
15
74
64
81
74
32
57
53
80
5
37
90
20
88
54
36
77
66
41
88
95
57
65
86
85
84
6
83
47
29
8
14
3
72
95
30
57
52
83
37
10
72
27
30
12
82
18
90
0
59
30
95
16
95
34
53
80
92
37
79
21
97
93
77
22
41
7
79
93
90
16
55
15
95
37
27
29
55
69
30
14
99
77
82
95
11
88
27
3
77
6
77
74
99
54
96
40
61
75
86
3
43
93
70
39
83
98
68
38
67
50
5
67
28
39
14
91
27
41
95
56
99
24
31
98
78
27
91
91
55
29
46
50
22
17
41
57
67
62
96
34
12
53
53
40
44
67
32
24
8
79
80
7
3
11
58
33
91
1
76
98
30
22
0
4
91
42
62
58
4
10
45
16
63
98
9
59
18
93
83
78
24
64
86
79
27
96
64
70
97
40
68
27
14
69
83
58
11
45
16
67
55
13
35
18
64
96
78
82
89
13
60
65
77
98
44
57
94
60
27
43
0
96
22
67
17
6
25
80
51
93
47
7
7
82
77
71
79
7
5
20
73
65
38
50
64
34
7
10
95
35
6
95
83
28
62
0
34
39
80
38
33
79
97
40
61
26
63
92
86
68
65
59
85
3
9
1
89
69
12
84
56
70
32
91
98
46
43
85
86
23
75
19
2
72
11
15
98
74
60
36
94
77
95
79
80
57
81
21
26
45
6
34
15
90
25
65
36
68
2
74
43
77
93
97
