664
87
18
54
61
36
60
13
17
28
9
79
64
97
87
47
92
4
46
34
66
31
66
79
49
38
37
44
31
44
85
40
32
3
94
93
39
55
58
56
35
19
87
99
16
74
99
61
31
45
47
97
28
13
28
29
52
65
74
35
62
11
75
94
14
22
39
5
29
50
13
64
69
0
15
38
27
66
51
10
11
98
59
92
11
39
21
15
4
47
2
18
58
78
12
24
52
4
81
81
6
46
45
75
99
60
65
26
27
16
88
90
14
47
34
78
86
8
93
42
7
96
61
66
26
25
42
30
81
76
11
87
22
8
15
21
20
80
99
47
49
87
90
15
86
76
93
24
84
39
67
92
87
28
10
13
5
4
43
87
80
6
74
55
14
41
28
34
22
28
34
23
67
76
38
54
52
32
78
37
71
97
81
58
77
91
23
83
47
18
22
28
76
96
35
42
38
63
76
12
91
62
35
11
38
25
17
43
57
47
80
80
45
13
90
74
4
65
57
3
35
31
31
11
28
66
53
18
82
82
82
73
44
69
36
35
94
53
78
52
1
10
84
46
23
75
72
79
92
30
82
28
61
66
39
41
84
45
11
66
27
93
92
23
62
28
58
57
82
88
61
83
98
97
81
73
72
53
52
65
35
87
45
49
53
84
42
89
29
6
56
56
99
48
32
14
28
90
23
10
31
36
45
81
33
26
55
58
32
59
75
19
98
20
20
3
56
63
93
86
69
49
94
20
49
26
86
77
69
9
40
0
97
85
81
31
64
88
41
96
48
16
67
98
36
88
2
92
3
95
30
72
96
77
44
45
3
31
74
24
92
14
76
90
52
10
21
16
98
62
12
98
30
79
97
18
67
99
62
70
46
93
94
42
70
91
39
25
22
13
2
14
80
78
56
32
88
77
48
39
91
12
37
21
43
86
91
11
85
54
33
31
99
80
25
21
23
64
46
45
30
0
11
10
79
68
94
19
97
94
58
41
6
96
14
49
34
6
12
20
60
98
3
59
30
29
32
53
45
78
50
75
31
13
37
10
33
83
29
31
77
88
24
35
36
38
85
70
44
49
42
56
99
98
67
29
79
99
34
24
30
84
52
61
98
89
71
31
73
52
14
2
92
38
38
80
77
75
3
73
76
97
30
76
95
97
57
26
97
92
3
27
28
55
40
78
96
11
62
21
15
76
24
60
67
14
40
96
89
95
69
17
93
51
93
40
1
51
67
98
95
70
77
23
77
17
54
73
80
16
47
47
44
23
7
11
37
0
59
78
95
81
95
40
32
41
81
33
44
0
83
39
22
60
14
99
29
20
24
61
36
71
9
81
46
68
44
83
68
4
13
16
85
9
56
69
2
89
3
46
89
86
37
11
99
3
62
80
24
39
42
60
10
3
93
9
71
90
92
92
94
58
60
31
19
68
0
21
58
55
67
99
94
56
63
45
59
25
77
35
16
19
48
27
74
93
88
98
83
80
90
29
38
2
60
57
70
13
30
80
20
49
32
66
5
