195
83
20
33
24
48
15
6
59
21
10
63
37
48
57
85
65
30
23
28
44
48
48
2
46
94
95
47
42
72
40
57
7
12
90
31
61
58
37
20
79
99
35
68
47
92
6
65
75
81
45
71
29
45
73
75
39
69
75
82
93
67
39
53
31
81
84
92
39
74
64
71
73
52
91
21
96
97
86
71
79
83
42
60
28
68
88
68
89
15
2
34
34
93
87
65
74
72
10
66
98
74
89
71
78
80
92
75
30
30
98
61
13
93
21
42
13
61
62
2
76
64
88
62
57
76
28
31
0
38
49
98
64
38
69
43
71
14
18
1
96
16
62
62
61
35
4
74
49
18
76
77
82
17
40
39
93
68
22
93
6
24
43
70
62
12
65
85
78
83
86
75
52
0
37
13
88
93
88
37
11
16
14
45
33
6
84
78
74
58
23
32
82
66
55
97
