715
76
77
84
10
60
66
62
65
84
58
97
28
46
0
91
12
83
82
35
19
40
88
43
86
59
66
89
48
71
84
28
48
13
12
58
25
78
20
90
15
30
87
43
29
87
34
41
71
69
76
42
9
17
37
47
76
55
88
76
26
24
4
74
38
17
33
63
47
5
54
14
88
93
57
17
81
44
58
4
65
86
46
74
55
83
74
83
38
62
59
64
87
16
91
77
33
76
40
32
81
46
47
69
40
56
38
73
52
48
77
17
35
75
44
42
10
70
26
0
32
85
64
71
1
55
0
86
31
93
71
65
91
70
86
31
78
25
56
31
73
85
0
60
60
44
3
22
14
29
22
99
66
87
22
20
94
23
58
78
68
29
95
59
99
81
43
78
58
99
61
32
37
61
44
97
58
47
72
24
28
94
75
95
33
98
15
28
73
73
58
41
55
53
52
6
86
95
36
45
47
97
29
84
11
73
33
69
21
5
45
49
0
21
96
33
19
63
13
44
89
23
37
44
28
89
2
15
85
39
12
84
88
41
68
99
66
53
20
87
59
66
89
11
87
37
44
58
1
10
2
90
33
91
34
14
80
88
29
17
27
93
53
16
86
21
67
52
75
40
92
86
6
33
97
45
70
93
55
71
3
9
61
89
0
47
3
32
36
84
50
15
77
3
83
15
77
51
67
4
43
59
90
1
44
87
46
15
80
1
86
36
62
0
25
62
99
80
94
87
16
96
3
45
52
86
60
29
89
27
85
32
39
75
33
83
14
31
50
94
84
37
82
46
89
59
60
40
39
55
28
55
3
83
0
55
21
60
36
63
40
21
95
79
48
81
14
62
64
65
9
1
54
91
99
95
51
60
35
42
67
15
50
70
98
50
78
20
63
66
83
3
40
30
34
88
63
0
3
80
65
64
81
71
55
32
66
58
92
2
53
11
17
3
34
68
5
12
40
68
30
23
23
70
5
9
11
69
10
66
1
27
30
82
51
37
14
17
48
59
71
1
70
41
4
56
9
9
20
49
30
51
24
5
73
29
15
84
50
77
2
51
56
32
85
7
22
52
25
70
63
48
71
85
89
27
42
50
88
62
99
70
65
75
76
39
5
43
75
7
72
78
11
28
62
48
88
84
0
65
6
15
13
29
1
3
56
43
5
97
57
5
67
23
80
95
62
37
90
89
97
62
67
8
91
30
56
31
66
9
96
73
24
9
2
25
64
11
20
70
60
30
27
79
5
59
75
19
97
65
8
46
80
76
54
23
58
62
54
76
71
50
49
48
59
4
25
76
67
46
46
27
28
25
6
33
84
33
52
33
51
60
79
31
88
85
54
98
48
8
75
19
58
76
19
69
32
45
97
99
43
43
26
71
20
85
56
5
18
8
38
69
20
70
0
61
55
6
59
3
14
86
75
24
15
94
46
47
39
43
47
82
39
25
5
59
10
61
64
81
21
55
2
42
25
55
55
32
61
66
36
28
53
63
52
68
9
98
67
49
94
14
83
33
92
89
92
54
2
9
35
24
16
38
18
93
93
25
25
6
91
61
34
96
76
87
16
86
37
84
87
83
50
70
16
42
11
61
97
66
70
84
42
86
22
60
79
67
85
56
74
28
70
8
25
46
