358
59
85
23
36
89
49
69
12
78
53
60
16
83
80
17
15
8
67
11
13
62
22
67
3
20
32
66
23
25
44
26
84
81
1
20
70
3
90
34
81
95
47
49
79
79
19
46
87
86
57
0
0
79
67
55
51
51
73
27
76
69
53
61
50
6
33
72
9
75
59
43
71
58
92
2
37
11
0
76
49
57
76
1
88
96
8
40
99
81
67
76
50
20
89
52
26
22
25
88
98
36
31
21
94
23
75
31
87
75
7
88
84
35
42
72
83
50
12
83
84
79
11
86
51
0
39
30
22
16
18
72
52
1
45
98
24
20
81
63
47
40
4
31
27
46
4
11
48
68
46
84
0
9
71
51
9
62
33
83
30
3
8
34
4
53
84
81
26
65
96
73
5
0
5
32
98
61
95
47
29
93
31
29
2
54
33
63
68
18
47
50
22
55
36
78
60
20
11
86
85
8
12
42
8
17
75
7
30
22
6
59
16
89
41
70
96
74
34
16
92
33
67
66
40
3
97
0
24
8
39
61
68
51
4
77
20
31
36
50
53
94
61
21
83
2
44
31
28
30
48
73
63
15
91
55
70
88
7
46
49
46
8
17
49
64
46
69
47
34
19
0
28
33
74
12
35
18
43
16
48
43
89
63
58
32
70
81
21
77
27
22
76
87
39
25
51
38
95
98
72
66
51
1
99
77
65
87
47
60
55
47
4
44
10
14
76
32
95
49
9
23
23
85
62
15
11
14
53
58
64
25
76
67
78
76
44
95
15
91
56
70
90
12
66
0
78
94
32
74
44
94
49
67
31
11
82
94
77
