862
82
96
22
91
37
88
69
8
66
3
55
24
76
57
63
59
36
68
34
95
73
74
20
66
97
13
34
83
0
26
70
82
22
92
73
11
32
94
19
99
97
74
75
26
84
38
85
20
7
19
15
80
94
87
98
91
0
32
26
0
59
48
82
33
41
7
45
25
2
16
76
51
43
51
77
27
90
63
99
49
82
14
81
28
1
79
71
54
63
98
54
74
46
89
60
39
96
5
65
50
73
41
2
16
45
79
43
35
94
42
36
77
8
17
57
62
96
29
16
11
79
22
86
77
63
46
17
60
3
34
10
76
27
64
45
72
44
40
59
38
35
95
67
43
12
77
57
60
6
25
72
85
48
10
62
11
8
31
23
11
17
86
39
45
50
84
17
46
25
29
37
60
24
56
55
89
33
13
1
91
90
25
28
38
35
91
2
43
74
77
6
92
15
46
89
18
82
6
64
7
87
53
19
64
62
75
53
95
40
6
39
30
32
67
21
19
10
75
63
85
52
21
29
68
19
18
86
2
76
2
9
64
8
29
28
70
56
33
17
96
39
56
78
71
76
99
43
86
74
6
23
79
79
52
47
99
22
85
1
99
39
62
15
99
43
95
69
99
28
39
47
19
47
26
43
23
25
86
10
52
44
85
31
23
38
30
74
60
67
75
11
6
38
26
58
33
73
27
33
1
18
80
73
66
58
16
41
84
2
3
88
98
89
19
21
27
49
48
39
16
23
3
74
13
81
32
47
55
12
32
8
30
64
81
48
23
49
90
59
3
93
47
1
82
66
75
61
67
23
53
83
46
56
57
12
37
90
11
44
2
43
53
84
7
86
33
82
36
75
93
39
20
92
41
3
58
16
16
25
91
69
60
89
77
18
1
67
60
12
11
14
7
16
98
67
3
83
1
91
58
95
30
79
87
23
34
98
91
2
75
82
72
36
72
1
6
73
68
66
38
32
80
97
48
30
64
3
14
18
94
72
13
77
3
52
0
89
50
92
92
78
74
64
66
46
17
72
72
86
90
62
70
22
59
70
52
76
74
18
94
20
43
59
49
46
11
50
36
14
94
28
92
68
44
58
67
13
82
39
99
72
1
69
46
12
92
50
88
66
69
34
38
12
93
88
10
5
90
98
71
84
78
15
52
22
73
71
36
7
62
87
31
63
9
77
28
1
27
16
19
48
51
9
60
96
49
71
1
39
69
24
23
48
39
28
22
64
99
10
71
62
50
2
77
11
31
5
12
59
74
83
59
77
44
20
73
94
43
27
33
64
51
9
64
43
37
39
7
88
49
79
2
51
33
32
62
65
89
26
76
15
61
35
92
6
7
18
0
2
45
33
67
48
94
31
91
83
70
51
72
72
82
26
75
15
10
38
32
0
16
60
15
78
48
60
84
7
78
84
10
75
69
77
23
16
60
67
99
83
18
23
55
52
50
30
19
12
20
52
64
37
64
80
15
12
92
51
20
22
87
30
97
56
59
72
72
19
91
24
2
61
47
9
13
49
92
33
62
12
37
26
1
1
58
68
66
50
19
86
24
6
68
21
15
27
46
39
98
37
63
1
99
11
62
64
12
54
97
74
19
86
53
72
88
11
41
54
14
12
92
38
71
60
12
38
39
58
29
37
95
93
90
46
56
53
63
20
59
60
95
30
47
48
3
87
11
96
93
25
8
85
16
31
97
28
21
36
86
51
25
33
96
68
32
4
73
95
24
84
7
19
15
54
19
18
93
31
14
86
8
74
71
24
58
68
52
79
56
90
30
34
24
78
2
56
82
27
3
7
11
10
78
26
17
98
96
10
81
62
97
41
89
20
18
47
41
22
78
49
13
61
83
89
39
37
97
22
16
0
81
28
10
59
54
27
9
3
38
90
65
87
84
54
59
2
53
0
24
32
2
37
93
37
78
84
27
75
58
43
75
39
71
86
99
78
65
8
81
3
51
46
42
