709
44
41
50
88
63
44
46
51
9
23
57
52
26
57
35
31
58
63
31
71
21
67
92
69
8
97
33
18
48
79
74
45
73
24
33
36
20
31
39
29
54
97
33
81
6
20
64
16
35
95
88
57
15
32
26
23
30
11
94
30
43
68
27
16
44
61
4
64
44
44
45
99
93
78
32
51
51
48
67
86
95
7
43
10
40
21
86
22
33
80
4
28
48
32
44
92
45
48
8
89
44
5
40
89
35
72
40
86
72
60
25
68
19
68
78
59
42
64
33
27
96
38
55
96
22
51
88
67
99
48
56
96
53
49
85
41
73
78
27
46
38
52
14
57
73
92
69
67
9
2
94
57
40
1
54
62
52
94
81
3
43
90
99
48
39
37
89
12
15
69
58
53
73
72
62
46
17
31
65
78
86
11
35
26
12
89
41
16
84
22
20
79
12
71
79
3
8
21
16
23
90
74
28
63
99
91
62
68
74
27
46
60
39
33
39
3
75
32
20
11
54
92
42
19
63
21
22
72
42
90
95
84
17
24
48
16
67
62
36
93
41
34
54
80
67
45
36
94
77
56
5
83
48
47
54
11
21
77
35
63
19
83
0
36
7
48
4
26
62
40
19
3
74
25
36
42
22
72
36
99
28
94
35
28
93
89
91
14
18
27
30
38
62
30
74
21
78
79
47
92
19
18
95
46
96
31
88
18
55
76
70
35
22
5
63
16
46
7
30
65
86
60
55
48
90
81
69
20
12
68
12
32
86
60
30
82
43
18
53
99
46
23
86
69
80
50
37
78
9
67
95
95
80
50
95
70
32
16
43
96
84
7
28
70
67
10
5
63
80
10
14
27
33
0
48
65
2
37
43
11
4
91
58
36
41
5
7
25
21
2
22
5
9
2
28
29
13
85
44
93
95
58
72
80
58
72
45
61
9
40
24
66
31
35
2
25
40
61
2
62
63
24
19
25
79
99
6
44
84
50
37
79
60
62
59
70
34
56
83
96
49
8
62
32
95
64
57
35
78
60
49
41
36
21
18
15
20
76
11
5
26
49
36
38
63
48
9
49
56
92
45
5
52
7
38
47
24
47
35
2
59
84
95
96
57
14
63
78
42
75
35
69
76
23
59
39
71
68
40
28
61
86
85
13
45
75
13
69
23
48
23
82
32
19
30
42
85
94
20
27
21
7
48
97
30
8
88
54
28
28
82
41
14
19
55
12
95
20
81
70
68
57
4
52
28
35
94
13
29
66
92
50
73
93
99
4
53
87
58
81
67
92
23
34
63
30
46
10
50
79
80
70
36
85
22
64
20
69
29
1
35
74
3
9
19
2
65
72
41
75
5
60
19
28
94
82
10
92
45
12
72
25
82
60
62
57
77
34
26
6
35
13
32
90
74
51
44
39
75
85
66
81
98
37
61
92
72
72
85
17
84
9
42
19
69
57
76
46
91
54
5
27
67
37
69
42
41
14
33
68
51
52
49
49
89
11
42
61
35
79
78
71
88
73
90
57
30
18
56
21
72
61
0
40
50
70
34
43
84
67
12
35
19
61
85
61
24
79
22
11
10
1
83
50
74
25
59
56
44
15
77
68
76
30
8
27
52
94
70
