244
28
55
22
50
78
71
1
29
23
12
88
51
10
73
52
60
47
89
43
71
28
99
80
56
49
41
14
25
49
17
84
77
72
7
79
3
30
81
84
5
45
73
56
56
46
8
16
93
50
59
65
78
10
45
86
59
38
52
36
39
69
20
68
94
79
48
97
61
81
81
66
26
6
74
82
52
35
50
98
85
61
63
15
71
60
1
82
50
53
18
42
22
91
10
68
22
58
65
84
39
99
50
18
5
25
0
10
60
3
8
97
64
23
12
36
35
13
18
37
66
89
79
40
32
90
61
6
0
26
90
40
77
93
10
83
70
10
45
30
65
53
79
30
28
91
66
63
56
36
0
22
77
80
14
61
22
75
68
22
54
10
14
83
3
24
66
25
87
63
7
52
16
86
82
44
77
0
59
33
89
60
7
18
92
74
80
14
1
48
36
7
10
3
91
14
27
9
39
14
73
47
19
41
85
1
86
63
54
97
48
95
9
8
13
1
82
93
67
83
93
4
43
4
7
34
70
86
43
61
53
16
8
72
10
94
25
48
9
79
45
57
74
55
65
