883
52
84
4
13
72
14
13
60
12
70
14
89
49
33
40
45
99
84
50
62
90
99
93
40
16
77
87
68
76
37
47
80
22
52
94
94
18
59
6
82
81
21
72
30
6
64
27
57
48
78
20
91
29
13
31
98
42
18
66
71
56
14
51
30
66
97
24
36
56
31
19
37
4
43
20
10
7
47
67
7
25
39
98
7
5
82
5
47
0
71
18
8
85
22
38
3
19
63
92
76
46
11
65
2
6
85
12
65
85
31
72
62
23
23
69
28
5
74
27
5
98
46
14
83
68
52
39
39
67
31
67
13
94
33
67
0
70
31
65
55
63
89
18
38
12
87
66
17
14
93
75
12
91
41
95
11
45
86
3
13
17
70
78
63
3
46
63
74
77
80
81
92
70
99
82
34
87
48
4
1
94
79
13
37
72
60
1
17
99
4
82
16
74
13
32
30
11
95
4
40
76
85
85
98
37
67
32
76
68
36
77
14
67
42
51
91
54
52
9
53
56
43
22
83
8
54
13
19
1
69
60
29
6
97
27
43
64
12
19
84
0
48
98
68
42
50
11
97
54
20
2
63
16
24
46
24
30
59
96
32
80
8
61
86
5
41
30
21
5
1
6
5
50
4
25
92
6
37
41
61
9
44
24
25
20
22
2
51
81
98
35
13
6
48
99
11
41
81
84
46
83
90
52
85
95
29
77
1
66
71
14
28
67
38
53
87
60
7
90
93
5
77
58
63
26
58
26
19
39
11
66
74
53
70
59
48
99
89
2
18
12
16
46
79
7
51
18
19
59
9
65
16
38
23
32
16
33
58
36
25
21
2
99
75
24
11
75
75
52
29
93
64
46
91
43
5
43
61
76
54
22
93
22
61
69
54
77
2
65
65
27
86
67
79
13
43
90
89
19
94
18
64
58
16
56
53
73
99
66
2
5
41
95
27
54
64
34
31
19
99
97
46
37
16
77
3
12
19
44
31
13
14
95
23
83
3
76
56
54
95
58
59
36
6
39
90
22
73
73
41
24
22
88
61
91
65
64
3
85
8
34
50
23
81
74
6
85
2
14
91
97
25
51
85
31
90
27
5
15
53
47
39
75
35
0
66
52
17
21
89
77
55
40
52
89
14
10
26
68
77
17
18
2
20
3
85
10
83
90
77
88
37
16
15
24
69
34
29
86
55
18
15
63
58
68
52
24
30
30
93
7
47
11
61
20
66
46
82
1
89
60
89
78
76
5
3
45
39
32
83
94
2
99
9
13
19
61
89
49
43
34
57
43
97
18
63
64
17
45
17
58
5
59
36
82
16
91
79
7
75
63
53
78
62
63
43
81
76
32
82
20
67
91
63
64
62
78
80
79
75
98
89
81
9
25
15
25
17
94
32
44
57
85
22
71
48
65
4
25
98
87
97
17
78
12
81
40
90
62
71
65
12
60
98
21
86
65
46
55
60
30
99
69
15
74
93
16
91
97
93
41
84
90
58
15
2
40
7
44
2
79
61
66
91
12
87
29
77
85
84
89
15
36
59
82
10
52
98
53
1
91
95
38
33
53
53
87
93
60
83
47
91
45
13
83
9
52
12
86
37
49
76
4
85
87
87
47
39
37
0
92
81
47
30
14
1
83
2
94
96
85
94
87
82
7
22
91
60
87
30
49
36
6
54
73
93
41
72
84
78
24
76
59
72
7
26
73
42
80
19
38
65
13
78
0
73
52
43
85
39
73
34
75
79
88
48
24
29
20
60
60
45
37
71
69
96
97
42
38
77
61
29
95
27
59
47
0
11
90
85
51
64
19
78
95
8
79
20
89
51
32
1
48
69
25
17
17
22
59
8
52
73
89
99
0
48
46
0
11
36
37
62
52
56
93
48
16
72
20
58
23
52
11
72
74
36
89
91
11
49
51
15
74
40
14
74
88
12
26
52
0
63
14
53
71
59
1
40
31
21
50
55
25
61
79
99
50
68
91
61
69
94
28
43
35
42
17
75
6
43
27
6
58
