602
32
64
4
35
55
32
97
70
83
12
50
87
28
72
60
43
59
43
60
27
16
98
12
88
82
76
89
65
8
95
67
41
59
71
28
66
56
25
36
39
90
39
26
70
11
38
13
23
81
25
2
97
75
14
85
57
91
26
74
51
21
41
92
32
65
72
99
21
50
87
12
40
26
38
10
90
76
75
13
10
52
15
59
79
30
97
88
73
23
62
24
97
3
69
29
68
41
80
41
43
68
53
83
94
43
45
84
72
72
49
82
76
65
93
55
47
90
43
20
14
5
44
11
9
13
92
29
7
73
71
50
41
24
86
87
20
83
24
92
8
25
74
84
90
67
40
89
10
83
9
24
89
6
87
50
71
79
79
30
52
50
33
45
27
19
85
47
54
61
91
62
86
65
47
29
84
87
18
46
22
80
70
11
86
57
13
9
89
93
40
41
95
73
39
74
44
76
73
98
37
64
61
75
81
60
4
18
99
75
64
21
55
35
85
41
44
98
2
33
43
42
27
39
15
18
13
11
94
39
10
83
3
23
58
85
35
63
3
34
38
67
7
45
54
92
38
51
43
40
36
86
83
15
25
50
33
91
62
27
30
24
62
85
47
21
70
34
36
25
68
26
45
75
71
51
20
9
2
63
49
91
1
84
6
27
35
40
70
49
19
52
73
82
37
72
55
60
6
91
85
26
69
82
53
92
34
73
1
88
36
2
79
90
87
86
17
74
78
39
75
49
43
0
83
80
72
38
92
30
81
30
8
50
12
61
42
46
35
95
35
23
98
14
13
37
52
82
63
30
73
38
32
16
38
15
49
62
54
93
44
87
23
52
38
36
13
32
82
0
80
69
76
30
36
41
67
88
24
30
71
49
20
3
18
58
18
67
20
24
60
64
12
84
68
2
72
81
86
54
34
66
76
10
48
12
3
15
52
27
97
23
29
69
78
47
27
49
66
47
73
78
63
85
62
31
39
86
65
26
41
99
44
17
61
93
81
64
60
33
44
10
57
73
79
87
72
7
36
38
6
62
16
70
99
31
1
39
17
66
17
10
17
61
79
30
6
60
95
67
94
91
29
3
64
8
42
36
67
79
26
74
41
42
96
40
73
97
31
91
16
48
1
85
10
33
16
68
93
63
35
39
54
64
42
70
25
37
58
92
16
84
18
9
26
14
49
52
64
33
43
32
81
96
17
43
29
85
12
75
48
99
14
2
16
9
72
41
46
82
85
14
66
4
23
93
70
24
45
34
57
40
18
39
88
88
34
70
73
46
45
22
98
11
76
14
72
1
7
70
83
92
84
50
48
7
95
71
84
92
5
93
32
76
32
72
64
19
42
37
65
39
11
63
3
88
29
75
41
36
46
24
81
