736
14
9
97
22
24
4
75
88
63
48
10
81
60
22
64
10
79
54
35
14
79
12
79
78
73
95
67
32
61
18
36
27
27
33
1
3
89
77
92
4
25
2
85
85
24
2
96
55
8
83
22
87
95
53
65
69
49
32
53
62
2
89
90
29
74
91
32
16
20
24
20
45
78
58
83
55
60
31
62
68
14
84
7
10
38
24
31
39
8
84
1
10
25
43
91
51
87
23
67
7
0
88
5
30
46
88
85
58
71
0
78
85
84
85
47
74
61
78
65
69
14
67
79
39
62
70
43
49
45
10
57
45
98
62
28
44
2
65
54
73
65
32
58
2
69
58
76
30
36
42
99
51
61
30
42
23
0
85
73
46
96
82
43
46
96
71
43
98
37
97
71
54
82
81
56
51
39
33
34
28
27
85
31
88
16
73
63
16
11
88
14
59
70
10
57
18
81
0
16
70
50
39
77
32
73
33
35
12
18
69
92
45
7
23
85
23
49
1
91
60
89
6
71
12
68
28
30
49
81
99
72
31
38
1
15
11
34
50
76
53
72
68
50
79
92
36
2
41
89
45
53
78
3
76
42
71
4
25
73
37
24
45
68
14
98
83
26
32
86
54
85
58
74
88
89
66
24
43
59
13
88
64
43
92
40
38
63
97
63
36
34
39
33
55
53
31
90
31
64
76
85
1
86
60
89
75
78
65
18
90
30
7
54
26
51
47
64
14
96
79
3
82
18
36
89
71
20
80
55
36
8
40
89
95
52
79
70
83
96
41
73
79
0
79
5
51
78
69
17
26
48
20
9
18
9
98
89
81
30
44
17
39
37
6
34
41
37
56
24
86
97
49
65
49
81
70
0
11
91
70
38
91
42
47
9
3
97
50
84
28
47
1
67
84
60
53
77
97
9
54
35
59
3
0
8
36
22
61
48
65
31
86
56
25
85
17
29
34
68
13
62
67
67
81
51
27
34
80
76
96
34
12
55
90
12
15
26
87
76
26
52
59
12
61
85
49
78
14
84
98
27
46
65
94
80
68
73
14
49
50
10
83
62
17
73
26
33
52
13
61
78
66
21
43
27
6
92
57
72
76
56
51
75
73
98
7
42
71
21
43
21
84
78
83
53
4
62
86
56
75
0
86
93
21
29
20
79
74
30
51
2
86
2
77
59
0
84
53
72
58
48
45
94
27
81
47
83
43
86
91
70
86
77
64
59
59
36
38
33
66
41
35
52
43
65
64
96
1
69
20
11
18
65
5
97
98
5
32
41
43
23
12
29
52
28
40
11
64
78
44
31
19
80
35
14
97
51
10
98
73
82
10
43
0
67
40
98
72
24
92
15
47
56
96
99
84
36
11
0
66
7
31
85
39
19
52
36
70
62
35
43
97
97
38
97
64
78
95
89
54
39
56
1
95
5
1
79
93
64
32
12
71
63
97
11
34
1
99
57
16
86
52
13
83
91
10
0
21
57
41
76
97
49
77
44
6
30
24
0
46
8
12
70
23
61
33
58
63
32
15
79
19
67
44
54
10
54
6
32
63
99
8
12
49
37
57
55
20
33
7
66
41
19
88
64
33
21
22
48
54
89
79
25
9
23
79
19
29
38
51
44
37
11
57
86
49
14
94
21
47
1
39
88
73
28
52
58
49
27
6
3
16
37
80
77
60
