911
43
46
84
6
84
80
81
56
54
80
75
87
4
22
85
18
46
29
10
47
21
83
71
69
98
68
50
0
74
16
70
69
62
7
75
99
87
8
55
93
88
82
80
44
5
17
14
3
46
25
50
20
60
74
89
58
42
91
10
68
59
81
37
22
88
64
73
27
24
28
72
64
63
4
8
68
21
23
23
20
0
74
92
60
0
33
71
94
25
81
63
84
62
52
58
2
69
31
81
93
12
5
58
75
9
18
95
83
41
70
3
93
44
47
6
96
32
77
91
57
58
54
94
73
58
4
27
27
88
61
73
52
66
31
79
76
49
26
59
43
96
14
88
93
13
94
89
45
71
80
55
82
86
49
7
45
5
34
24
45
95
97
97
14
80
28
90
82
54
1
25
51
67
65
44
80
60
33
25
31
66
80
65
52
81
72
97
39
7
74
84
54
71
82
20
52
62
10
86
17
63
63
68
30
28
64
10
88
49
88
72
15
68
37
68
50
10
17
41
69
91
25
75
63
59
96
67
22
6
53
39
22
16
59
52
44
23
15
85
72
3
57
88
71
94
8
73
56
25
14
25
17
92
1
80
51
97
99
73
55
52
64
77
20
23
82
16
98
97
1
23
0
10
63
23
5
71
97
13
96
63
39
13
55
40
93
59
89
44
84
44
48
49
22
68
24
56
37
75
53
90
98
53
1
61
76
58
32
25
71
28
41
10
42
48
2
87
7
91
84
92
88
32
93
62
53
17
18
90
92
71
80
42
76
33
3
52
43
87
30
15
16
23
77
10
71
32
49
31
23
33
23
11
66
16
73
71
85
43
61
30
14
93
72
90
79
76
95
22
63
77
89
31
0
67
93
71
51
43
2
26
28
77
90
46
45
15
17
31
59
78
61
73
24
33
64
3
61
59
77
77
36
67
60
88
86
54
11
37
97
14
63
25
43
53
72
89
69
89
72
28
20
33
1
96
18
17
51
32
28
28
61
16
95
21
4
81
75
16
70
24
82
34
2
77
39
74
66
8
15
38
88
87
23
42
83
94
11
34
78
40
63
39
8
10
60
65
44
88
33
14
12
15
48
14
92
40
40
11
48
8
1
89
95
25
31
31
71
42
17
49
34
32
88
43
43
0
60
87
40
93
1
53
8
2
19
52
42
12
63
42
20
65
31
15
42
14
98
13
9
16
14
43
48
54
38
91
54
98
30
47
91
84
0
51
38
71
4
80
83
19
74
55
36
58
23
78
72
21
43
81
37
57
77
86
11
15
29
18
66
12
65
57
96
17
61
34
40
17
66
76
36
40
31
25
98
54
3
23
76
99
4
65
8
33
3
20
1
33
90
67
97
55
76
93
24
37
79
64
54
45
40
43
37
24
68
36
78
23
11
6
22
15
72
31
1
27
3
2
12
45
69
9
52
97
2
76
87
33
92
41
78
85
36
16
9
56
4
39
80
15
98
54
82
70
37
83
49
92
37
62
37
6
71
89
56
26
65
43
59
58
36
90
95
73
6
4
29
62
95
61
29
93
16
63
15
5
99
65
98
36
27
35
95
50
25
51
76
90
94
88
0
30
78
47
55
36
51
37
50
47
98
79
92
66
42
8
72
41
73
70
78
52
57
73
2
82
76
31
25
70
19
77
52
49
25
60
85
28
97
35
27
47
14
20
66
8
28
38
50
1
60
80
5
17
5
7
52
81
38
77
3
9
54
55
58
31
67
95
60
64
30
87
64
96
59
30
57
87
20
7
40
32
39
45
1
44
5
53
25
95
82
28
5
89
35
15
20
55
11
32
71
93
20
35
42
79
17
99
19
37
58
59
21
97
57
23
93
62
76
18
57
59
98
14
48
85
30
20
92
93
53
64
38
25
99
32
56
69
31
75
6
41
87
28
90
44
3
83
58
79
53
15
90
3
82
90
41
64
11
33
9
64
97
47
89
49
80
45
18
63
73
76
57
60
56
47
56
59
31
14
91
36
81
81
40
63
72
81
27
35
66
88
99
64
36
40
13
68
85
83
83
58
59
40
70
68
40
26
27
23
40
18
59
74
52
51
37
76
32
17
