175
23
51
62
71
84
62
41
84
84
68
59
78
96
39
91
29
65
42
37
97
4
73
10
37
31
58
35
32
90
91
79
13
42
41
84
79
4
77
63
40
45
74
70
42
66
61
23
31
56
60
29
60
85
91
97
16
49
32
48
39
23
27
52
18
20
88
97
24
66
12
17
11
86
87
5
52
1
28
36
57
40
65
17
25
56
67
93
58
99
93
97
75
20
2
93
93
90
90
69
8
2
86
20
40
74
25
45
27
6
81
84
46
98
53
72
6
20
17
64
20
11
14
95
83
16
88
76
58
30
46
67
84
32
39
24
58
16
21
85
22
54
21
21
4
75
93
11
95
10
27
67
73
41
14
57
9
54
33
68
36
79
87
20
64
26
97
22
94
70
8
69
25
81
90
29
