885
2
49
81
5
83
66
49
8
13
22
99
59
27
80
58
68
14
4
8
99
9
90
53
89
99
78
91
25
53
21
46
7
22
27
12
5
46
13
65
11
88
17
22
15
49
80
35
64
85
44
15
46
86
68
87
37
46
78
62
52
99
9
59
21
88
24
79
34
89
96
97
77
65
19
92
15
52
28
31
89
24
46
35
62
66
74
0
13
53
62
17
52
23
28
26
12
4
57
98
94
5
96
23
71
67
68
86
71
96
69
60
72
15
47
34
81
22
86
46
75
49
15
79
72
44
57
36
0
66
35
94
72
83
70
43
2
38
81
74
86
50
34
58
17
82
44
98
56
31
45
31
32
12
62
56
56
72
93
57
38
28
3
10
63
73
5
65
63
38
39
49
88
74
7
57
8
52
56
16
35
53
47
67
65
61
23
74
33
16
83
72
96
38
34
59
64
40
77
27
78
16
77
19
42
36
76
2
40
84
18
75
89
17
42
55
79
66
81
64
34
64
88
83
54
23
94
18
15
71
46
45
40
75
16
82
11
45
37
52
29
55
27
19
25
22
26
56
88
7
20
74
23
9
57
77
84
52
48
99
75
46
96
15
21
13
50
32
58
87
84
39
94
64
58
19
86
36
27
26
95
48
0
18
9
10
48
93
14
48
44
41
94
40
57
15
5
59
47
63
98
84
55
92
48
65
64
34
2
91
12
97
91
64
68
0
74
68
45
40
16
89
82
10
82
91
25
87
50
24
3
48
8
58
40
8
23
56
94
77
0
6
75
91
71
95
92
97
63
89
38
79
79
72
89
13
63
14
0
13
90
55
61
51
65
53
59
89
10
6
18
62
64
93
53
35
88
97
85
51
87
23
82
66
95
71
79
58
37
31
23
28
39
84
79
4
89
90
45
51
48
64
13
13
57
67
0
98
16
85
1
3
60
84
21
55
7
52
65
45
36
40
25
75
24
56
79
66
98
25
17
47
89
31
60
98
50
60
48
66
46
2
70
58
38
43
14
45
96
31
42
32
24
19
7
0
75
86
66
26
63
84
73
52
67
85
3
17
97
51
35
43
5
57
54
43
1
68
89
49
51
83
81
27
3
40
28
30
78
94
56
42
30
81
46
97
18
1
66
16
53
54
11
58
11
65
54
64
85
95
13
89
78
46
16
33
86
44
16
65
39
24
59
21
58
57
19
76
59
37
92
64
91
4
74
55
69
28
19
55
23
33
44
54
79
60
87
18
5
55
35
96
80
46
17
38
3
88
14
62
78
7
78
69
11
53
76
32
81
96
87
5
81
83
59
12
96
98
30
1
54
17
49
34
63
18
24
67
7
38
81
85
97
60
6
60
13
83
93
46
31
32
51
12
16
62
24
12
61
7
65
15
24
66
1
88
84
25
7
43
15
40
80
65
52
39
25
17
74
70
64
5
3
67
69
71
30
45
35
43
52
52
10
29
18
11
69
54
88
28
50
55
68
30
20
73
21
46
90
95
16
6
0
71
74
69
42
56
15
29
99
19
81
9
48
51
72
69
6
12
97
56
67
66
38
40
39
60
86
81
7
54
88
8
78
62
29
20
18
96
2
69
68
83
78
68
87
2
38
93
14
35
1
33
53
91
73
92
3
11
26
11
66
14
71
44
28
52
16
98
49
18
67
17
54
97
85
41
99
75
86
65
11
39
98
64
30
72
9
86
83
35
97
1
1
20
45
81
72
14
79
21
84
98
90
38
47
28
31
98
3
17
63
66
56
61
31
39
85
40
77
69
27
74
70
28
46
68
9
18
34
40
92
18
90
82
57
37
62
40
87
18
58
50
84
66
63
15
57
49
7
34
70
34
60
92
62
6
12
23
77
46
15
69
65
5
3
74
94
66
14
81
36
24
83
20
43
99
88
0
0
95
87
70
30
99
14
44
58
27
20
35
73
87
4
90
93
7
64
39
25
31
73
61
55
8
82
50
7
22
3
7
17
90
29
99
41
96
96
51
23
68
86
48
55
42
