768
42
72
79
33
76
68
65
47
36
50
13
51
62
79
83
80
81
90
9
75
69
91
75
78
19
9
17
13
46
58
55
40
83
34
73
59
2
91
6
90
93
71
93
55
50
29
87
83
71
97
10
40
88
86
19
59
47
88
73
94
98
28
86
81
14
12
40
69
3
46
11
96
18
5
3
20
34
91
56
5
40
18
98
80
4
17
39
52
57
64
98
55
92
84
37
59
48
77
80
51
76
91
99
46
96
3
18
82
46
26
40
86
45
38
66
49
7
57
53
64
22
51
19
66
88
56
77
36
86
57
40
62
49
39
60
97
94
78
80
40
57
20
78
2
10
96
3
17
54
57
81
28
60
52
46
48
9
24
37
47
81
77
61
82
68
21
80
15
51
60
55
8
32
86
62
42
82
66
59
88
75
92
16
35
44
15
84
5
39
73
4
72
2
65
55
70
86
87
85
90
99
93
50
31
31
13
25
13
31
36
2
6
28
70
41
24
37
77
82
76
50
86
1
52
52
8
75
90
95
12
80
94
57
31
77
88
96
2
2
27
38
56
33
18
78
74
42
16
52
24
44
54
63
45
7
15
5
34
57
0
46
90
46
4
73
75
92
69
77
46
48
67
2
81
85
33
7
80
49
11
56
45
66
19
91
25
86
48
59
44
49
5
86
47
61
59
23
54
80
52
52
28
20
55
9
57
40
68
37
41
80
94
86
46
65
29
23
52
78
82
48
79
39
34
26
1
45
1
7
25
54
59
53
26
66
14
83
6
82
73
47
14
67
86
12
32
15
35
36
93
69
36
72
9
22
51
62
67
4
69
44
58
28
49
36
47
15
20
53
98
93
53
64
12
39
77
96
54
64
85
0
34
21
24
43
44
27
5
63
32
26
8
42
54
57
79
53
25
51
7
75
96
12
39
8
51
68
56
57
33
41
57
67
63
34
62
59
61
19
22
45
45
82
88
51
92
19
5
17
70
64
92
66
76
31
26
27
0
82
84
85
76
94
52
39
80
14
50
41
85
72
39
30
7
27
81
99
46
38
68
68
2
60
86
78
43
12
5
95
46
42
80
22
88
84
13
68
50
63
61
35
88
0
17
95
79
99
46
77
89
14
97
92
26
83
22
69
95
80
17
94
22
49
16
62
34
30
82
84
45
95
72
33
96
89
28
27
40
74
57
30
40
54
74
66
38
96
88
85
76
5
79
50
54
48
64
40
30
46
77
75
42
49
9
90
90
89
69
31
64
26
13
56
81
39
23
71
35
11
56
64
68
88
14
74
88
31
15
18
77
44
93
71
93
54
61
35
44
31
18
60
57
83
16
90
22
39
61
10
2
70
74
70
58
40
45
46
71
12
64
1
56
9
72
1
16
86
36
60
17
7
20
26
90
88
69
13
80
30
23
82
0
49
5
10
41
2
56
13
14
72
66
22
34
38
23
50
24
11
10
93
18
82
20
61
70
89
74
2
71
49
85
72
50
42
34
91
44
91
56
10
15
22
32
49
61
7
51
37
18
61
31
89
95
3
50
18
44
76
20
15
77
57
39
27
99
74
70
95
17
27
5
84
49
89
34
62
96
85
0
67
99
83
56
46
86
58
64
82
86
85
49
63
94
89
42
94
15
12
89
84
91
95
68
41
36
54
55
33
92
55
0
91
90
8
37
76
18
54
10
4
91
60
19
85
1
13
79
16
77
21
52
69
68
20
10
4
75
17
89
67
73
89
10
15
49
99
92
