626
39
62
84
56
93
61
78
51
86
32
48
46
96
90
35
5
99
49
21
78
40
24
84
70
86
7
61
82
27
70
51
18
32
87
27
25
48
5
29
34
37
77
80
86
19
67
91
18
68
64
49
9
40
85
31
27
92
45
9
71
15
12
90
99
99
17
77
47
74
6
33
63
35
65
49
54
84
92
25
53
56
26
14
97
11
97
76
4
42
85
75
9
98
65
9
97
34
86
97
8
92
82
72
79
0
73
85
84
66
10
89
22
36
3
71
48
1
47
4
43
85
79
53
35
45
14
84
31
0
33
92
44
68
16
75
68
89
60
4
55
71
94
30
59
49
53
59
50
53
63
46
38
43
51
25
40
65
9
23
17
43
15
13
11
31
88
31
21
48
87
28
71
33
58
31
83
64
42
85
17
6
31
7
1
34
32
93
51
93
16
68
36
32
81
99
15
69
82
36
70
70
17
41
3
75
24
38
91
67
24
60
25
7
67
26
94
51
19
45
45
87
14
33
19
47
85
87
17
67
23
39
89
40
80
93
68
5
31
11
72
7
72
49
67
39
75
61
43
46
6
40
85
20
73
57
68
10
44
37
78
67
76
67
60
8
12
80
13
96
91
37
3
63
86
22
55
13
83
98
11
90
90
97
62
63
54
30
26
50
19
56
69
47
23
29
56
88
61
69
84
5
59
39
20
97
62
75
11
45
25
74
87
15
23
50
31
29
32
57
79
52
13
49
51
88
30
7
28
92
29
12
49
40
4
69
37
66
45
0
63
22
75
3
90
98
53
73
80
85
30
59
89
95
8
93
35
91
0
64
35
81
28
84
21
32
53
11
50
50
11
66
25
86
69
15
37
22
88
17
59
70
28
1
17
89
94
52
80
46
68
15
28
49
51
1
81
4
12
84
7
24
50
32
62
19
47
51
93
87
20
52
57
1
5
74
90
99
78
22
98
99
89
78
48
40
79
81
44
44
65
3
20
15
35
34
86
82
38
79
69
58
84
78
11
89
4
1
41
83
23
39
34
12
17
82
4
48
63
49
92
81
52
64
96
40
99
35
74
37
14
96
47
98
74
59
40
79
60
81
14
36
20
48
0
89
82
5
37
45
6
82
78
10
46
27
50
97
62
77
34
28
73
34
79
47
93
19
26
5
0
92
93
72
40
94
13
22
51
50
20
9
84
98
71
83
25
22
80
39
99
67
68
24
1
47
71
94
66
50
51
18
42
45
42
35
91
55
9
94
57
29
3
94
80
74
77
57
48
57
97
99
76
17
23
77
64
47
23
82
97
75
52
91
72
94
26
15
1
36
9
10
17
64
4
97
38
81
55
39
91
4
38
67
21
14
97
37
61
20
19
58
47
71
49
71
17
28
86
70
64
95
80
81
59
85
31
50
18
38
41
9
42
79
29
15
45
