673
96
87
0
1
5
28
10
88
13
92
27
19
19
2
24
23
50
61
28
75
22
83
88
85
96
75
39
37
5
23
52
1
62
53
3
67
33
65
7
98
57
35
17
29
89
93
4
91
54
32
66
76
16
55
13
64
82
53
1
88
28
5
41
91
10
96
10
95
61
18
93
71
5
62
52
46
55
56
37
10
40
3
38
8
58
4
72
93
9
25
33
37
83
74
28
93
23
91
89
36
9
34
7
14
97
11
60
52
67
97
14
60
52
5
68
63
9
93
56
18
70
41
7
53
15
88
47
90
79
88
27
88
74
34
54
71
46
14
76
65
63
42
25
67
47
46
30
8
39
86
78
9
79
86
63
95
74
62
37
53
2
64
93
76
51
47
0
49
13
76
14
28
70
92
95
18
38
26
78
29
64
57
38
44
95
1
91
69
15
28
74
17
93
67
46
96
14
46
45
27
74
11
55
44
3
2
14
93
28
45
22
45
2
61
89
49
14
32
18
82
60
44
51
5
11
97
1
77
95
98
4
21
10
11
18
65
65
32
59
94
77
33
39
31
46
80
80
13
12
50
95
24
94
46
82
57
96
35
34
91
34
90
65
96
53
83
61
19
15
72
65
45
6
56
28
52
36
61
65
0
11
12
76
58
59
10
67
7
46
54
50
32
44
15
28
50
98
41
69
66
14
86
63
20
42
43
24
30
4
42
82
68
54
10
78
65
21
45
72
19
99
75
51
96
90
31
46
41
72
67
59
38
53
74
10
47
17
35
77
22
29
11
90
83
21
20
49
42
65
73
61
17
48
64
13
91
95
11
32
20
78
43
10
83
17
21
30
34
8
59
56
37
22
98
20
43
18
21
38
36
47
99
53
47
16
18
38
11
29
22
83
59
65
94
42
82
67
24
69
75
35
77
64
57
28
84
52
46
58
90
34
57
90
87
4
6
57
43
69
86
17
5
45
35
51
39
17
18
15
38
45
2
16
9
11
44
45
64
42
55
54
77
12
96
16
17
54
74
12
76
12
81
81
10
16
84
1
86
54
69
24
99
71
92
60
83
36
5
99
31
61
53
60
25
50
28
94
4
54
58
32
67
40
13
29
56
97
82
94
51
51
19
2
75
11
62
58
0
20
9
83
81
62
43
58
64
71
53
21
26
11
53
45
3
19
26
60
16
8
54
20
60
25
74
35
89
37
45
89
57
54
72
90
68
67
48
33
90
53
54
16
65
59
13
20
78
39
80
47
48
87
67
60
64
93
95
53
82
92
94
39
46
18
81
66
85
82
99
76
35
5
44
52
17
10
73
95
49
5
42
49
44
61
9
9
55
56
14
37
48
9
29
46
27
62
13
65
44
64
93
32
22
37
36
39
47
61
34
49
67
29
98
63
90
60
24
97
16
39
87
17
0
16
15
79
30
80
44
27
45
37
59
67
27
47
58
26
9
92
75
28
73
26
91
64
86
16
13
54
7
0
23
7
68
39
86
99
19
83
26
16
72
37
35
99
84
93
78
93
86
53
21
59
