295
29
93
43
3
20
87
35
81
45
75
30
48
11
0
67
96
94
79
79
67
80
38
99
34
5
25
77
65
3
78
96
85
72
39
40
92
26
27
25
23
54
55
23
66
55
42
14
1
22
94
21
54
84
20
89
42
45
18
7
1
97
55
38
69
94
78
13
72
58
39
47
12
94
22
78
2
65
93
55
87
39
76
93
75
48
34
17
46
53
76
99
50
31
37
71
77
67
84
1
25
75
0
38
22
23
68
76
88
13
31
27
52
60
20
28
60
55
97
6
60
74
5
10
57
94
33
35
62
69
88
39
45
89
29
19
12
98
95
52
11
26
79
16
38
99
96
99
6
93
57
66
19
15
28
77
9
61
64
23
83
4
63
80
93
92
99
57
42
46
9
6
24
88
22
63
40
18
62
46
63
71
65
35
86
45
64
96
59
28
71
42
32
34
22
78
79
73
35
21
19
45
27
43
85
1
58
25
71
72
24
35
44
41
70
30
86
34
78
45
14
50
87
98
36
61
76
15
34
64
89
5
9
68
1
94
70
59
72
41
32
96
28
76
37
50
58
23
36
37
21
2
39
8
53
75
22
81
43
8
45
84
14
6
52
67
1
22
26
25
16
10
21
96
86
10
99
97
85
35
86
6
90
25
67
43
52
41
24
47
49
22
31
15
28
84
