445
3
9
27
60
67
10
84
26
52
26
49
29
74
82
14
2
12
3
65
62
32
79
48
33
84
17
43
57
80
96
81
35
57
9
95
77
19
32
3
23
58
52
5
84
87
19
87
99
74
4
62
6
35
62
92
19
31
35
29
12
84
10
47
41
71
95
18
42
27
22
66
37
26
71
22
13
42
61
13
16
17
27
75
53
41
67
24
72
54
53
84
38
16
84
32
87
31
50
82
10
24
48
47
51
71
21
16
65
34
29
33
4
8
8
9
49
27
33
74
34
39
58
72
55
94
4
42
25
7
24
87
31
24
35
34
47
8
51
12
95
32
98
99
93
58
8
94
38
93
68
72
32
27
44
87
73
1
82
51
60
58
38
43
83
25
78
82
34
81
47
29
65
45
80
58
3
88
53
41
81
21
65
66
0
10
53
74
63
35
77
23
94
15
18
29
93
48
11
79
29
10
8
47
55
40
5
11
80
10
4
13
84
70
79
84
32
33
10
47
20
87
22
14
55
40
95
0
89
59
79
70
69
39
69
77
79
27
40
59
37
96
72
21
66
52
58
50
37
68
49
57
8
71
24
15
64
19
15
53
78
94
75
0
33
45
77
64
72
17
23
61
13
47
35
32
51
93
34
88
13
84
46
21
55
22
88
19
41
55
24
72
1
52
72
34
49
1
50
73
18
73
34
83
73
21
67
24
14
2
13
28
38
11
1
45
33
42
17
26
97
93
98
99
45
22
85
46
23
36
19
93
61
6
29
34
79
96
59
94
50
24
22
88
35
75
86
20
17
3
46
15
96
97
66
94
19
51
92
95
87
64
88
1
22
17
35
1
66
46
95
16
70
69
57
57
45
43
77
14
46
76
81
94
73
47
40
44
99
33
39
38
97
80
39
19
97
27
20
63
73
68
32
44
37
89
1
34
32
79
1
30
7
82
76
80
30
17
76
81
50
68
19
47
48
11
18
97
38
90
13
11
58
45
7
48
86
9
34
70
40
35
0
47
18
76
