761
27
57
2
7
95
61
87
21
33
94
64
0
66
66
35
32
83
33
64
19
57
98
25
6
80
60
10
88
42
36
15
21
45
17
81
40
30
68
13
63
14
78
16
80
44
3
12
27
36
29
99
45
27
24
51
60
84
62
0
79
50
15
0
96
32
81
88
14
50
54
77
16
32
45
97
28
48
61
8
37
90
7
82
70
31
34
82
15
48
82
94
98
97
47
46
29
28
35
43
30
89
72
47
73
18
96
1
18
57
61
55
48
68
90
70
51
76
52
67
24
34
13
74
31
60
21
12
41
8
7
71
49
79
70
22
49
66
75
20
24
37
27
24
57
17
94
9
93
46
28
69
80
41
44
63
54
65
75
95
73
82
18
74
13
89
96
15
55
23
35
31
60
62
55
70
32
49
79
25
95
7
47
27
48
91
90
54
8
17
49
33
51
20
7
65
9
55
32
16
78
67
48
91
81
3
61
13
53
40
91
0
47
38
28
47
81
70
2
89
40
3
74
91
23
81
8
84
36
40
1
66
59
49
57
41
52
18
54
57
10
97
58
57
35
38
57
68
60
11
57
0
66
83
92
90
64
52
26
52
93
27
19
52
76
28
45
81
47
52
38
57
49
48
67
37
86
24
5
47
87
15
99
53
98
91
95
15
44
22
19
89
49
38
93
78
67
39
59
66
43
49
23
92
98
42
81
36
18
39
35
5
54
35
59
4
78
54
19
74
76
39
63
78
29
57
56
48
48
67
14
91
68
90
35
18
32
69
7
51
8
42
8
62
29
19
66
8
74
38
82
2
29
98
32
58
7
40
7
55
59
73
98
28
63
33
98
48
2
5
51
10
0
59
24
29
79
43
89
5
81
24
59
10
22
92
20
29
32
27
84
92
1
34
72
16
67
70
64
22
76
67
84
76
27
61
57
58
4
47
63
37
71
22
99
45
66
71
74
51
51
10
95
52
44
67
20
63
89
37
85
17
4
22
45
31
35
3
89
39
50
4
28
73
79
79
18
45
50
44
96
1
54
91
5
50
10
78
13
0
15
51
17
19
25
15
3
60
18
44
51
20
49
79
45
80
10
63
25
12
59
74
66
65
17
71
15
28
1
28
80
16
31
49
88
56
64
91
16
82
87
67
54
88
98
99
68
60
14
94
73
73
20
39
38
37
62
5
65
64
34
97
32
17
47
20
74
11
63
90
46
51
10
52
91
60
52
60
21
18
6
94
44
26
85
34
63
99
40
81
63
26
78
48
43
25
68
17
89
84
60
87
35
22
39
26
82
43
38
3
62
44
49
58
70
86
92
86
86
32
67
1
58
97
49
2
75
70
71
16
54
31
3
41
5
94
19
88
90
58
43
4
54
45
62
77
83
54
63
69
87
82
23
97
79
72
99
6
42
23
22
48
6
77
89
12
72
61
0
62
19
95
18
73
92
80
50
76
86
65
45
73
99
68
23
31
93
74
37
87
97
60
36
4
37
77
16
61
38
68
75
9
63
93
35
8
25
37
84
12
3
29
37
2
50
60
85
43
87
23
82
84
35
70
88
24
48
56
86
38
24
13
48
40
59
83
48
84
20
32
48
75
13
86
30
15
98
15
10
85
38
93
22
25
63
10
50
63
19
88
2
95
1
2
35
12
85
35
97
57
19
97
33
85
35
63
0
34
30
11
71
69
56
93
94
19
56
96
83
27
84
37
22
38
39
10
50
76
45
99
33
17
