654
72
4
14
23
37
22
20
29
97
8
92
75
0
16
74
62
81
83
15
18
4
57
73
31
86
73
72
17
87
67
85
11
72
99
86
61
22
6
91
19
67
83
46
67
51
72
81
84
55
48
3
12
58
28
43
44
1
16
14
88
35
99
51
59
98
38
21
72
44
64
91
63
47
89
31
50
61
64
34
69
65
89
81
23
17
76
19
18
44
33
58
80
84
10
91
35
0
64
7
96
28
99
60
75
40
43
77
2
7
12
71
72
1
4
47
71
80
19
89
25
52
0
57
89
62
0
24
14
65
31
10
93
82
70
21
23
65
98
25
25
10
48
49
64
4
97
35
84
16
76
61
20
76
70
9
90
71
33
4
36
17
15
81
99
37
2
22
3
1
99
80
63
99
29
27
3
26
14
40
94
91
1
15
19
24
76
10
95
62
66
83
79
33
64
78
23
67
53
78
20
4
58
83
4
87
63
59
14
77
99
60
20
1
27
40
25
4
2
72
66
68
55
97
54
71
27
77
90
80
55
10
37
13
46
41
52
9
52
18
38
52
79
59
53
6
99
30
62
53
54
28
73
61
77
27
32
5
56
23
37
11
85
74
76
31
67
29
92
20
99
31
72
78
42
77
85
93
59
99
46
13
80
71
74
57
99
58
62
55
33
52
19
19
26
47
2
46
28
95
66
28
78
90
6
20
19
43
65
78
43
11
43
23
82
69
32
33
79
47
41
13
99
12
32
77
59
86
23
88
81
41
68
11
83
26
31
2
22
48
32
17
11
27
92
46
48
24
79
28
71
72
93
22
84
25
0
44
11
75
84
45
17
4
56
0
30
40
55
52
88
39
21
52
67
13
98
67
90
77
95
61
2
88
36
86
65
36
82
29
11
66
26
80
70
82
33
53
74
88
57
15
27
79
67
46
92
65
14
82
94
61
96
96
50
32
35
67
20
17
48
31
84
74
64
6
9
97
11
35
85
69
50
64
0
17
11
44
34
77
79
81
38
75
77
40
59
12
8
79
30
8
62
66
83
26
24
44
75
88
79
60
57
82
77
57
51
40
1
86
17
80
67
7
7
96
48
18
61
8
49
43
16
64
9
51
42
85
95
18
73
27
78
82
9
7
91
60
47
45
98
16
25
65
24
85
14
72
3
75
32
5
18
48
69
79
52
11
64
99
29
90
26
60
24
87
19
16
48
67
61
46
83
38
64
7
75
78
31
31
53
63
36
23
64
5
2
68
68
18
67
50
60
46
62
85
85
81
1
85
48
14
32
84
52
48
43
28
78
27
59
31
90
47
6
6
4
8
26
72
78
46
74
39
92
36
76
77
18
29
63
18
43
47
2
95
47
98
75
25
25
86
8
67
33
14
26
37
74
52
62
52
98
36
43
42
73
19
72
43
48
87
61
43
34
16
91
33
66
66
58
91
5
66
58
90
32
36
80
58
89
42
10
87
30
6
30
3
77
2
98
78
89
60
21
