560
22
81
96
2
39
75
97
61
88
0
96
30
48
30
20
44
77
5
54
79
49
67
29
17
20
23
37
20
81
74
33
3
7
81
6
47
8
55
60
96
55
56
27
3
39
99
47
16
56
54
47
57
73
77
74
45
52
63
66
33
38
51
37
45
32
95
92
41
50
5
89
5
61
68
60
52
67
60
20
24
66
68
81
91
97
8
36
49
71
54
34
61
5
23
7
90
18
51
83
20
56
72
25
70
41
38
22
8
50
43
84
16
63
18
7
60
26
95
61
49
50
95
11
7
71
70
97
89
21
32
62
30
5
39
0
98
77
74
58
27
69
43
43
32
13
2
92
91
98
53
40
48
1
3
7
72
25
57
13
47
89
75
29
46
15
81
44
44
55
3
24
25
98
19
57
11
22
2
54
20
7
46
20
8
50
79
32
27
36
46
26
26
73
55
24
40
36
69
85
92
24
61
69
74
80
78
37
2
80
91
74
88
37
46
96
39
26
81
67
62
27
93
40
52
49
65
93
85
86
30
29
62
91
98
36
71
29
73
26
9
16
52
97
53
51
46
93
77
27
60
91
6
5
84
58
54
1
51
92
39
33
73
1
24
24
37
96
53
62
74
62
78
78
12
83
29
10
76
58
89
88
50
95
94
86
5
0
87
9
44
26
42
18
79
67
94
68
15
47
30
41
61
60
19
25
43
49
87
72
7
76
60
9
23
54
95
29
7
34
90
51
12
32
21
91
51
15
59
18
14
89
59
76
1
79
53
97
28
41
69
87
17
29
97
93
36
44
74
95
79
64
46
91
48
68
83
0
35
42
18
50
84
78
78
37
57
31
34
37
24
3
24
94
85
73
87
73
18
61
68
97
25
66
88
73
34
23
25
22
66
44
72
2
74
50
39
83
33
26
72
58
29
48
52
66
22
91
39
40
4
59
37
81
26
77
6
12
53
32
34
71
28
6
73
54
8
64
37
42
90
61
52
72
9
56
38
31
47
30
71
3
89
60
84
67
90
90
80
43
22
14
14
2
73
39
56
81
3
45
75
46
6
79
18
16
35
8
47
34
90
71
37
32
83
21
99
73
64
31
68
86
98
34
41
71
73
97
4
29
95
32
75
1
11
45
69
99
5
69
33
96
92
23
28
75
44
79
1
8
11
21
47
61
56
40
32
29
37
88
58
84
72
85
38
84
30
7
35
36
28
68
84
20
91
64
48
88
43
49
48
6
22
47
67
78
87
51
8
77
92
18
61
64
4
99
0
34
59
35
22
