732
81
67
86
34
89
5
94
78
33
28
91
71
42
19
27
75
27
87
40
96
75
55
71
45
38
10
6
2
45
38
91
27
57
77
61
47
34
7
25
19
87
68
90
30
40
69
57
19
9
50
15
84
5
86
81
96
49
87
98
94
77
89
73
35
18
87
34
5
94
59
24
34
79
67
16
19
88
73
39
97
23
6
81
81
45
63
77
94
2
27
40
32
16
14
67
86
1
1
91
47
12
68
81
43
87
97
63
27
71
54
25
94
12
58
75
57
73
4
51
28
31
92
60
99
58
79
86
59
80
29
58
44
49
40
87
88
37
2
16
60
8
93
55
21
51
82
78
77
39
30
5
70
74
17
22
84
96
60
95
28
89
53
72
91
93
59
31
83
14
47
43
22
40
50
43
44
33
22
21
24
4
26
94
30
43
16
14
91
76
9
19
18
14
91
61
60
2
92
43
16
40
86
91
32
37
34
76
22
8
49
46
12
27
92
42
70
61
8
13
37
69
32
7
84
23
20
44
78
13
39
46
5
25
37
89
14
24
66
36
32
15
34
97
43
27
91
65
40
0
79
77
21
63
37
57
39
57
53
17
22
92
15
27
18
53
69
84
29
35
73
13
2
7
10
97
86
2
15
26
54
46
56
27
9
45
85
48
2
38
17
77
83
33
56
53
38
25
37
67
12
10
80
15
70
43
12
56
45
79
35
51
25
43
78
35
88
15
83
42
6
53
19
89
86
76
42
24
1
79
43
14
42
23
81
64
66
45
20
63
25
7
66
50
50
97
37
38
12
73
81
18
26
52
59
12
28
1
36
82
33
31
48
27
54
29
91
73
26
63
88
51
71
55
54
73
4
91
64
16
64
97
87
90
49
98
54
30
52
90
12
85
73
12
64
28
93
55
53
19
70
93
23
41
0
77
67
4
20
31
73
37
28
12
27
77
10
82
7
62
24
71
99
98
83
15
78
76
70
83
48
41
76
71
34
29
0
1
33
20
84
58
57
64
70
37
94
33
71
53
47
47
25
99
97
60
14
27
89
37
10
37
78
39
8
64
68
8
18
53
80
2
12
90
19
82
27
13
67
50
66
15
97
91
14
47
4
80
74
93
17
37
30
95
76
90
12
96
50
30
49
30
84
13
72
3
48
99
16
15
1
83
82
51
26
48
98
30
29
72
23
46
61
5
94
89
95
6
85
45
88
87
28
72
52
0
28
0
52
96
68
5
79
50
56
58
99
54
88
28
79
64
74
40
69
68
30
17
26
67
14
14
6
42
39
59
95
67
59
99
63
79
4
95
30
61
5
81
67
45
9
46
9
35
39
31
56
21
48
82
88
62
49
95
57
88
6
52
7
17
3
22
97
7
69
27
20
74
8
40
20
69
38
81
56
77
12
12
98
12
47
39
75
48
34
32
36
92
36
95
9
39
17
6
98
39
33
71
65
93
11
85
62
49
19
71
79
83
83
29
96
82
68
71
30
54
55
18
46
43
13
56
34
83
14
84
74
0
55
39
93
18
77
8
20
96
79
99
79
14
80
75
97
49
98
79
55
5
98
2
0
63
10
34
46
24
19
72
76
26
12
70
45
89
30
65
37
61
16
16
75
48
44
24
97
94
4
53
52
54
7
52
17
69
87
16
45
58
88
22
84
52
44
