259
89
82
0
78
93
32
42
35
82
64
38
78
89
76
68
63
79
74
23
20
41
76
29
96
28
49
86
13
66
64
83
55
98
84
86
43
68
80
30
50
45
68
80
86
96
48
49
75
23
72
48
64
1
29
12
81
78
50
94
96
66
78
4
64
14
90
59
34
70
89
84
67
9
16
53
5
64
54
33
39
79
81
55
32
10
68
13
40
70
59
88
37
89
92
53
55
34
13
89
57
2
25
24
12
41
30
69
58
36
2
49
15
35
5
99
97
73
64
37
43
76
78
32
65
70
86
73
5
99
14
14
1
40
90
65
33
72
87
43
9
41
45
76
77
50
76
74
75
92
64
70
68
42
3
86
64
89
59
21
40
73
35
93
65
26
59
51
98
98
46
59
39
91
36
16
93
64
43
68
56
59
39
25
53
94
63
17
35
22
91
75
47
78
68
65
56
79
16
55
77
14
66
69
58
54
37
51
18
80
72
27
91
63
4
44
57
67
14
92
89
5
67
88
83
87
53
40
67
21
47
96
36
65
65
46
20
3
97
38
83
21
65
27
84
21
71
93
88
85
85
29
42
4
18
78
44
23
70
11
