522
52
98
10
13
17
2
36
3
20
80
61
87
53
50
50
48
37
53
85
38
8
51
28
64
31
80
86
40
52
88
59
57
38
70
70
7
24
6
63
44
39
24
31
44
74
81
92
63
86
29
1
46
80
81
10
63
61
96
4
66
36
15
23
26
37
45
34
61
52
97
6
43
73
89
87
99
23
79
62
9
9
15
56
41
49
66
57
10
15
13
28
51
28
51
78
66
49
64
27
1
13
85
44
86
27
83
85
50
14
99
59
75
14
67
17
63
86
26
26
1
39
54
4
19
58
34
85
7
98
65
60
63
2
56
49
29
39
86
79
53
85
91
29
52
10
98
15
96
24
41
97
15
48
54
34
58
88
72
65
39
37
77
2
91
33
52
21
24
90
52
77
28
95
58
80
6
56
47
54
32
89
52
99
89
6
34
47
46
6
64
85
95
41
88
38
26
92
59
50
34
64
79
62
59
90
42
17
98
90
72
31
31
76
30
72
34
16
19
80
74
35
18
69
28
6
8
54
50
19
56
84
35
87
47
47
77
41
64
76
83
88
59
66
16
89
38
50
58
9
83
32
44
1
54
24
59
14
78
61
33
86
45
21
74
44
68
51
38
32
27
21
73
86
40
89
28
78
92
86
40
27
70
36
80
24
61
91
38
91
52
24
78
97
45
52
42
13
55
80
97
83
53
22
21
93
64
1
24
8
87
64
35
10
0
67
34
13
58
25
5
10
1
83
59
98
87
1
11
42
33
60
77
39
35
51
32
99
52
8
59
92
72
46
2
25
13
88
38
71
13
95
33
14
78
92
12
17
46
75
12
31
88
41
70
23
92
55
74
45
63
33
37
88
79
91
65
44
79
55
15
93
51
0
59
81
92
24
99
90
99
63
22
39
4
44
14
97
99
88
94
15
73
31
55
4
74
20
48
53
75
15
46
26
15
58
60
60
82
59
50
33
22
72
73
78
17
87
75
68
28
69
35
1
52
90
58
26
62
6
80
38
74
78
16
89
36
76
1
18
87
52
52
61
76
77
40
45
64
67
66
44
89
1
46
93
92
4
20
6
62
52
44
36
82
13
78
19
41
79
89
81
83
93
42
60
70
34
57
87
54
23
31
43
77
29
36
21
85
8
27
0
12
24
36
95
89
66
66
30
46
7
63
29
1
6
41
23
92
51
62
46
26
