595
53
82
39
75
55
15
42
52
93
16
34
53
75
97
84
57
76
73
1
46
93
35
9
9
51
19
20
58
43
23
42
48
57
81
23
12
48
18
65
41
34
51
46
10
48
82
19
76
55
72
22
48
8
31
9
11
50
82
69
46
57
63
94
14
45
18
26
45
88
43
87
74
94
85
84
42
68
56
18
75
28
92
76
88
23
85
99
26
19
20
72
76
84
66
90
81
36
69
26
76
12
65
51
7
51
87
1
19
43
20
94
72
64
70
12
88
8
12
66
27
84
38
56
68
56
98
49
45
67
28
21
32
93
24
39
44
12
40
15
55
12
62
79
29
84
92
17
92
56
35
72
40
73
28
61
81
78
10
78
46
38
52
78
84
76
69
28
88
61
96
44
26
58
75
55
42
67
24
87
75
59
11
16
84
91
77
65
69
39
96
15
30
48
45
14
24
14
94
13
28
90
9
54
0
84
61
95
4
85
82
79
44
93
47
80
84
76
45
5
16
93
21
46
41
18
12
66
85
6
79
13
49
40
19
49
24
80
44
80
17
78
12
13
23
59
93
59
36
90
65
4
84
38
50
25
56
14
91
41
20
22
6
69
62
25
71
39
57
67
71
74
46
83
87
21
95
32
81
83
23
98
87
7
36
89
32
44
3
76
38
75
98
44
45
13
22
68
52
31
35
75
58
33
59
45
55
54
78
88
37
53
86
76
60
74
65
44
70
20
20
8
95
71
5
92
84
79
60
88
10
96
63
68
29
74
66
36
80
96
24
69
49
62
45
61
36
62
5
59
82
78
67
78
49
24
70
85
3
83
25
66
31
40
86
12
67
4
49
47
0
25
17
1
88
14
14
76
29
72
35
11
50
3
41
51
79
64
88
83
47
65
1
78
5
87
42
72
92
91
72
44
17
41
98
5
7
12
81
36
84
17
48
86
72
41
89
51
5
77
86
52
42
87
82
0
27
25
24
19
68
96
63
85
37
13
42
45
26
76
33
62
45
81
1
69
23
90
72
80
68
59
85
62
98
67
14
25
44
39
44
65
87
60
2
77
73
45
74
51
73
7
14
70
41
15
39
64
57
11
96
77
22
81
40
21
1
6
46
45
45
43
62
85
55
65
62
80
10
36
32
35
43
98
5
84
65
44
0
22
7
97
0
30
30
92
51
31
98
49
29
96
44
91
81
99
56
43
80
18
79
64
53
74
62
10
11
27
6
11
1
14
60
1
44
43
93
47
74
44
96
3
40
93
47
21
92
55
16
24
74
47
88
79
21
2
90
32
81
96
96
83
62
8
84
6
51
30
53
78
26
2
33
66
95
80
39
39
36
55
64
62
2
4
93
75
