827
9
81
67
44
60
90
19
24
69
84
39
56
94
1
81
41
96
19
64
31
5
55
65
74
84
33
31
96
40
29
49
49
62
68
93
22
58
64
98
28
48
37
36
43
91
17
36
39
36
0
70
41
56
35
16
92
20
99
89
60
29
90
61
43
58
6
18
68
71
16
48
71
6
85
14
97
2
3
36
91
3
58
32
11
45
0
56
66
52
45
78
33
35
40
76
45
98
94
13
69
63
62
41
21
99
7
18
53
10
6
44
66
16
29
29
61
81
85
27
33
30
6
66
17
98
95
14
96
41
80
18
4
94
11
77
93
18
95
46
81
53
91
47
69
20
28
83
1
14
10
87
96
68
53
14
18
0
80
67
42
60
85
98
54
96
76
47
66
23
46
99
29
89
98
50
9
27
33
62
41
96
1
37
64
7
3
35
7
84
2
49
96
39
0
51
35
76
50
53
51
48
53
80
37
51
31
98
30
16
13
71
12
14
61
29
21
64
64
29
0
66
30
97
57
82
0
92
10
2
97
62
3
2
94
40
6
25
39
36
42
52
8
6
18
69
35
40
85
99
21
38
17
3
87
74
86
39
18
96
41
68
10
96
70
5
37
76
82
28
13
24
32
73
83
50
94
18
42
31
18
63
69
87
19
56
14
5
95
32
53
89
0
64
85
23
69
22
99
51
2
64
28
34
37
11
85
83
29
27
15
99
43
84
39
62
41
53
19
88
85
72
77
38
36
15
61
5
89
12
9
92
77
37
26
66
0
63
50
29
43
65
81
38
1
20
52
42
73
71
83
10
43
12
0
32
27
13
89
17
26
98
61
55
87
87
73
87
3
23
17
98
40
50
36
42
70
88
36
43
11
19
5
54
32
6
86
59
19
28
28
97
26
89
4
14
29
78
53
84
53
70
82
94
20
70
36
42
10
72
37
21
92
43
75
76
1
14
35
72
42
16
70
20
5
26
86
34
4
40
18
58
62
52
52
35
22
40
77
32
12
15
53
56
10
81
32
11
47
20
83
41
88
5
61
93
32
0
80
88
40
50
46
2
3
50
89
77
42
67
10
55
34
15
63
44
96
48
55
43
20
38
36
8
96
98
53
28
98
33
16
90
84
15
44
39
17
34
16
60
1
26
67
35
94
82
79
90
30
86
86
2
76
22
62
72
72
16
52
22
1
21
12
85
88
9
76
5
43
93
17
96
71
36
31
65
19
62
8
1
0
46
4
76
20
18
1
93
34
53
67
36
26
32
73
14
41
50
72
84
95
89
32
66
26
63
84
97
77
92
98
29
90
54
5
10
73
58
55
59
12
23
95
90
7
21
5
48
71
77
84
18
18
16
84
96
31
68
93
60
12
44
89
2
50
46
13
75
5
20
35
69
95
82
59
2
3
64
50
26
93
86
44
64
54
81
60
85
1
6
45
14
2
86
68
52
33
81
28
38
54
15
59
49
97
18
52
53
35
54
31
28
41
28
92
95
9
5
33
10
63
30
76
65
17
45
69
2
78
49
40
32
64
99
82
14
69
86
19
4
40
50
85
81
30
77
29
39
34
62
2
97
92
78
14
9
75
36
11
54
85
3
38
2
54
20
68
76
6
87
80
99
89
65
80
20
95
61
11
81
23
13
79
16
44
45
77
19
81
41
25
19
96
64
21
3
36
89
79
95
28
59
94
69
77
26
89
72
88
53
53
11
18
84
79
62
82
9
34
63
2
59
34
98
23
55
53
60
96
32
55
76
44
1
46
21
27
87
45
15
40
50
79
59
87
10
73
69
71
7
84
73
19
19
24
42
26
29
54
75
62
61
3
58
14
49
31
42
89
76
9
81
78
40
92
65
51
18
86
74
25
23
48
96
94
24
39
72
