446
79
0
45
55
33
95
23
4
94
23
15
64
21
5
55
34
17
13
31
76
13
17
85
48
87
25
83
39
24
53
67
3
5
13
11
38
8
86
43
55
10
10
19
31
16
74
17
85
40
48
61
53
17
47
53
56
24
89
95
1
94
62
4
0
75
67
90
36
54
33
43
64
96
62
47
12
89
64
49
81
64
10
86
33
9
40
89
86
29
84
87
23
98
43
75
26
11
66
14
65
51
57
81
47
71
28
11
12
44
60
93
60
23
80
93
32
20
82
70
1
18
57
76
16
1
52
94
64
18
8
29
21
65
62
21
37
42
32
49
86
45
95
98
68
75
43
52
47
77
23
0
95
32
76
63
85
28
58
49
98
66
78
20
84
92
93
21
34
25
22
72
22
17
70
42
44
13
95
43
42
70
43
37
2
20
53
88
48
11
89
99
29
20
71
13
12
64
86
47
41
61
19
64
78
42
6
75
7
53
18
50
75
62
39
78
34
92
18
34
55
7
33
37
27
4
2
92
20
89
39
62
50
10
78
80
52
36
55
12
90
26
62
17
40
53
47
74
46
65
60
53
25
94
90
4
50
93
48
71
34
87
85
84
50
63
16
54
99
72
66
41
98
80
59
90
34
58
64
32
24
24
85
1
70
28
57
21
73
6
44
59
45
29
95
95
44
11
2
95
83
68
89
33
1
0
75
35
58
39
19
34
16
56
87
38
36
45
11
9
3
7
20
0
36
15
48
32
27
50
28
62
70
17
48
71
69
23
6
27
15
77
62
31
34
49
21
70
46
33
32
49
40
52
50
29
68
98
61
95
0
41
57
70
10
5
42
79
81
0
7
96
78
21
79
12
70
0
34
17
85
66
18
26
19
20
7
87
70
20
34
70
62
91
93
72
49
35
4
30
87
63
26
65
84
5
29
54
57
16
23
43
82
94
21
53
66
28
40
37
48
26
59
62
70
52
87
19
39
91
1
27
54
79
44
38
36
26
44
93
42
20
88
24
66
9
78
