888
66
27
23
84
35
36
88
52
54
9
29
14
77
55
28
64
99
28
13
54
61
96
41
41
68
27
98
70
42
27
85
8
55
60
92
90
96
32
94
2
42
76
16
71
31
96
35
30
25
1
36
38
49
30
79
17
57
77
40
0
5
77
60
60
37
53
2
85
37
48
39
79
24
55
3
7
4
90
37
81
91
26
19
40
56
98
10
65
76
2
17
33
79
78
45
68
83
47
53
20
47
92
52
24
99
55
31
55
45
21
88
89
47
7
81
55
58
91
20
86
93
90
19
24
68
64
44
51
63
49
71
62
93
23
86
45
30
70
0
76
91
89
17
90
48
98
97
6
90
69
92
35
59
63
12
27
27
56
30
42
6
54
5
99
29
43
44
60
13
97
88
56
86
5
98
86
3
95
93
45
17
85
33
76
49
45
56
28
1
86
23
59
40
28
59
70
23
55
82
89
52
70
45
90
75
96
77
30
43
22
76
60
7
9
37
8
6
93
89
7
31
12
19
72
92
30
94
15
85
76
4
90
98
2
80
73
98
9
55
41
31
31
2
91
92
91
51
98
36
92
58
67
4
77
91
48
7
37
16
44
13
20
34
11
74
67
36
24
28
92
66
60
75
20
3
20
63
54
18
99
47
28
18
3
5
10
52
64
47
68
9
13
40
95
76
15
62
65
91
43
57
57
3
84
29
58
4
44
12
23
43
11
3
62
15
9
24
19
25
71
39
34
36
31
82
13
98
96
78
90
39
87
99
94
71
29
52
28
73
65
3
69
28
6
83
95
15
7
14
41
78
5
27
67
37
61
80
35
58
10
25
97
97
25
92
68
6
44
48
31
61
51
0
90
58
83
85
73
42
52
66
73
9
46
40
46
7
20
34
17
30
59
15
79
36
59
99
94
55
48
26
17
99
78
59
57
14
96
83
56
0
1
29
10
99
69
8
7
41
42
24
23
54
91
2
90
50
2
85
6
50
63
75
49
41
34
59
55
82
42
64
83
43
93
45
95
63
53
2
56
48
78
80
2
22
82
44
24
36
81
30
86
44
57
88
38
43
99
45
26
41
9
61
36
3
6
31
18
11
85
26
59
16
6
13
38
41
58
62
77
39
45
16
36
2
56
74
98
55
71
24
48
81
37
36
36
95
68
6
58
5
32
18
21
91
31
11
32
41
26
61
81
71
29
69
25
37
43
75
44
66
99
92
47
88
29
35
83
49
41
42
54
26
12
28
17
95
91
1
37
17
14
70
40
96
39
18
33
82
93
78
48
45
22
48
33
51
83
69
0
77
63
7
3
27
87
72
22
78
25
59
96
39
29
88
35
20
6
21
2
0
51
3
45
73
3
30
77
38
99
29
15
14
36
70
41
75
42
64
54
67
75
2
59
57
90
46
77
97
19
32
97
70
87
94
44
90
24
21
80
24
50
48
90
39
18
32
14
13
96
20
32
71
22
43
80
13
90
58
10
9
90
59
32
77
53
76
19
29
49
99
5
51
47
96
42
18
28
57
83
76
77
15
99
52
59
80
65
1
38
27
62
80
38
94
9
43
22
28
72
23
79
30
27
79
26
69
97
54
78
80
82
8
47
81
60
58
61
77
59
51
56
74
31
94
68
40
89
43
20
61
66
52
43
93
31
69
15
80
75
93
12
57
1
59
39
61
70
52
90
29
56
46
55
87
40
76
80
29
19
52
43
37
4
86
83
35
8
98
67
83
91
79
93
45
39
84
58
9
88
49
90
44
95
46
84
88
74
16
17
93
68
12
82
73
51
65
60
11
15
28
46
7
59
39
4
50
75
62
59
64
11
2
8
7
0
92
95
74
8
64
19
29
29
1
54
32
19
66
43
34
46
89
93
6
29
97
56
56
60
68
20
23
22
29
30
22
73
77
48
34
94
19
63
23
20
69
55
91
35
98
26
82
39
71
88
68
69
96
25
81
64
97
4
86
78
87
60
4
16
8
38
10
27
53
85
0
22
92
91
9
42
69
91
82
41
31
2
