263
31
30
57
77
47
80
14
24
48
20
3
95
58
56
28
78
8
43
88
59
72
83
49
79
54
54
31
50
15
96
52
98
26
9
75
74
90
41
98
38
62
54
85
20
62
13
50
71
8
91
30
81
26
32
60
32
86
91
82
53
87
34
52
66
96
79
92
86
21
42
76
35
96
61
7
59
74
57
30
82
0
12
63
78
96
75
11
35
67
45
88
6
32
92
24
28
24
16
14
97
59
42
32
55
3
39
66
29
48
48
63
49
13
79
27
9
54
90
44
73
36
85
80
68
77
4
48
53
73
62
50
32
56
82
39
11
21
58
92
22
6
55
23
19
34
2
29
41
93
25
14
81
62
46
49
92
3
97
45
76
11
96
60
19
30
51
30
52
9
22
26
16
77
49
87
64
51
68
57
44
94
71
25
8
70
26
0
25
75
46
53
86
94
13
57
24
64
87
28
26
61
54
42
91
3
81
55
55
50
12
51
96
35
77
4
5
55
5
82
31
3
35
69
97
48
27
73
65
14
2
43
76
56
85
67
12
18
74
19
68
38
70
64
73
47
21
31
3
78
13
86
81
49
55
30
49
82
55
66
49
57
9
77
