894
62
75
20
75
45
72
19
44
94
47
90
9
66
71
22
48
44
96
14
6
31
85
31
64
81
82
53
11
66
36
75
81
11
96
56
8
20
27
53
66
27
95
75
93
18
50
41
63
46
8
21
29
93
52
94
27
87
99
90
5
35
66
86
46
14
94
7
86
74
60
53
1
7
80
46
25
82
87
40
29
95
62
58
89
66
52
68
5
51
58
11
38
76
49
37
90
96
44
29
70
56
34
71
63
66
17
40
49
56
33
78
4
47
36
45
65
41
13
71
44
71
34
83
48
83
20
90
79
64
19
1
20
53
24
35
20
93
27
69
50
12
99
54
59
87
51
77
28
64
48
73
35
34
8
83
69
28
26
49
44
45
2
64
51
27
51
23
20
78
92
22
43
43
28
2
30
79
79
59
43
79
84
31
13
92
66
83
72
92
84
16
38
86
80
41
65
83
64
86
13
8
60
56
51
89
11
81
68
42
92
64
22
28
95
87
20
61
70
92
54
6
8
44
45
40
85
10
75
49
48
89
9
9
97
60
98
8
93
18
51
86
82
25
66
29
12
87
43
35
31
97
41
92
93
38
32
30
49
60
31
49
49
40
58
46
52
8
7
45
79
58
83
13
83
50
43
47
89
38
82
20
87
76
12
80
14
97
10
15
57
93
65
58
33
75
56
85
36
63
82
67
73
66
80
8
68
75
56
57
13
90
29
0
66
94
32
33
91
94
48
0
87
65
58
20
93
66
57
81
30
92
48
55
10
80
64
78
8
20
87
73
10
68
26
29
62
58
62
5
53
62
5
92
28
15
65
73
82
74
6
64
66
6
19
76
86
83
6
46
55
93
20
18
62
46
47
76
56
61
82
61
23
39
54
3
55
19
76
89
93
34
53
12
40
24
88
79
8
95
25
15
40
97
33
2
95
32
79
52
93
13
13
17
52
19
72
7
90
1
48
36
35
53
48
76
78
36
55
38
31
32
53
24
30
39
78
25
71
57
77
17
22
43
34
75
14
58
34
5
59
83
41
95
36
89
23
14
25
78
52
9
62
58
33
92
97
11
18
20
21
47
37
95
42
23
70
57
82
5
62
41
88
3
88
76
44
11
43
21
41
47
30
4
5
15
96
54
79
66
27
52
66
64
47
8
40
70
65
74
75
79
67
15
34
56
43
78
19
86
0
61
34
82
65
91
98
13
98
29
80
25
33
46
41
80
6
81
50
72
7
77
3
75
44
38
31
88
16
2
26
16
63
60
99
80
4
49
94
54
78
26
79
11
24
72
43
30
6
46
54
13
75
58
88
20
96
71
8
12
74
34
81
89
47
80
70
3
29
16
57
59
42
88
22
18
12
65
48
18
63
55
84
39
13
72
59
61
96
19
25
22
5
6
11
4
86
81
59
67
97
16
78
91
56
0
9
69
66
10
39
81
65
23
20
30
48
31
91
96
2
16
18
8
75
81
64
13
15
24
33
64
92
11
56
49
12
17
70
30
27
61
11
92
85
84
74
85
15
65
81
18
34
51
78
61
32
42
74
47
66
7
64
59
19
20
60
83
37
82
13
17
43
76
9
80
60
36
65
28
53
98
46
87
1
76
0
86
18
75
33
37
82
49
48
53
69
8
36
59
90
1
76
85
78
37
66
38
73
83
18
27
34
64
66
35
92
19
21
63
94
7
0
28
56
0
34
78
8
70
37
50
24
65
87
2
2
53
92
28
37
11
7
23
27
25
58
20
44
80
83
90
87
35
19
95
35
53
73
95
75
10
97
99
27
84
1
30
90
46
10
79
57
69
2
84
94
60
56
91
92
39
81
31
74
0
27
61
5
0
56
81
63
53
32
90
38
86
72
80
32
34
59
41
3
61
25
98
21
34
89
14
73
22
45
0
23
72
61
80
25
70
61
40
75
94
30
65
32
55
45
64
89
4
5
93
65
82
43
87
16
84
53
42
6
98
94
81
23
7
62
0
77
75
40
53
21
22
18
53
77
64
17
19
20
74
64
86
57
7
25
25
43
78
67
