764
4
27
99
85
19
59
69
57
3
50
53
82
99
38
57
58
23
25
94
14
16
11
93
57
39
35
94
0
48
55
7
53
35
6
38
54
17
60
64
72
10
69
54
61
7
63
19
31
88
14
97
5
77
90
14
16
78
8
68
26
15
75
31
50
34
22
57
3
34
73
76
44
42
82
58
50
46
77
33
86
43
82
91
73
25
57
41
3
65
10
81
81
37
65
83
71
87
40
75
21
13
3
17
56
85
27
58
83
57
91
70
0
25
13
25
50
71
67
53
88
29
87
21
66
52
5
90
91
45
65
64
59
20
81
67
5
9
25
41
18
68
11
70
93
76
96
44
99
15
49
88
44
36
9
62
88
14
52
79
12
17
43
23
37
77
90
95
38
15
36
56
35
99
26
28
27
74
72
27
89
22
15
85
10
76
48
99
43
0
30
55
70
26
78
59
55
68
6
93
35
94
1
22
93
79
50
73
54
75
0
95
49
67
33
59
43
33
10
86
33
93
41
55
19
71
67
74
91
73
19
78
68
72
0
13
51
51
86
57
78
38
5
27
5
38
38
49
71
1
87
56
94
29
64
65
52
31
91
44
4
62
22
24
34
23
38
37
26
76
95
56
15
0
35
20
90
73
21
13
26
9
21
72
90
85
37
42
16
80
38
73
42
61
97
76
36
35
66
14
12
61
70
27
13
5
99
55
30
21
68
57
30
89
29
20
27
19
14
43
99
53
16
42
66
14
70
2
1
36
68
65
49
38
92
14
43
44
69
25
65
89
82
47
79
64
19
6
83
33
1
82
38
70
76
4
36
99
58
37
87
26
3
37
64
47
3
59
91
73
85
8
62
19
55
93
83
26
51
66
60
5
1
50
75
29
55
11
28
13
0
16
40
55
5
56
3
8
16
46
33
53
55
96
24
62
41
8
89
93
26
1
50
79
51
25
9
6
88
37
72
88
5
12
96
62
20
99
23
36
97
56
41
52
4
66
67
98
26
56
43
52
57
93
32
60
70
93
67
58
82
39
98
40
3
94
2
23
45
77
12
43
86
53
47
42
71
14
40
97
22
83
2
31
28
86
92
98
79
59
56
13
50
7
53
53
1
8
76
47
85
40
90
23
46
89
66
17
4
58
67
78
94
21
10
22
7
2
21
38
61
29
51
11
36
57
16
90
65
44
37
50
85
79
26
83
20
92
0
24
50
19
3
44
40
13
19
99
67
92
89
28
21
93
91
10
50
59
0
67
3
89
17
40
20
43
23
40
87
76
17
38
95
72
34
88
37
53
39
4
45
81
32
19
74
75
81
76
34
33
43
89
22
12
82
94
8
5
34
95
33
51
85
81
75
72
21
12
77
60
16
75
93
0
94
19
75
27
47
61
60
90
3
82
55
85
76
63
42
62
10
28
66
48
9
41
72
30
54
49
42
70
24
88
71
70
7
98
97
55
12
57
97
67
91
52
4
19
67
98
82
30
26
48
30
87
89
2
69
95
3
64
66
28
52
89
50
11
39
0
66
3
9
16
70
1
20
26
72
40
25
6
22
3
54
52
91
96
6
60
91
9
24
9
89
28
98
92
40
90
92
6
93
1
74
16
54
95
42
79
35
19
85
57
23
40
61
66
88
67
26
31
28
3
41
18
31
91
62
71
81
54
30
27
7
4
95
14
51
37
93
38
9
78
95
84
70
8
50
58
27
76
90
56
31
83
26
63
74
88
86
8
94
68
87
