622
96
11
12
12
48
6
79
23
83
48
30
73
53
96
18
93
80
36
73
58
91
37
16
66
62
95
48
60
47
17
53
43
81
65
7
29
24
87
4
59
35
35
33
88
83
3
33
63
39
7
73
30
96
42
96
10
37
96
70
84
66
75
79
47
93
87
28
17
26
32
76
61
67
61
2
3
16
35
18
55
94
92
37
91
86
85
1
23
34
24
60
0
99
39
99
92
78
27
61
4
59
90
18
79
51
20
82
68
55
0
75
50
44
65
93
30
2
46
6
36
70
66
88
22
57
87
66
88
14
80
44
26
70
62
5
21
34
39
41
90
39
69
92
36
86
85
66
88
83
24
25
6
42
65
80
0
53
46
40
67
26
84
45
48
47
50
22
81
89
15
23
81
84
67
17
70
4
35
59
88
12
36
94
54
53
74
54
6
72
94
26
51
31
71
99
78
74
21
11
15
37
87
96
73
54
65
44
59
53
55
47
65
43
93
19
96
67
26
3
39
72
81
42
55
52
42
85
78
15
97
94
4
36
42
78
90
60
74
49
65
29
48
82
24
41
53
72
60
79
27
52
4
8
94
59
13
36
45
91
4
94
37
8
30
80
38
20
92
12
22
57
93
22
39
17
64
92
42
24
24
69
76
80
78
71
39
91
59
36
34
15
82
72
24
12
4
14
85
96
27
59
53
20
81
44
90
45
36
32
22
12
1
50
92
31
73
84
74
33
20
61
0
55
33
76
67
89
91
4
85
18
15
90
90
97
34
32
94
22
16
68
35
70
19
27
1
92
11
28
77
84
89
78
91
74
6
10
63
97
15
0
67
30
90
58
79
24
42
26
98
59
94
33
29
13
61
82
58
24
10
35
60
99
65
51
73
72
62
88
69
29
88
37
11
78
47
91
54
89
17
53
0
63
86
29
77
99
12
35
76
22
22
88
74
88
40
99
12
54
88
81
35
76
70
46
55
69
89
61
59
58
14
59
22
53
41
51
52
5
86
80
79
60
69
53
48
61
53
60
15
41
94
50
17
16
48
24
86
38
86
97
48
0
56
70
5
49
21
58
54
59
38
34
20
59
87
20
20
92
33
87
85
27
89
55
95
38
79
81
28
17
78
76
70
87
47
75
36
20
33
43
80
24
77
52
83
16
72
56
61
5
43
46
84
85
1
80
23
33
61
3
50
92
31
20
79
30
96
15
51
81
58
83
5
87
35
41
56
7
49
17
65
92
63
49
29
17
29
52
50
43
7
0
35
39
21
14
69
17
81
72
50
92
55
56
31
90
49
87
50
98
4
15
42
68
64
72
85
46
76
87
41
36
87
76
75
8
42
44
77
75
69
28
67
24
36
51
15
37
38
17
35
43
32
29
63
48
53
0
46
30
87
87
66
26
15
93
87
57
89
16
33
