366
54
98
52
22
38
88
62
40
2
8
47
64
64
30
30
75
17
17
78
38
53
15
37
13
14
95
89
12
41
90
96
95
40
0
17
78
88
32
70
42
40
70
6
56
52
88
83
69
57
61
59
10
76
96
75
90
91
64
2
32
6
50
27
98
3
97
77
43
81
99
86
73
69
44
81
21
33
65
42
90
26
54
53
55
2
80
45
94
97
0
78
55
2
58
54
5
7
83
49
88
82
87
13
4
31
94
77
16
59
72
59
86
26
64
93
28
44
90
74
93
90
53
49
45
63
55
50
70
38
51
10
72
90
23
76
22
17
6
90
77
78
49
15
56
65
60
84
10
50
59
55
93
64
4
38
79
59
40
1
49
44
11
22
34
86
50
8
3
56
99
32
86
0
99
42
66
59
79
28
62
38
83
55
54
40
93
85
51
85
86
1
29
49
75
64
35
77
72
90
86
71
75
72
24
26
67
90
38
46
70
0
36
53
55
42
45
0
27
97
85
65
50
15
14
77
79
49
54
3
91
40
27
66
65
51
45
32
93
83
78
63
83
66
68
90
8
14
90
35
11
27
0
13
42
14
90
73
15
44
29
58
37
56
25
54
7
22
86
52
5
16
15
40
82
83
82
90
49
72
77
12
51
29
25
46
43
15
71
10
12
0
68
1
56
45
55
15
67
93
67
24
9
34
64
43
18
98
85
67
70
62
32
74
91
57
20
86
25
91
48
89
92
68
90
0
66
97
16
85
90
35
10
51
70
26
46
40
25
31
59
47
45
91
21
88
1
93
26
26
85
74
15
29
94
57
29
60
54
97
46
96
85
8
99
7
34
