779
57
67
93
91
93
55
53
28
3
28
96
37
33
28
47
59
87
32
91
66
80
89
51
42
90
31
27
57
11
38
89
20
5
34
64
99
41
17
79
45
46
27
34
31
55
81
90
94
65
81
61
98
70
64
40
13
96
67
22
59
5
63
32
63
98
96
14
39
13
45
84
11
73
70
42
80
52
85
75
69
66
88
67
89
52
59
54
0
79
76
12
36
40
44
99
38
40
65
29
5
11
14
69
36
84
63
16
88
0
43
58
19
83
77
8
36
37
62
88
16
90
0
52
30
96
4
20
88
21
50
94
32
64
15
20
0
30
37
41
31
32
51
50
16
28
10
4
17
24
92
33
14
45
38
97
41
94
17
30
15
67
76
0
83
43
20
36
73
9
77
56
94
80
6
10
60
68
66
78
92
58
63
59
3
1
56
97
47
73
27
15
93
3
15
76
46
87
12
71
49
41
28
43
73
86
53
34
55
71
12
99
29
75
58
85
29
14
34
28
40
61
43
33
16
58
61
14
98
26
85
47
67
65
90
93
52
95
27
59
66
39
58
47
66
69
84
47
83
18
76
75
79
19
8
47
30
70
61
28
96
99
75
15
64
17
60
68
12
87
79
30
78
38
77
45
59
62
44
94
32
20
70
64
92
30
11
74
0
73
2
48
24
29
16
88
98
76
9
10
16
88
92
94
78
69
91
37
83
36
32
16
8
2
80
0
32
43
26
85
68
28
85
92
9
1
81
7
30
42
69
46
30
61
40
9
83
84
46
18
20
30
34
80
84
66
33
17
62
59
54
30
40
39
23
49
93
56
9
23
98
30
69
28
44
61
89
27
45
88
45
17
18
32
50
3
50
83
72
12
42
26
43
34
17
18
36
10
74
97
33
24
27
54
4
23
68
94
2
65
34
0
83
4
32
85
59
34
68
83
99
62
9
94
97
27
12
33
89
38
30
23
62
9
29
66
33
97
12
35
63
98
35
98
3
19
83
62
6
3
46
5
65
7
99
14
86
63
47
76
1
29
51
15
39
80
33
24
30
98
11
93
96
47
43
99
18
78
14
24
81
12
81
46
19
32
61
58
95
60
34
48
42
37
15
33
17
49
57
47
47
20
92
43
67
35
95
38
13
61
14
46
73
96
93
44
28
6
2
76
18
88
24
60
25
40
45
95
41
2
94
88
75
39
83
94
74
30
32
40
91
99
86
16
95
31
61
75
89
15
3
60
56
28
20
33
20
18
28
13
72
75
1
47
14
36
42
40
19
74
32
62
73
71
79
20
2
40
48
44
55
51
4
11
31
76
45
51
94
25
64
67
52
17
14
66
6
56
59
77
83
91
39
8
62
18
29
17
58
77
61
66
80
17
29
12
93
26
63
40
4
80
7
56
49
21
75
7
30
34
84
13
25
24
21
40
42
2
57
53
31
70
19
12
87
0
24
32
27
39
72
83
71
31
39
21
53
14
28
35
0
65
48
26
89
21
66
31
76
75
84
7
45
55
19
84
56
95
68
35
87
41
18
58
72
9
31
77
24
12
12
76
77
12
2
66
86
20
97
62
47
34
69
44
89
41
28
45
36
49
80
75
42
50
34
66
60
65
44
36
77
8
12
54
73
67
72
59
39
70
73
87
56
94
31
45
35
12
91
24
61
23
99
55
74
33
21
86
51
17
22
80
26
34
87
51
53
59
62
93
81
35
80
37
29
63
83
17
75
26
93
88
1
92
43
27
78
17
13
81
34
87
61
60
22
48
63
27
8
25
