813
78
77
64
3
18
25
14
48
98
0
93
15
30
40
17
71
13
9
35
47
29
23
19
10
32
79
78
32
43
33
51
22
11
67
77
81
92
91
81
43
43
74
58
74
67
27
97
80
88
84
79
17
7
51
80
92
82
10
76
26
44
28
0
7
95
77
40
40
20
21
83
64
48
41
90
67
20
39
47
8
23
78
77
30
29
9
22
64
20
51
42
16
79
42
23
26
71
15
66
43
88
49
59
36
42
49
55
14
40
54
22
63
33
0
46
14
61
20
78
81
71
20
97
50
14
72
29
37
87
95
33
28
97
92
16
91
94
72
6
34
26
28
98
11
80
44
26
94
64
56
75
36
29
25
38
95
97
67
85
37
15
18
65
12
62
81
55
56
5
61
91
32
42
41
43
74
37
21
68
53
30
96
41
59
21
80
6
70
99
91
59
66
9
76
30
24
10
86
80
15
47
23
47
41
16
43
68
53
64
36
7
46
32
0
5
5
80
12
76
32
55
35
98
17
12
29
41
22
15
21
89
14
97
89
8
13
32
76
67
48
12
26
95
97
26
52
2
59
16
30
43
72
66
41
89
30
22
30
4
89
3
93
4
0
82
64
14
66
40
33
67
4
11
62
53
89
66
8
0
83
38
43
55
56
37
96
86
11
26
42
1
29
88
57
82
22
21
96
89
13
81
56
69
44
70
23
33
36
31
34
71
69
29
26
26
18
22
64
30
0
7
31
82
95
40
64
17
61
12
58
74
45
66
43
89
36
18
22
25
49
8
96
71
90
75
49
8
49
13
38
50
72
21
84
19
61
48
37
74
12
47
0
57
14
96
98
2
14
20
27
16
81
76
39
71
51
88
31
0
53
22
2
26
95
86
97
57
86
34
83
50
34
84
59
48
32
57
50
46
30
30
14
11
58
53
34
61
93
65
61
47
39
16
25
35
54
22
92
41
9
27
43
43
11
3
43
43
60
45
42
90
27
8
53
85
14
39
46
7
5
60
6
44
76
31
31
82
6
23
75
15
51
19
10
14
22
5
10
82
50
4
25
78
12
30
15
26
70
62
86
27
74
92
23
2
24
55
84
82
30
60
49
33
79
59
48
1
16
10
35
66
66
12
96
30
43
12
57
13
26
95
92
0
87
15
54
63
70
38
45
1
98
94
34
29
5
34
82
73
96
18
92
62
30
88
93
25
52
2
90
30
97
82
82
36
98
36
0
20
75
97
21
25
44
8
7
49
94
89
75
91
59
67
5
42
55
98
67
60
52
58
90
1
40
25
38
90
61
90
11
88
87
84
66
31
44
73
33
91
62
8
82
74
75
39
16
82
90
83
42
42
41
85
44
34
10
34
76
23
24
39
12
11
24
30
95
20
3
28
11
17
88
45
91
63
85
7
97
75
43
40
69
36
77
65
70
39
99
99
14
75
38
78
87
62
8
34
35
63
62
46
81
50
92
24
65
29
84
62
56
27
54
25
63
83
43
86
22
94
85
89
70
23
67
9
38
76
43
73
39
57
71
72
59
15
49
24
44
33
86
0
60
93
78
75
76
73
61
51
67
46
40
89
70
7
98
60
35
93
85
75
50
56
99
9
72
48
85
68
33
72
21
93
17
51
21
93
24
82
44
91
29
84
81
51
92
31
11
27
77
96
54
27
4
6
89
76
6
74
97
40
98
18
85
15
69
6
61
93
89
5
36
70
90
69
21
34
53
84
13
30
32
68
9
36
26
98
65
32
25
62
72
75
32
10
43
1
16
4
46
57
9
34
27
51
4
0
85
57
84
51
39
68
19
48
57
97
47
22
29
24
36
54
99
68
64
94
21
32
98
19
90
60
