837
63
45
71
99
30
16
31
26
74
10
81
25
95
52
46
62
38
99
28
78
70
19
42
46
46
31
69
73
69
24
98
32
69
69
84
99
85
15
77
11
78
59
37
73
11
35
87
1
35
16
79
57
87
74
56
85
5
77
59
74
1
9
58
71
79
42
22
16
10
0
28
88
11
65
13
74
0
1
76
87
69
7
97
56
81
5
41
38
82
52
12
84
62
23
7
93
17
81
9
27
81
89
67
44
6
33
71
7
34
47
46
3
54
95
11
88
0
4
26
83
9
91
19
23
14
26
16
31
7
77
11
41
67
30
85
73
63
8
32
49
55
31
52
62
26
15
2
79
20
28
14
29
71
33
52
85
59
20
69
18
97
32
59
16
14
97
42
30
5
74
79
13
57
84
27
36
99
29
15
19
57
29
0
81
62
4
18
73
24
87
91
74
71
3
90
38
52
84
68
57
59
47
22
68
31
49
4
83
78
19
54
88
48
55
69
62
11
87
35
36
27
79
62
50
34
4
88
86
89
56
95
0
56
18
68
39
19
73
22
98
44
29
38
45
36
59
7
47
46
95
35
25
26
97
76
60
54
16
98
43
25
93
95
81
63
63
20
83
88
95
33
85
24
23
30
60
82
89
59
80
36
95
6
14
44
34
26
98
2
24
93
27
70
88
8
33
4
81
68
92
28
1
29
4
24
59
16
58
1
75
39
89
70
97
4
67
31
30
65
85
55
59
13
25
47
21
10
3
54
79
48
82
32
77
86
57
89
54
15
90
30
6
79
0
3
35
19
86
66
85
72
73
96
85
50
95
58
60
99
65
39
47
47
72
24
86
81
13
92
48
55
22
55
87
75
10
22
94
97
88
79
21
13
75
58
63
71
16
24
22
81
15
69
81
39
93
19
20
59
11
21
14
86
28
1
61
38
76
55
87
16
87
8
30
14
66
93
37
35
69
59
68
85
28
49
24
74
20
97
33
84
70
47
70
98
1
83
36
29
38
24
45
77
84
27
92
51
21
29
86
42
89
54
79
69
56
56
43
28
5
76
64
75
76
34
73
29
69
9
58
8
85
55
37
22
83
29
73
56
11
11
98
52
17
30
21
25
86
17
6
91
45
70
66
21
57
39
2
26
0
12
34
38
68
24
60
3
53
85
59
16
48
9
68
17
91
42
95
77
59
1
20
4
71
86
78
28
77
80
55
30
45
41
20
65
65
32
68
71
69
79
87
69
40
56
86
32
50
81
9
9
82
82
65
54
20
43
34
50
76
41
80
21
83
52
38
0
36
6
71
5
37
59
74
77
67
12
9
17
94
71
78
28
53
43
34
73
39
69
23
67
10
55
88
45
59
78
46
95
36
17
52
73
28
78
50
47
91
12
16
85
35
46
13
40
90
48
13
81
69
89
48
79
96
88
25
8
66
23
55
2
92
8
75
73
38
77
20
29
41
89
14
76
35
80
16
77
80
82
58
49
23
58
80
71
46
57
79
12
80
87
66
73
47
93
46
85
23
18
15
64
7
81
93
95
13
9
72
93
43
83
94
66
41
75
90
88
32
21
52
13
8
71
38
7
64
36
93
39
54
8
4
14
41
97
61
55
58
33
48
54
68
43
72
10
70
62
50
2
84
54
67
44
25
57
52
42
93
45
81
0
5
37
66
98
86
27
53
45
12
54
51
81
49
23
43
19
86
93
73
22
99
41
66
25
50
18
19
44
15
0
96
72
90
14
71
76
41
24
73
5
30
24
86
79
48
81
50
34
26
24
56
26
17
74
51
67
93
22
63
60
74
11
33
64
25
4
41
18
80
14
24
11
39
62
90
87
44
41
73
70
17
29
96
34
3
99
53
48
73
17
61
48
28
94
12
6
50
53
24
30
68
48
41
7
63
84
