497
8
56
91
99
30
53
31
39
23
60
8
51
74
4
4
56
17
56
87
82
42
79
16
62
65
1
39
48
20
19
41
28
27
84
27
10
37
11
49
12
71
10
63
97
66
20
53
83
76
92
65
70
71
33
84
36
34
24
36
7
95
77
35
75
13
15
85
3
26
86
15
97
96
31
94
62
51
0
98
79
44
63
50
16
49
86
4
83
10
41
90
6
70
78
81
36
93
18
39
19
4
6
68
53
37
62
67
40
14
65
20
59
81
22
27
30
60
31
65
71
24
8
29
47
38
62
83
31
80
22
2
36
28
70
41
18
84
9
58
99
26
30
58
59
4
85
41
65
68
59
88
45
19
17
92
57
79
75
40
11
97
42
99
77
12
41
95
48
2
54
47
80
36
57
40
41
94
33
6
63
92
94
8
11
63
0
20
94
27
60
57
76
54
56
53
66
49
1
67
51
55
14
84
43
24
24
84
18
9
42
81
2
88
41
65
51
93
38
45
72
98
2
48
53
11
54
71
12
55
90
64
62
57
0
5
81
24
90
99
85
84
33
87
73
26
5
24
72
43
22
44
93
76
93
98
87
99
22
0
54
12
16
16
69
16
73
50
92
15
2
29
0
87
69
73
13
74
97
85
69
71
30
14
48
75
13
87
74
35
39
28
47
7
96
69
75
21
19
19
37
73
49
37
60
18
10
74
92
59
11
13
31
41
27
31
68
92
18
42
79
58
22
79
65
70
48
41
92
19
60
81
93
61
18
53
79
80
79
71
39
91
36
22
84
64
5
53
8
24
47
88
34
22
67
51
44
15
44
88
34
57
69
27
18
87
33
98
19
12
21
11
3
58
85
88
74
91
93
82
15
92
22
1
14
89
52
59
4
49
47
91
6
69
70
24
8
3
74
28
16
96
39
19
6
76
59
32
67
4
66
34
97
89
35
11
78
40
22
35
89
22
26
47
91
96
23
99
52
98
79
68
46
70
39
4
47
99
88
66
55
54
1
52
43
88
64
74
28
38
9
69
60
87
16
3
35
92
55
87
42
34
55
40
57
47
44
4
98
32
70
53
38
23
6
82
12
22
56
92
60
17
62
73
56
30
76
91
22
31
31
16
66
86
56
75
85
52
