835
21
32
86
59
98
17
56
20
75
23
72
58
53
13
59
8
49
29
95
17
8
6
37
34
6
17
1
38
29
4
82
2
36
68
13
35
38
21
7
13
44
79
24
97
44
35
5
46
64
52
15
25
58
52
59
64
69
12
54
50
17
36
52
53
57
17
40
95
38
0
60
82
31
84
79
76
71
36
22
36
88
89
61
46
41
72
62
62
85
16
13
54
5
17
59
62
35
0
9
73
0
69
8
83
54
87
59
77
24
33
13
64
22
26
63
15
51
25
78
88
94
43
42
51
12
1
13
47
53
74
73
5
43
81
89
97
20
0
27
96
34
92
61
8
71
24
24
22
1
2
10
95
97
4
98
9
57
63
9
11
37
34
68
81
15
57
30
87
58
57
84
44
50
97
52
21
73
28
95
74
82
57
22
79
61
20
89
18
84
98
81
21
32
50
2
99
59
33
38
69
42
74
65
92
71
70
13
44
98
8
19
81
65
93
60
78
13
1
49
97
51
30
19
35
32
73
86
44
58
25
65
1
99
31
93
23
1
59
19
51
19
38
84
37
31
45
67
97
98
16
94
50
99
65
37
83
39
24
27
97
49
45
98
0
76
44
75
29
55
95
32
74
33
17
63
17
14
31
14
12
47
60
14
98
26
52
82
17
28
61
14
29
6
65
29
34
61
5
15
16
0
48
42
85
17
6
54
31
37
20
95
36
33
10
35
59
14
69
28
42
30
94
71
89
59
52
23
72
9
91
88
61
39
31
47
56
37
53
39
26
26
34
14
59
96
1
18
62
70
98
56
53
92
79
42
4
32
17
76
93
8
65
55
47
48
54
55
37
7
46
15
33
33
29
92
29
31
62
44
1
60
0
6
53
80
48
57
64
66
85
9
74
50
64
74
50
18
81
87
78
28
2
11
13
84
56
42
15
18
38
68
31
39
75
36
71
75
45
87
41
30
96
68
33
61
42
83
31
75
23
9
55
77
21
68
61
29
63
28
47
1
49
30
92
24
18
63
51
63
50
93
46
99
61
79
60
55
14
43
82
89
53
38
67
74
58
80
55
21
9
54
75
58
85
67
34
3
31
85
19
33
30
65
32
43
96
44
50
62
88
33
52
41
23
71
67
81
3
22
55
64
76
30
74
13
97
8
69
80
46
88
66
28
5
98
24
53
95
74
15
35
59
19
28
34
42
47
68
46
69
23
10
97
5
85
63
54
45
32
87
43
72
53
72
77
3
96
30
50
22
97
85
34
17
13
68
11
60
36
57
81
11
68
31
68
5
94
23
50
78
62
94
2
15
18
79
18
66
61
21
40
10
6
74
79
20
95
91
32
83
48
66
95
68
97
15
73
43
90
24
73
52
70
75
67
88
6
38
6
67
59
46
29
65
21
9
37
68
0
22
51
0
88
46
69
85
62
42
80
52
18
53
57
88
28
24
28
34
14
34
53
25
81
82
91
54
43
80
22
95
54
73
96
42
72
65
79
86
59
59
90
78
64
47
18
44
24
47
78
38
33
83
64
66
18
7
20
61
39
94
57
94
20
5
88
44
70
68
30
81
79
72
59
96
20
30
40
44
77
71
34
10
54
50
29
24
57
49
86
49
96
95
43
68
0
83
12
22
51
94
3
83
66
15
31
38
45
71
34
74
42
69
84
49
19
13
73
29
15
11
78
63
58
73
31
58
56
95
80
60
89
36
95
7
51
26
46
96
49
80
70
44
1
6
93
73
72
18
54
39
82
84
2
40
57
85
99
65
32
31
77
21
67
72
80
70
50
26
66
0
59
88
44
60
95
89
85
19
59
39
58
41
23
12
82
32
49
33
98
81
64
27
54
84
52
34
54
2
61
73
54
72
61
50
84
8
39
70
27
99
61
37
92
85
1
