790
82
55
4
71
52
9
20
43
34
35
45
61
32
58
37
77
53
6
28
41
13
81
29
27
64
26
0
33
25
50
98
59
58
54
30
62
16
2
5
50
90
2
12
22
60
1
51
13
59
80
6
25
61
87
4
77
14
4
11
91
6
61
2
64
68
33
78
84
87
83
34
77
86
98
51
98
51
3
64
11
35
22
88
48
10
92
25
76
48
88
19
54
2
21
71
70
54
49
6
94
85
40
71
23
91
23
21
42
78
37
5
13
60
93
13
22
37
90
98
85
31
17
92
33
38
63
3
45
64
61
39
1
1
62
24
44
85
98
87
63
35
44
28
95
38
93
17
27
84
67
13
67
36
57
0
75
72
55
72
36
16
63
90
69
25
14
14
63
64
53
78
0
97
59
47
35
52
17
15
88
84
80
55
21
37
55
48
9
62
72
97
78
35
87
48
12
54
62
75
18
67
54
70
64
13
18
52
65
35
67
6
71
47
13
92
84
69
40
45
83
12
42
62
99
82
62
12
88
76
87
6
43
41
29
7
6
47
59
24
34
26
30
5
25
43
98
61
64
90
6
48
55
1
62
54
35
24
18
23
0
6
81
95
99
10
2
58
9
62
82
43
40
64
49
18
7
99
79
24
41
86
24
48
39
38
3
74
62
73
97
14
79
78
61
31
41
63
89
50
77
23
94
70
87
95
88
46
46
67
70
39
5
46
88
44
84
43
70
98
16
19
64
48
98
25
31
91
41
20
41
18
43
87
88
30
34
76
28
32
96
99
72
1
97
60
98
34
55
20
84
71
40
49
71
90
26
2
81
67
74
22
38
17
62
26
99
96
55
28
29
3
79
53
56
28
13
6
62
20
27
47
43
67
48
15
57
26
69
38
94
44
12
84
13
26
10
13
23
17
93
4
72
24
57
29
52
22
35
67
42
62
66
37
29
66
52
38
92
22
28
38
66
93
22
79
19
85
44
94
54
89
98
27
13
7
56
18
81
91
37
75
6
3
13
87
21
17
26
65
39
54
4
57
99
78
89
19
63
85
13
18
75
64
97
40
23
53
10
5
96
47
80
54
2
45
42
75
63
20
41
2
74
45
12
26
75
53
45
39
90
10
9
17
26
6
58
2
11
20
7
59
20
39
14
74
85
56
50
48
76
43
2
2
88
66
28
15
19
25
54
10
88
15
27
66
21
37
68
84
10
75
44
30
67
10
4
52
66
6
0
94
49
54
48
89
21
29
5
40
6
11
2
94
27
30
13
0
19
81
85
29
9
81
11
76
91
16
28
57
74
80
3
24
34
51
65
7
32
22
48
39
34
2
85
61
84
98
61
4
80
98
85
41
79
97
17
70
65
97
79
39
77
82
15
63
86
33
71
70
55
71
9
89
25
47
2
10
45
16
66
77
14
51
18
94
48
87
64
13
84
96
5
13
78
72
29
16
5
52
87
61
23
48
2
48
95
5
10
93
21
76
22
35
28
41
81
28
80
98
94
65
94
99
78
72
23
59
41
29
11
28
90
34
28
44
35
24
49
97
69
70
74
91
58
54
84
39
82
65
37
28
30
31
79
60
56
3
20
97
32
31
77
74
18
5
18
5
29
20
2
50
90
28
42
0
82
26
40
17
91
77
45
73
61
25
86
17
28
58
66
12
41
43
86
59
48
56
16
30
76
71
80
19
51
74
19
34
1
11
3
44
41
48
18
2
25
4
71
53
62
37
17
3
32
55
15
32
12
83
14
40
6
47
59
58
21
31
44
22
42
47
19
83
95
37
37
21
93
8
26
