956
70
72
99
27
37
17
88
3
74
81
74
55
14
59
11
59
27
62
88
17
54
39
26
97
4
53
74
24
17
75
76
87
48
75
14
85
44
54
40
18
35
67
26
2
78
89
61
5
51
49
75
58
40
53
55
97
58
30
21
75
5
97
62
5
24
28
90
69
83
31
39
18
98
65
72
76
55
34
34
58
83
61
16
76
14
72
73
72
54
94
47
11
43
61
17
67
89
7
36
72
90
28
43
40
93
15
69
48
1
55
59
37
16
75
13
82
99
86
6
5
32
5
17
75
66
86
42
55
45
31
80
36
59
75
28
4
42
97
5
44
4
64
81
72
91
94
54
91
32
60
48
64
65
17
39
31
3
33
39
49
64
71
37
75
46
65
80
88
15
85
84
19
1
65
92
92
11
98
35
43
59
84
7
24
1
98
8
57
32
99
6
48
70
43
24
16
60
56
56
75
93
41
47
94
58
39
38
22
37
74
65
48
10
25
25
63
23
33
20
55
32
78
56
54
21
80
70
82
36
78
9
81
71
56
75
82
47
65
4
37
39
21
85
1
46
10
17
22
95
89
29
79
68
85
33
41
17
55
23
5
34
85
86
5
41
13
87
89
79
43
78
70
65
63
72
63
26
41
37
73
30
19
53
98
4
86
92
74
42
67
79
28
52
66
33
94
79
73
35
10
68
13
81
33
28
5
49
6
46
86
80
28
5
33
79
62
71
71
36
13
38
15
41
91
33
27
37
65
52
24
75
20
89
8
6
69
13
7
76
11
45
56
40
51
41
19
65
12
90
53
26
80
68
19
23
54
98
60
19
2
36
46
75
25
55
33
95
20
40
23
84
85
79
24
88
20
95
53
84
37
6
10
17
27
82
41
33
32
53
4
35
42
50
62
67
57
95
14
30
35
89
14
72
20
90
61
92
37
66
77
74
25
39
43
4
21
36
37
6
42
41
41
84
43
3
3
53
98
18
35
85
59
49
57
80
91
70
72
28
37
49
2
62
89
97
66
62
34
55
68
76
48
61
60
91
16
63
96
66
33
31
51
45
32
61
25
23
31
49
3
20
99
57
82
40
55
0
54
89
55
75
17
3
88
29
47
5
44
43
23
78
27
27
23
59
88
0
35
71
49
38
92
0
96
26
92
51
27
47
92
34
74
61
38
62
90
37
67
34
32
43
64
59
70
39
19
58
39
6
29
41
44
73
41
92
0
34
95
27
81
39
61
7
0
51
69
42
40
89
77
73
32
93
32
2
33
3
12
24
9
93
65
6
67
7
98
67
93
94
46
74
33
59
33
86
63
2
28
3
91
57
28
75
51
13
77
36
68
41
60
30
35
26
36
54
85
86
73
78
32
19
4
18
30
37
4
45
39
32
1
83
42
29
58
93
42
88
29
11
81
41
41
16
67
29
70
4
15
95
82
48
14
86
66
97
75
22
42
15
6
43
50
48
25
60
93
19
0
22
30
82
64
23
50
83
4
73
88
72
68
70
72
83
9
38
32
84
12
74
51
18
70
53
19
95
14
12
14
66
87
97
48
3
72
99
86
77
72
26
1
40
49
73
75
58
11
59
94
75
34
98
45
56
51
64
3
17
77
17
84
64
66
84
67
39
35
5
68
7
32
69
0
81
42
27
91
5
87
37
32
73
35
77
81
39
42
84
56
19
1
92
35
20
77
54
11
12
59
79
72
43
0
24
76
94
3
19
51
42
57
83
15
44
60
48
83
2
32
92
73
86
36
60
6
65
14
17
30
26
48
54
21
0
78
98
46
33
17
97
76
26
80
43
71
92
92
6
47
24
50
20
10
87
33
68
52
99
37
82
77
37
36
99
37
66
49
83
0
18
32
28
45
12
71
68
57
63
74
4
40
25
76
2
64
9
71
68
9
60
3
38
98
39
37
87
58
38
23
10
57
55
38
54
20
61
22
77
25
48
81
17
25
9
19
41
19
42
10
80
3
13
18
53
4
8
40
62
46
15
24
3
71
62
9
43
76
83
20
1
32
53
70
9
62
89
51
33
32
61
13
87
74
84
40
78
92
32
93
38
48
69
94
71
84
55
14
60
39
86
61
23
39
31
32
53
72
83
39
56
96
4
43
22
88
35
53
32
20
98
23
68
67
17
39
51
24
5
11
63
91
24
86
82
55
71
35
