325
56
96
62
74
42
20
42
77
59
22
30
20
78
35
0
3
95
24
39
5
4
39
27
83
48
93
11
19
28
69
18
36
66
32
10
60
52
5
37
63
27
20
83
58
7
36
13
54
12
52
12
68
92
39
51
92
85
14
11
13
84
29
2
2
61
12
62
65
69
51
28
97
23
64
7
30
52
20
37
64
73
49
32
17
40
36
9
25
50
20
91
86
2
93
88
63
57
2
81
27
6
9
24
29
25
31
12
77
51
49
41
76
98
26
93
38
62
2
16
64
23
7
51
25
0
91
40
57
46
21
36
52
83
60
81
8
43
45
38
47
94
79
23
44
57
17
35
19
19
51
36
94
58
39
71
10
82
64
19
28
85
56
32
20
68
14
81
12
11
19
11
58
50
34
2
8
3
89
79
75
92
15
69
2
54
93
64
89
57
84
17
94
40
50
67
60
16
48
24
79
67
35
37
69
70
92
77
25
81
57
0
26
24
22
28
31
15
93
20
24
77
37
18
69
39
37
81
7
85
6
87
4
41
24
74
63
16
3
89
50
60
89
76
37
11
4
68
78
49
88
2
78
25
73
99
17
10
81
24
48
87
11
52
28
88
78
44
4
82
33
54
94
22
82
31
86
39
99
16
88
87
71
67
65
96
66
34
58
99
58
6
86
22
11
67
10
89
11
66
23
44
73
70
18
55
1
56
94
53
73
83
40
96
2
57
92
20
91
50
20
2
57
58
24
68
