432
78
66
24
65
9
92
41
85
44
0
91
60
68
41
58
16
36
76
23
22
50
37
45
5
73
55
66
9
15
83
33
93
49
57
10
58
1
51
96
46
3
87
58
72
28
16
88
16
44
11
38
94
48
84
52
73
91
18
34
6
1
20
51
2
29
61
12
31
13
8
77
16
47
35
40
76
4
28
44
0
91
83
47
91
19
99
17
10
69
51
68
22
71
19
24
53
32
88
84
97
97
13
14
44
0
6
72
56
87
17
9
78
52
56
70
23
55
87
33
76
90
53
98
14
24
22
67
56
62
3
54
59
68
20
56
68
26
80
77
13
97
86
92
1
42
14
24
49
53
9
25
95
62
23
9
86
97
28
43
59
83
49
71
51
69
27
20
47
59
49
61
57
35
5
10
77
71
35
78
24
44
3
71
59
78
81
45
75
61
40
86
45
89
9
96
10
36
68
58
48
17
71
5
52
76
67
81
47
2
59
23
99
14
94
58
92
27
55
19
41
96
6
86
37
15
34
48
4
3
58
52
72
29
9
25
57
76
58
56
31
18
79
30
84
25
40
77
5
95
96
46
91
54
32
81
22
66
81
78
21
91
82
94
20
43
71
77
71
29
33
2
99
64
84
84
41
24
13
46
20
61
44
63
68
76
44
90
95
77
20
68
68
2
62
40
45
85
69
16
67
54
71
18
18
55
2
12
80
67
58
0
29
3
15
97
31
12
39
78
89
59
47
10
13
61
50
10
47
20
26
14
74
97
32
45
5
87
57
85
6
67
37
87
22
4
36
54
16
75
84
58
86
31
68
99
45
70
61
92
42
88
58
17
37
42
14
94
81
71
79
88
90
68
75
13
73
12
19
41
39
3
51
26
87
71
77
32
42
91
24
84
79
34
53
68
76
67
15
10
90
46
98
81
15
25
94
40
89
13
33
29
68
85
7
55
56
36
87
50
27
63
35
58
97
40
79
26
8
94
36
50
40
