395
9
68
27
56
33
75
4
22
6
90
3
69
58
87
40
74
22
40
43
17
95
29
78
14
82
30
82
89
48
56
52
9
24
31
17
9
6
21
31
13
63
86
82
21
73
75
48
47
67
91
65
63
73
43
77
55
25
11
44
73
67
48
34
43
79
51
4
86
24
87
51
87
73
85
61
98
12
9
98
80
52
63
43
25
58
72
80
83
83
76
9
50
76
43
45
56
47
49
94
71
88
45
59
61
82
20
11
95
81
9
27
85
24
70
11
34
94
43
70
77
72
79
79
48
74
76
56
73
25
50
45
13
47
56
26
30
28
89
77
9
99
4
46
75
26
9
62
20
5
32
49
77
11
80
77
37
56
34
11
33
84
8
46
84
64
24
66
92
13
43
53
64
99
99
92
77
61
54
49
66
86
98
43
49
78
72
38
86
6
49
19
43
9
17
27
73
41
45
17
6
88
22
71
39
74
15
16
35
69
65
1
55
63
44
56
93
68
94
31
75
96
50
70
5
67
97
79
60
42
48
66
82
71
89
21
45
4
89
32
73
54
33
80
69
29
88
14
97
83
45
72
79
95
94
36
14
91
67
74
85
16
40
19
39
82
92
36
86
81
68
12
87
1
92
56
82
81
22
79
16
67
4
47
14
98
83
28
42
51
54
79
19
95
51
58
77
43
94
15
77
14
27
16
67
72
25
49
5
47
80
21
67
36
68
81
35
51
62
29
54
16
60
73
63
11
31
92
7
77
8
36
91
35
52
10
59
77
59
64
77
92
85
44
28
5
77
63
57
39
44
63
8
5
37
71
68
20
64
75
50
24
63
93
11
16
4
71
45
15
35
22
7
21
18
36
26
48
51
35
87
96
51
47
53
88
71
21
60
35
49
10
11
12
4
22
