674
79
65
75
17
33
41
72
40
41
95
99
62
86
37
61
6
72
39
22
45
76
58
96
12
3
74
6
41
80
79
53
59
96
28
77
29
69
1
21
63
48
72
25
35
62
38
93
34
77
67
31
5
25
28
17
81
54
75
22
34
55
75
46
3
56
75
85
77
76
58
40
24
31
65
11
93
3
4
27
32
72
11
37
49
39
55
30
45
30
53
32
37
80
30
93
36
5
78
14
33
36
54
9
19
72
21
12
27
25
92
12
49
3
49
99
94
56
29
91
39
34
23
28
15
53
21
51
58
99
65
43
88
72
53
7
96
74
20
23
51
64
35
1
67
37
0
13
93
81
4
84
16
28
13
83
33
34
86
44
34
4
87
22
76
40
81
72
66
1
47
18
17
35
19
36
24
19
49
17
52
6
2
20
86
15
3
19
1
90
63
35
94
3
9
22
43
91
46
62
44
45
80
62
32
99
98
56
70
0
74
22
6
28
43
92
95
98
63
96
40
79
84
86
82
45
8
77
88
6
39
33
52
19
47
84
70
97
41
40
97
67
15
55
47
10
99
42
60
63
90
1
42
26
87
76
72
96
53
60
2
45
45
6
64
92
91
87
42
84
27
91
51
94
47
98
4
46
92
65
61
34
18
55
61
5
31
33
53
85
45
8
30
91
14
46
35
57
33
77
41
13
69
44
59
68
94
64
66
86
81
28
21
99
83
34
56
15
67
10
52
12
18
34
55
84
32
91
42
18
20
35
83
89
80
42
9
74
58
76
13
91
56
86
42
91
20
99
58
87
61
10
51
31
96
59
15
81
50
9
99
22
97
34
12
77
76
73
3
87
49
68
78
5
54
21
97
74
72
7
13
33
18
17
16
66
76
83
47
78
93
98
0
90
32
64
19
9
38
74
48
39
43
26
97
49
99
46
24
71
53
89
56
71
58
72
90
34
56
37
64
1
36
17
43
20
33
14
81
71
88
29
63
83
56
60
33
55
6
9
79
59
98
87
83
57
12
73
43
68
62
60
21
50
77
16
23
10
30
4
34
18
34
97
54
42
57
87
49
15
96
28
26
94
16
9
3
28
34
99
48
49
59
21
51
88
37
74
50
67
79
84
37
13
33
91
55
42
78
4
9
26
85
36
73
53
45
76
33
32
75
33
81
86
6
32
74
43
59
77
62
38
13
51
3
47
95
10
41
25
66
51
52
51
87
25
56
84
1
89
16
29
74
49
67
80
34
42
75
93
19
37
83
32
41
86
31
36
48
25
61
14
76
13
18
15
90
74
99
44
16
68
73
42
17
40
23
3
34
98
48
5
88
31
90
29
69
73
17
17
98
78
32
26
44
2
41
34
28
93
78
96
61
3
39
30
96
14
34
82
64
34
88
4
66
30
33
35
3
2
5
54
81
89
80
77
91
74
11
71
67
42
68
28
97
59
10
45
73
96
28
89
31
68
94
49
98
79
36
53
82
41
7
15
30
40
92
73
14
55
45
81
49
13
61
47
72
23
44
97
20
72
38
3
92
