288
57
89
86
71
72
36
93
19
70
58
79
11
42
93
87
50
88
48
86
38
21
32
2
96
39
80
18
46
76
31
63
33
21
1
57
45
37
2
65
59
60
44
23
54
89
10
56
30
10
42
68
32
27
71
80
66
3
98
64
79
82
79
65
55
32
74
0
21
76
17
81
37
14
4
43
55
66
0
85
77
94
54
61
73
77
41
40
80
91
56
11
73
36
28
28
20
2
81
42
31
98
23
20
64
79
63
20
45
15
5
74
10
11
35
83
40
28
75
72
20
84
84
93
20
64
74
40
19
55
82
50
5
57
22
22
88
85
42
34
1
47
60
63
11
96
46
51
24
74
24
44
58
60
90
30
76
16
22
95
71
57
97
28
14
19
50
3
57
92
89
58
92
49
73
55
97
19
6
74
45
30
18
3
42
60
85
19
76
8
14
99
65
64
80
31
35
30
34
92
75
75
2
19
25
75
74
74
47
32
48
92
15
19
48
57
79
33
76
8
41
43
59
58
7
39
90
42
70
76
87
97
52
89
16
29
65
42
3
12
74
52
4
89
71
4
47
2
38
75
10
31
18
22
90
77
61
32
72
31
8
59
28
60
48
96
41
65
38
45
77
65
49
34
54
72
90
53
74
28
81
37
12
51
59
54
81
20
86
