624
96
95
84
86
81
98
63
40
22
50
41
65
40
27
43
56
99
15
72
54
15
65
1
91
35
15
0
4
35
57
82
31
4
66
69
86
16
85
78
38
35
19
55
27
46
98
84
97
13
56
3
80
73
56
23
61
72
24
65
59
81
99
42
37
17
64
23
33
49
54
23
36
73
78
63
72
28
47
21
41
55
25
73
81
33
96
42
57
20
7
16
53
58
59
43
75
23
66
60
24
72
35
60
46
65
23
70
93
23
91
86
30
68
59
11
2
7
53
59
80
12
28
85
70
39
28
97
14
47
57
38
19
92
98
17
57
73
87
2
96
31
88
79
51
99
90
53
7
96
65
39
60
45
24
83
84
53
80
98
52
90
36
71
82
86
89
92
59
28
94
8
11
35
87
63
34
29
68
93
77
33
32
38
78
57
21
14
62
53
12
14
43
0
37
78
86
78
70
98
59
16
58
70
51
45
33
38
26
2
31
4
87
64
42
18
73
15
32
35
68
97
1
12
97
38
90
36
17
12
34
76
28
92
98
32
89
32
70
67
86
1
71
73
17
65
91
90
80
76
77
1
73
78
65
70
69
7
58
38
19
44
66
99
88
64
83
29
48
53
97
34
7
68
8
24
86
51
67
66
79
44
19
52
75
84
75
44
91
33
82
62
30
48
14
18
64
97
48
13
3
45
47
10
65
7
86
51
11
53
70
90
50
89
43
25
74
70
21
17
55
3
80
85
3
94
4
67
91
52
80
94
49
80
56
14
87
43
66
98
48
88
41
50
77
36
75
3
6
48
21
61
51
53
47
6
47
3
74
90
55
6
37
56
86
93
70
26
88
88
76
37
76
17
39
6
53
15
9
59
15
82
73
67
35
72
25
82
75
51
73
82
58
62
38
96
55
60
74
44
49
51
33
77
68
72
83
74
39
45
33
55
27
58
74
63
30
51
97
57
3
70
39
13
84
29
61
40
42
36
36
91
87
21
20
7
45
4
81
37
1
67
92
28
25
18
91
8
69
89
65
24
11
57
37
96
38
99
88
80
35
24
23
74
97
44
81
42
0
63
79
1
30
23
29
7
93
73
15
15
14
81
39
25
90
77
73
28
28
13
9
63
37
32
89
86
76
70
29
28
85
60
29
15
84
11
75
77
84
90
44
50
23
84
75
13
13
1
94
41
14
3
56
4
87
45
90
16
15
71
44
1
32
26
68
68
37
43
97
73
86
42
23
9
26
50
75
39
3
69
80
18
72
88
74
11
33
16
27
0
88
72
53
72
98
22
40
87
17
37
60
55
31
35
65
57
85
40
48
41
61
80
11
85
68
85
96
1
53
24
2
41
48
7
65
46
29
57
33
99
47
45
54
78
32
71
36
69
63
84
10
24
17
21
9
85
58
58
87
12
82
41
5
30
48
