267
85
52
71
2
98
80
32
45
81
97
12
13
11
99
69
13
20
47
68
42
27
78
56
39
79
95
51
68
83
36
32
68
40
56
22
38
88
55
83
69
52
47
34
16
46
3
29
67
2
97
61
30
27
17
69
6
65
73
26
48
9
11
16
49
67
39
40
55
46
23
76
50
71
62
66
69
65
95
88
67
44
49
97
23
19
67
29
84
40
8
32
1
19
0
50
38
39
90
45
37
66
73
88
89
35
54
58
0
2
47
19
98
48
69
22
67
36
3
3
28
11
87
29
82
88
31
72
79
74
17
17
40
42
57
29
77
63
39
29
65
38
1
16
87
70
38
6
58
41
10
38
5
97
19
39
37
50
12
17
24
81
86
16
24
43
45
53
6
37
35
72
75
88
88
62
58
78
69
16
71
31
6
76
28
25
68
66
75
80
35
52
13
21
68
89
64
66
43
70
3
30
94
78
18
34
93
28
12
62
96
36
45
2
64
25
27
32
43
54
64
78
6
78
99
27
67
15
93
62
38
48
44
84
78
14
19
71
42
83
85
38
19
30
92
84
56
19
68
99
26
33
78
32
11
29
11
30
45
56
93
35
4
89
19
35
4
38
