909
83
75
0
94
89
3
21
11
93
16
48
28
25
17
62
72
18
78
0
5
30
44
38
70
4
25
86
14
63
38
65
99
65
17
45
54
20
67
65
13
83
14
94
9
31
8
33
1
87
85
6
17
30
97
39
34
22
25
1
38
63
66
37
28
83
82
83
3
49
0
68
85
14
62
46
97
71
79
98
10
65
57
79
47
6
18
33
28
43
34
66
58
52
55
38
35
38
73
90
39
74
59
24
88
73
70
38
44
2
36
6
67
45
85
66
51
55
99
32
98
86
98
8
38
6
47
26
44
20
16
35
46
27
12
35
53
82
25
49
84
13
56
3
59
93
21
62
49
21
94
99
59
45
8
97
51
7
75
47
79
44
34
26
23
46
13
76
81
38
26
65
3
34
21
14
27
42
77
28
15
23
28
74
20
88
24
71
47
99
70
26
43
5
4
67
3
69
95
84
59
21
2
63
7
23
77
87
17
6
15
33
30
43
59
50
83
83
74
30
35
96
9
30
1
13
49
57
35
45
41
94
18
43
57
26
66
87
13
36
93
28
69
75
24
80
26
7
16
52
38
51
48
47
81
2
12
83
59
47
28
52
94
46
96
51
24
14
90
89
50
84
18
71
11
94
52
89
1
68
41
91
19
42
90
52
44
55
35
55
54
15
7
48
14
55
52
38
70
42
28
20
78
98
92
90
92
96
79
45
64
73
89
35
15
31
39
11
86
27
18
41
42
25
41
56
81
93
47
3
36
75
23
14
25
67
56
69
63
36
14
79
61
55
14
76
87
54
39
25
81
57
18
75
34
60
32
67
53
79
70
41
6
94
56
83
13
64
52
29
52
66
8
13
74
23
41
13
29
80
38
10
89
9
37
24
69
69
91
74
0
62
16
58
8
24
41
21
88
93
50
93
12
11
6
86
34
48
99
63
80
89
25
70
98
62
46
19
84
37
46
36
51
62
47
11
38
88
85
78
34
87
71
98
98
30
84
32
30
35
47
10
76
24
32
75
39
78
46
75
68
92
11
71
6
10
83
96
51
68
75
85
55
98
83
54
28
19
38
10
6
38
21
82
62
53
9
1
84
56
28
52
0
40
23
7
50
58
3
1
26
30
38
34
29
73
88
9
44
78
20
2
16
93
85
79
46
46
32
82
54
61
34
55
53
10
62
55
20
65
9
47
96
47
81
77
73
21
38
17
99
58
20
16
3
57
47
2
55
79
84
10
92
71
17
45
33
79
1
53
96
10
0
44
9
33
21
82
6
12
52
6
70
24
74
26
81
21
28
88
0
12
50
93
83
67
90
68
46
43
22
95
53
74
39
15
8
13
49
14
25
1
72
47
25
46
73
58
67
1
99
20
66
49
65
49
17
55
70
15
99
92
10
4
66
50
71
26
63
21
93
40
74
65
87
52
64
61
62
31
14
61
3
80
11
68
82
80
24
52
95
75
44
6
31
10
8
3
89
71
24
82
11
98
99
50
50
63
11
13
47
26
74
50
6
37
19
88
17
95
40
13
22
36
19
53
99
79
56
88
50
80
22
13
31
21
15
81
37
27
94
84
5
21
86
11
10
5
52
28
52
44
93
74
33
64
28
32
43
84
72
45
17
94
10
48
67
25
29
4
52
76
88
9
49
27
73
59
32
25
39
37
21
32
11
54
96
39
38
39
76
10
84
93
4
46
41
24
72
22
28
76
50
69
86
99
96
59
11
80
84
50
17
57
83
29
64
31
20
2
71
48
13
7
93
69
54
34
45
78
9
74
54
59
43
40
11
91
99
22
71
35
24
89
93
7
70
57
91
42
11
14
91
76
73
84
98
27
71
43
57
32
17
12
43
12
52
54
3
52
28
27
87
53
68
32
12
90
41
3
32
53
17
75
81
91
60
79
70
83
23
28
67
92
92
10
5
44
65
60
48
45
39
36
98
7
20
63
97
62
18
82
67
88
57
48
31
69
28
53
52
3
81
19
95
25
82
52
70
47
13
18
44
4
6
95
12
27
58
61
41
76
43
8
16
1
8
47
70
88
1
75
91
34
46
87
60
28
39
82
