670
33
41
75
22
2
14
26
84
77
2
38
66
37
77
77
51
44
91
60
22
69
95
74
2
68
54
49
19
15
56
37
0
97
64
22
51
31
1
35
8
3
73
26
92
50
3
43
46
95
3
20
16
51
95
18
19
1
19
38
16
75
27
17
24
91
91
75
74
92
62
82
48
87
60
40
89
16
36
35
63
91
8
79
42
55
49
61
56
68
51
25
96
78
42
72
22
85
48
96
78
62
31
26
50
91
18
39
7
54
75
70
46
35
49
88
90
50
2
98
19
53
23
67
32
17
39
54
3
39
50
33
2
81
59
52
25
29
91
32
84
18
55
82
5
56
22
95
7
24
46
78
78
69
45
10
39
84
16
42
76
18
75
78
52
86
30
77
15
73
61
51
44
16
33
49
25
56
97
32
80
43
10
10
12
7
72
51
43
88
45
19
59
72
97
11
58
79
40
26
53
1
77
97
70
63
98
95
19
95
79
51
38
41
14
3
48
86
6
43
27
52
63
86
24
12
97
35
92
37
61
97
90
90
46
60
53
44
7
24
40
38
28
30
79
42
33
79
28
92
75
55
96
38
93
72
2
90
7
46
79
20
43
70
11
41
82
16
86
42
41
78
80
69
8
12
63
94
43
91
38
18
99
34
8
92
6
63
35
14
9
14
86
5
36
97
46
19
66
84
61
7
14
93
28
75
57
91
21
1
34
59
71
33
93
32
78
99
95
13
65
56
79
52
61
16
1
60
87
67
44
0
26
11
45
54
86
3
97
7
56
32
66
27
65
11
59
95
10
6
60
28
63
40
32
24
8
33
36
47
53
33
47
31
44
92
86
30
47
83
89
3
67
7
31
85
18
42
80
80
1
41
8
64
33
40
40
93
26
77
40
31
10
87
62
6
31
0
88
79
36
77
82
3
36
65
88
6
60
21
86
61
62
47
77
47
39
69
40
17
46
80
0
8
19
15
66
2
15
54
33
3
83
68
59
19
85
99
77
45
20
16
58
34
63
35
81
54
5
73
24
3
5
24
64
24
39
30
79
7
37
12
62
20
32
21
92
18
21
69
63
93
85
74
28
0
61
61
7
66
35
31
22
40
7
38
17
99
20
48
6
57
60
20
78
45
94
22
63
67
91
78
60
29
52
88
29
14
2
36
32
37
19
6
29
27
96
46
26
17
46
84
26
59
4
4
4
50
26
67
17
70
97
78
99
50
18
80
16
20
69
0
9
88
59
39
67
55
37
93
24
84
77
51
95
34
55
99
36
34
18
54
56
15
84
7
17
54
87
85
27
8
86
36
97
97
27
64
52
17
10
77
53
39
28
48
25
35
47
62
21
65
16
29
32
52
36
50
58
76
35
85
84
73
74
33
70
53
50
23
70
60
52
75
99
32
23
25
19
22
87
41
39
55
22
72
59
59
22
17
35
9
3
71
83
29
5
53
82
55
28
53
67
32
28
18
64
4
43
84
26
82
77
66
89
99
90
48
10
64
18
97
73
73
69
8
2
26
14
84
33
