583
56
89
37
38
43
56
69
66
34
79
32
78
45
19
56
70
88
78
66
88
46
23
51
8
77
29
22
5
96
33
73
52
22
62
43
17
19
64
84
5
44
68
84
89
88
40
12
28
19
30
16
17
53
68
26
30
49
0
88
45
33
13
50
7
27
93
25
46
57
61
4
53
29
88
95
69
80
7
97
99
89
66
69
43
34
47
25
35
47
65
33
32
78
83
39
6
28
16
4
37
29
60
91
59
48
86
28
29
45
78
80
34
44
49
29
30
96
55
65
95
72
98
27
51
81
19
9
61
87
65
99
17
26
42
28
26
80
8
55
25
86
88
11
30
37
41
60
86
48
26
81
20
76
61
23
10
80
32
71
67
50
22
36
28
64
64
54
96
73
62
73
11
50
85
42
87
78
54
25
26
32
7
46
9
20
70
19
0
54
42
19
56
65
56
84
81
20
91
30
45
53
3
9
3
88
3
42
66
57
68
44
90
27
91
51
47
13
22
47
19
16
66
76
33
74
12
67
47
3
97
92
56
0
53
59
41
56
54
7
14
22
52
56
49
95
59
96
8
33
43
79
49
61
55
83
88
68
50
35
23
99
79
80
99
33
91
40
89
45
0
3
19
4
11
68
51
70
64
11
55
59
90
5
73
46
88
61
66
90
96
89
89
27
21
40
60
65
33
50
62
33
5
82
89
69
50
40
91
67
3
47
78
93
52
51
39
92
64
57
34
12
99
75
40
20
15
0
37
48
2
0
33
8
34
74
29
36
66
20
3
69
67
34
63
19
37
54
63
2
64
97
66
63
72
6
35
40
59
73
88
61
25
74
21
59
0
50
47
67
71
3
36
90
37
51
10
74
6
25
28
70
23
95
85
47
1
20
87
12
45
28
74
70
54
47
81
54
98
29
21
21
32
10
11
21
61
73
47
19
99
76
41
74
71
26
21
24
99
61
37
44
89
63
67
43
10
0
49
60
81
71
81
65
33
93
86
94
18
34
66
69
62
59
43
33
86
17
9
37
78
98
33
19
61
52
14
24
53
63
84
86
86
66
52
19
11
90
66
81
76
32
51
38
91
94
23
29
63
33
18
41
83
52
12
97
4
26
21
9
90
5
96
28
23
0
48
86
42
14
68
19
98
19
57
89
65
81
71
29
66
89
22
1
93
35
98
98
61
71
59
3
77
7
32
52
59
80
39
2
46
59
21
44
78
30
85
95
11
56
24
29
98
47
31
91
82
81
41
95
53
1
51
82
60
83
34
20
15
25
22
61
84
95
57
14
25
42
10
89
51
86
70
49
85
1
40
19
35
82
15
88
35
66
