574
60
49
44
4
75
35
80
85
66
22
29
91
87
60
83
56
9
87
78
48
62
62
58
27
48
68
18
62
81
91
74
41
93
19
98
20
54
78
5
72
0
86
63
39
98
46
95
59
85
74
7
47
88
66
26
36
34
97
50
67
88
76
9
33
47
59
53
1
37
10
25
37
96
88
29
94
86
76
53
24
2
61
23
90
79
50
78
13
47
80
80
87
57
41
21
4
0
26
58
89
37
83
27
33
24
8
80
62
84
85
86
87
46
10
29
77
12
60
90
59
40
23
98
97
16
71
2
17
98
12
6
35
95
85
20
19
93
0
82
30
86
20
17
84
30
46
62
42
58
4
53
99
27
4
96
44
27
50
13
25
62
19
12
10
57
33
29
2
85
63
32
23
84
49
8
66
48
22
61
6
26
66
57
6
70
6
50
50
56
63
75
71
34
40
81
43
25
62
46
10
78
78
86
14
80
94
80
80
68
93
38
46
60
96
52
82
2
2
32
10
17
60
33
4
52
66
99
77
81
97
39
59
28
25
73
8
71
5
40
39
51
78
86
63
26
38
45
80
93
30
91
62
42
76
18
94
43
70
71
24
67
62
35
95
88
60
55
59
17
95
99
68
26
37
31
4
27
29
85
20
11
28
35
5
4
5
99
99
75
22
75
43
84
10
38
24
70
46
84
88
93
35
8
19
72
92
76
99
21
61
72
84
41
59
89
45
64
40
97
40
62
72
35
98
35
25
23
5
71
7
45
65
94
54
36
66
46
12
17
19
25
41
3
66
0
44
64
65
84
61
57
98
85
44
96
20
69
71
78
93
30
23
10
24
29
46
42
27
11
60
46
36
53
1
55
54
45
19
71
81
32
80
79
69
24
76
90
93
99
68
86
30
91
96
54
73
95
97
0
58
9
99
46
62
52
1
68
98
72
39
31
56
19
11
26
95
39
16
89
38
36
27
68
79
76
75
52
23
24
5
81
33
4
79
47
56
81
16
6
5
7
38
62
79
1
40
74
40
56
15
78
92
95
99
23
71
74
76
46
98
81
79
83
37
58
82
45
39
98
4
97
58
94
11
89
95
51
63
35
7
31
65
51
26
64
74
49
38
2
95
36
35
26
71
72
84
54
18
76
4
22
73
62
68
84
51
63
35
67
50
94
98
15
97
76
80
23
25
18
26
72
7
61
98
78
86
34
84
4
10
89
78
83
51
46
19
55
61
54
74
11
0
24
26
97
0
6
21
77
77
99
1
36
12
51
66
98
85
51
54
96
40
32
31
43
30
51
50
91
57
24
2
10
0
