293
48
36
34
7
78
28
82
12
1
12
98
72
51
97
79
57
75
15
72
47
16
40
30
68
1
83
98
43
26
36
46
27
72
81
34
2
9
69
66
62
81
65
86
84
62
65
41
89
33
14
89
1
54
19
22
7
54
20
2
81
56
48
60
80
81
46
82
42
15
48
57
48
65
43
33
80
61
74
69
94
40
58
95
94
29
17
1
84
89
3
17
45
4
29
77
37
75
59
80
43
60
89
91
25
32
76
5
93
3
75
39
43
85
87
38
15
56
91
51
46
47
68
91
3
49
69
40
24
80
72
67
40
61
11
18
46
87
23
91
90
50
31
86
88
70
24
3
26
67
6
72
66
26
16
69
75
37
62
99
17
86
19
10
0
82
80
46
69
55
89
12
6
20
98
46
42
74
49
69
93
55
41
60
81
9
81
8
46
95
7
16
34
78
78
34
60
58
80
82
13
69
94
71
42
44
17
84
18
18
5
63
73
47
75
6
8
9
14
55
4
74
71
90
4
1
24
65
59
56
99
72
78
93
44
72
89
61
8
59
80
14
22
5
13
98
64
21
59
30
28
15
56
99
6
61
52
30
26
11
87
25
84
65
70
80
89
11
93
97
70
25
11
92
83
24
42
47
46
1
29
74
17
86
26
23
47
78
5
25
42
44
2
78
