868
23
93
37
89
81
8
41
27
8
8
46
74
19
88
62
40
80
75
37
17
21
5
41
19
8
80
25
47
70
93
67
45
86
56
35
19
65
28
46
25
36
45
99
8
33
13
48
65
88
37
83
9
42
76
80
2
57
57
2
27
51
21
73
37
29
60
9
94
88
7
71
76
52
22
84
85
35
84
3
24
73
38
85
67
14
66
70
23
75
24
51
26
97
76
16
26
88
25
73
28
32
44
4
85
67
41
22
54
77
25
30
51
15
16
70
30
34
92
5
9
16
56
88
13
84
4
92
72
29
65
0
61
9
57
98
28
50
21
35
27
98
65
30
14
33
1
96
67
45
1
29
62
10
17
27
46
73
19
19
2
84
71
15
46
80
14
26
30
35
61
10
33
27
92
99
60
45
47
80
91
49
61
5
11
30
32
57
3
4
76
5
88
0
20
86
80
34
13
63
21
74
73
7
53
65
58
66
11
6
98
54
55
59
59
18
89
91
75
92
95
4
49
36
4
21
74
36
8
87
99
29
14
72
88
19
90
47
85
53
53
83
7
60
94
66
78
83
9
53
27
57
57
76
45
13
50
19
50
58
59
1
39
25
26
28
44
16
75
82
21
80
17
28
40
12
46
70
47
55
75
27
64
85
3
9
98
5
29
0
63
40
2
3
65
28
31
9
96
58
43
17
90
61
97
30
25
43
52
24
50
27
51
15
12
7
76
63
12
5
15
76
97
17
31
62
97
14
24
45
24
67
62
14
80
59
44
57
54
48
82
5
75
33
72
40
40
48
3
53
6
18
81
3
88
12
66
37
78
90
83
2
9
45
16
42
57
12
99
11
60
81
68
35
15
40
75
55
89
30
60
47
1
41
50
41
5
68
78
83
10
61
37
20
59
53
62
68
65
61
79
25
43
48
13
10
40
40
17
29
23
78
76
24
71
79
65
29
47
95
64
58
9
2
30
68
55
44
36
73
57
67
98
52
15
63
62
56
4
80
37
27
58
66
3
81
45
20
10
44
15
75
54
24
77
36
44
84
80
80
57
38
0
8
90
15
71
53
23
27
85
13
54
95
31
9
76
28
29
39
72
45
14
79
21
43
15
66
27
96
98
37
86
98
45
76
66
16
81
41
96
18
54
50
13
85
60
90
13
41
81
38
86
95
17
60
38
84
26
17
80
24
54
66
75
51
95
41
20
28
82
16
47
37
18
60
74
30
2
40
72
83
30
10
30
99
70
20
83
96
38
64
73
44
82
48
48
29
89
68
58
23
36
5
60
54
65
87
85
68
27
57
3
9
67
34
8
90
54
91
86
44
7
11
89
42
11
89
71
52
57
29
76
93
34
36
99
52
75
84
72
54
93
75
63
61
61
71
3
16
15
89
60
74
53
1
16
64
90
40
17
99
69
45
44
56
33
44
8
9
28
80
63
22
55
79
35
17
2
38
85
17
79
97
44
84
51
12
1
93
52
70
45
74
15
89
30
48
33
38
57
14
70
73
88
77
52
75
46
54
65
31
24
96
81
20
81
32
32
82
77
37
4
22
11
19
12
41
19
97
31
77
63
53
2
51
30
6
78
77
60
43
60
36
92
41
56
73
73
89
7
3
26
11
25
89
82
89
82
1
87
65
30
50
18
84
54
48
90
84
77
51
80
38
39
72
79
96
45
5
37
4
8
15
67
33
56
1
23
38
54
62
3
85
64
21
69
70
21
12
55
99
63
35
37
54
7
68
2
4
73
39
60
33
6
79
67
62
80
42
52
34
56
55
71
20
28
93
91
2
5
98
1
20
33
90
74
92
58
77
48
84
68
8
17
75
87
36
89
19
30
42
53
86
49
77
59
78
70
2
80
75
0
33
47
85
75
21
29
85
98
77
69
19
85
87
94
24
75
35
43
6
77
48
44
27
25
3
57
95
5
89
22
57
74
69
94
49
43
23
34
41
0
56
12
37
95
6
61
