566
17
41
12
66
19
0
40
98
67
59
35
22
7
89
30
60
49
23
32
8
79
6
16
84
1
70
0
31
81
11
79
98
53
44
17
24
96
57
22
64
69
57
86
76
98
69
36
0
92
20
8
23
27
25
7
80
95
7
11
76
71
42
75
76
38
92
0
35
1
74
99
22
84
37
50
82
58
38
82
50
59
91
73
38
16
81
70
11
40
81
39
11
75
66
87
66
10
39
53
12
14
4
86
98
41
37
80
0
75
15
2
86
6
76
24
74
9
94
37
1
27
76
65
55
43
4
21
53
44
74
17
58
78
4
8
71
93
40
23
68
55
26
7
13
54
31
87
15
78
76
16
57
53
81
12
96
86
85
1
82
59
19
92
89
75
0
13
20
92
36
40
0
14
47
65
68
79
53
35
9
81
4
66
34
37
79
82
23
64
84
57
76
55
49
17
82
1
30
2
46
19
42
46
33
90
11
54
21
16
89
30
98
93
96
84
31
27
67
6
44
51
16
20
58
65
89
40
19
20
42
65
91
36
63
24
26
74
30
99
43
20
29
41
65
78
25
48
5
44
7
1
47
23
21
5
88
63
97
59
35
91
24
26
28
39
2
6
14
33
6
9
53
87
2
70
65
79
19
23
24
26
24
71
1
98
29
89
61
26
1
96
18
77
74
46
17
76
4
83
9
10
92
14
98
94
85
63
73
56
38
49
34
63
21
35
61
50
76
22
76
77
70
46
7
44
44
24
20
49
59
82
59
51
96
9
97
33
25
22
41
63
72
75
26
93
62
39
95
39
61
23
68
83
70
75
27
14
51
0
15
10
34
27
61
82
36
10
16
61
33
9
77
5
85
3
50
99
43
97
38
56
20
7
40
42
34
19
9
86
71
24
48
5
51
10
88
40
20
56
53
5
65
30
10
2
86
12
2
29
9
40
37
30
99
29
24
86
1
33
24
72
10
72
30
13
34
18
53
7
26
7
12
91
37
23
94
75
87
48
56
97
40
94
79
92
75
3
78
76
89
2
49
99
26
31
12
61
49
18
68
75
25
80
18
14
55
64
90
43
12
46
92
53
92
71
45
68
74
75
96
15
29
45
14
55
28
79
16
77
97
36
4
74
69
23
40
76
87
82
71
52
81
63
5
73
86
50
93
13
25
90
28
54
87
43
61
16
22
30
45
71
66
50
45
87
25
85
64
64
68
87
16
49
51
73
74
37
75
68
50
52
10
79
58
97
74
20
65
48
50
11
19
68
13
64
56
38
1
72
54
21
59
23
70
10
96
