750
12
41
69
86
20
76
52
59
64
58
74
86
83
26
44
77
21
77
59
87
16
37
81
7
73
68
4
88
60
53
12
24
47
34
62
19
10
14
31
26
24
57
64
8
83
8
85
57
37
96
44
53
85
25
60
58
46
16
98
58
22
63
82
21
49
45
40
11
11
71
38
36
28
54
44
64
15
81
21
52
77
17
58
14
42
70
24
40
39
23
98
61
86
81
82
35
78
74
98
89
98
36
25
26
43
21
42
58
2
15
62
31
32
72
45
27
43
70
67
82
45
66
95
83
99
29
70
77
3
68
66
53
57
92
32
0
13
74
10
68
90
24
99
22
97
97
49
40
19
69
74
64
35
69
99
34
50
69
11
5
37
29
59
94
21
91
46
87
17
56
7
7
81
58
82
78
55
31
70
26
52
44
90
39
65
89
73
67
10
36
72
48
66
83
94
39
74
41
78
92
97
85
51
30
96
33
8
51
17
78
30
69
74
72
9
91
14
34
58
24
23
83
72
41
66
19
32
93
60
11
85
9
48
88
40
44
22
0
48
39
31
78
60
5
2
21
49
16
56
7
41
31
90
65
72
9
84
4
2
96
15
39
6
16
27
98
12
49
98
12
40
81
90
53
87
45
74
88
61
82
47
2
13
90
20
85
99
56
90
1
53
57
40
11
73
19
61
38
21
11
50
61
93
93
14
80
38
41
20
99
23
67
54
37
57
74
22
56
30
64
9
35
22
1
98
47
21
59
37
42
71
88
55
64
81
22
96
19
63
16
70
86
35
76
75
93
50
50
1
33
14
11
20
88
64
19
36
85
30
25
79
1
13
35
17
94
57
13
65
20
81
88
58
17
64
34
62
67
84
63
52
50
26
72
39
91
43
27
28
74
52
8
27
66
43
45
12
0
58
30
72
92
70
82
9
34
68
71
53
4
86
5
55
13
30
94
56
73
73
84
47
25
44
27
43
87
72
8
39
82
38
63
74
8
46
83
94
14
6
48
71
93
5
26
6
35
72
14
9
45
98
8
22
95
35
66
82
59
26
74
42
64
37
16
24
35
0
70
2
58
18
73
51
24
51
9
11
23
23
72
20
74
81
42
69
68
60
3
28
86
29
70
2
67
38
78
54
90
49
8
49
19
81
52
95
32
62
7
7
37
79
79
63
12
74
84
33
86
40
13
73
69
35
27
88
73
58
43
64
7
51
65
78
85
17
74
69
31
33
29
21
12
8
84
77
82
21
62
69
61
75
94
82
10
73
71
35
31
66
51
90
69
16
69
6
86
95
76
17
28
57
90
92
65
27
69
48
48
31
69
61
58
63
95
20
88
66
56
20
84
59
10
6
28
31
12
14
26
40
83
54
97
26
47
15
53
68
63
1
52
84
14
10
99
9
83
87
28
39
7
64
50
70
70
78
53
35
44
80
27
80
86
25
6
85
40
59
54
55
12
58
91
78
68
90
87
51
77
67
42
37
32
93
7
54
23
60
89
20
92
17
0
79
94
58
64
86
17
70
93
81
28
84
59
49
74
98
52
3
66
95
40
98
40
99
52
15
12
94
35
4
63
87
35
9
45
52
95
14
22
40
95
3
76
6
52
50
5
4
5
71
51
46
69
43
45
73
59
57
19
46
14
82
34
49
91
79
53
38
94
28
30
41
31
6
48
35
8
53
91
14
76
95
12
97
38
9
70
49
67
