417
98
82
37
4
89
12
90
59
68
94
39
58
51
62
70
50
30
54
38
50
32
3
40
20
26
67
57
35
27
34
32
25
16
21
81
57
33
23
68
53
18
7
63
69
70
33
71
52
39
9
2
24
65
94
44
91
61
1
26
40
87
10
18
3
31
99
13
17
23
81
22
41
89
86
62
11
71
34
63
63
95
18
87
60
64
83
4
78
36
82
18
23
93
36
78
76
36
91
45
11
73
68
52
14
6
66
25
77
52
40
92
48
10
79
8
75
14
64
5
50
47
23
73
40
12
52
68
0
95
14
11
20
82
15
34
88
81
11
17
34
4
10
82
14
41
42
41
56
59
46
58
6
22
32
98
34
36
66
86
83
80
97
4
14
12
90
2
45
54
72
31
58
34
65
72
75
60
66
83
19
12
42
25
34
26
23
20
14
89
6
97
22
55
53
36
19
44
91
17
98
15
48
8
49
14
80
76
74
98
12
93
11
54
18
97
32
93
70
46
34
28
95
56
84
49
45
55
45
88
72
43
55
21
51
4
87
83
80
13
34
92
6
45
98
76
94
82
21
64
80
55
93
76
64
29
77
61
84
22
1
9
17
56
30
20
60
69
55
92
82
89
37
40
86
87
16
81
70
37
45
2
44
90
78
8
19
7
69
56
29
70
65
98
26
47
18
38
68
74
83
50
63
20
90
50
59
58
83
81
47
80
84
91
71
14
0
42
22
21
50
3
92
15
2
70
14
20
61
82
46
44
84
10
16
74
12
27
84
95
9
31
75
93
23
98
59
23
93
81
44
43
37
88
11
39
11
25
11
24
60
58
20
44
20
36
71
84
63
7
31
24
39
58
69
62
57
29
37
50
10
33
93
99
74
56
38
37
82
2
61
94
12
81
90
84
69
13
68
84
21
99
9
12
9
78
74
66
7
63
68
70
48
14
21
22
70
12
