889
10
28
79
43
44
77
99
31
7
38
91
11
55
52
49
17
31
54
55
31
28
47
75
38
42
44
81
24
85
13
26
47
93
58
90
37
87
90
68
94
80
12
6
35
16
7
5
47
62
12
79
42
11
6
32
53
50
14
29
36
79
8
83
72
66
26
9
53
16
30
47
96
94
5
84
10
13
41
9
27
5
40
69
16
46
2
22
97
68
51
85
47
59
68
19
77
94
80
30
62
62
30
11
8
35
47
18
48
88
28
27
45
20
97
61
67
51
83
64
71
87
49
18
46
69
89
24
16
21
6
78
36
36
89
44
72
88
15
72
28
95
0
73
15
49
35
82
52
70
98
23
57
99
93
56
69
82
80
85
55
38
15
91
75
57
36
99
45
51
23
74
46
23
99
13
24
86
96
76
57
94
99
66
46
44
22
15
78
54
52
34
93
19
77
20
76
65
19
74
16
42
0
14
18
99
28
42
86
76
71
95
22
22
61
68
67
36
35
45
90
87
31
35
59
9
55
87
74
26
61
43
21
13
9
91
13
37
85
51
65
56
46
88
79
59
56
46
95
92
43
38
31
75
73
90
84
81
78
10
59
91
53
80
5
63
71
70
52
57
21
18
65
19
58
44
30
14
42
26
58
38
16
90
13
41
32
49
22
62
59
82
54
65
14
11
28
38
81
32
47
54
2
12
73
60
9
3
27
3
81
37
41
49
79
6
91
12
55
65
74
67
99
80
32
14
91
12
4
72
44
51
78
47
15
51
59
24
7
86
80
40
76
73
90
55
80
33
67
87
98
94
54
98
74
86
64
18
98
68
42
95
71
21
94
86
24
53
63
31
92
43
24
68
16
66
23
48
99
43
36
49
89
90
99
63
29
63
33
79
83
76
26
54
97
20
93
21
74
56
5
18
51
81
38
19
47
61
68
98
56
4
47
45
46
47
61
27
62
94
7
98
22
33
52
19
54
97
93
80
53
50
50
56
83
88
76
82
1
96
80
58
0
79
3
98
78
64
26
41
11
33
39
33
18
43
5
24
41
50
56
46
0
6
55
35
46
31
17
48
27
97
58
79
28
61
29
7
78
55
48
89
40
39
74
11
34
79
35
27
29
44
26
81
2
81
16
49
64
33
49
43
82
7
22
11
20
51
18
50
59
18
91
99
9
66
62
95
45
98
23
27
94
49
8
96
82
77
97
46
62
46
89
97
5
63
8
78
66
78
28
25
48
20
77
9
86
39
4
83
89
79
10
83
80
71
32
62
48
29
60
62
76
1
59
33
64
19
11
31
97
40
8
97
60
37
58
98
77
63
81
18
94
44
54
27
15
86
41
15
15
2
29
43
3
89
77
20
8
40
51
58
80
11
55
92
49
14
42
78
29
24
96
75
20
50
2
87
88
44
54
4
98
83
99
1
72
76
73
81
69
24
91
49
88
46
94
37
12
36
15
93
12
63
69
32
66
23
19
54
19
73
10
17
57
10
71
81
38
44
14
7
21
5
9
9
4
3
46
16
39
13
62
52
76
83
36
94
6
56
49
26
81
11
95
90
21
66
72
12
11
86
19
84
44
28
93
48
83
91
16
23
56
78
27
84
61
15
79
20
23
80
98
5
91
93
47
13
60
71
25
23
58
96
59
54
77
52
2
60
95
18
35
51
49
14
87
10
30
66
82
53
46
80
10
38
74
58
3
86
29
80
61
39
76
20
93
53
24
47
66
71
66
1
22
15
16
61
77
46
28
12
51
74
92
62
64
18
20
67
56
1
47
17
41
76
37
86
81
13
34
47
84
52
49
58
67
17
20
96
15
48
60
66
74
5
28
91
23
0
10
80
2
10
49
95
86
39
81
67
52
15
67
37
67
16
47
86
33
67
35
48
67
95
66
94
0
95
37
76
47
47
8
49
9
57
96
47
96
78
67
49
45
34
38
65
50
85
3
35
5
38
35
24
86
53
18
38
0
7
66
48
55
74
49
16
32
46
64
80
76
31
81
21
65
19
38
67
57
42
