351
10
61
78
68
56
11
51
18
11
40
8
54
55
3
53
8
98
54
3
70
96
55
18
86
11
54
12
30
43
8
80
6
69
58
74
25
21
25
96
33
18
4
39
25
60
93
33
10
99
36
80
47
43
98
34
55
53
98
37
48
6
69
6
27
79
32
52
1
10
48
86
28
5
25
53
17
70
87
27
21
75
59
69
19
57
55
26
62
53
15
63
11
85
69
38
64
54
42
17
64
91
3
44
48
81
97
65
3
36
44
25
12
3
46
83
12
1
61
75
54
76
90
17
13
11
55
30
65
97
47
81
40
3
25
88
84
23
5
39
11
1
64
23
4
10
6
69
63
67
96
69
96
86
86
9
97
41
91
15
39
39
96
79
42
74
20
78
97
77
17
8
79
34
84
35
96
42
56
60
62
52
29
58
38
16
19
88
9
63
55
48
2
51
80
96
77
52
26
26
29
43
35
60
29
71
48
26
13
4
38
27
57
67
37
47
35
57
87
45
20
42
45
74
46
25
22
23
77
48
50
59
43
37
19
73
8
19
51
73
24
89
53
33
8
90
80
96
99
68
41
19
62
38
45
8
16
67
84
93
67
34
4
11
23
24
36
83
43
87
56
19
28
9
52
88
0
33
84
99
53
77
71
15
16
68
76
32
88
60
77
55
46
82
18
69
58
54
52
53
93
60
73
73
70
77
62
22
62
98
73
15
76
96
83
44
17
11
76
5
71
5
12
69
87
83
38
97
37
90
51
83
50
76
8
72
5
70
46
68
69
72
35
97
20
70
41
37
81
69
94
4
