784
87
29
59
65
77
58
27
33
99
79
60
54
60
0
80
87
64
1
50
93
41
62
85
15
53
59
73
63
21
90
33
9
71
44
26
48
2
53
34
2
84
94
8
45
46
88
84
10
89
34
55
82
48
40
49
54
51
74
17
73
64
50
34
36
95
60
84
49
66
18
3
50
65
11
47
63
51
32
26
92
18
81
27
67
74
76
21
25
51
38
50
67
40
84
3
35
97
40
37
15
10
40
17
27
4
65
91
55
49
17
0
67
50
27
86
24
3
59
2
6
97
52
74
90
89
29
77
38
21
14
53
32
55
22
11
11
87
2
18
88
71
18
8
22
97
94
46
1
54
0
59
3
5
85
45
94
15
23
84
36
37
89
20
44
11
32
55
51
86
74
39
58
44
47
32
42
94
30
95
0
31
54
55
36
40
1
82
7
24
66
95
13
55
68
58
18
52
65
69
90
39
61
48
84
8
32
78
54
63
73
54
94
27
62
30
19
63
12
78
39
30
26
52
37
94
62
55
98
28
25
88
19
86
89
3
46
21
33
53
84
6
59
78
86
21
60
57
36
24
36
75
54
14
80
91
60
42
47
58
70
24
46
90
62
87
45
60
9
79
13
93
85
73
24
23
94
84
81
83
9
69
58
15
83
38
59
95
81
6
53
51
82
51
93
96
39
39
56
0
70
70
45
7
95
69
31
89
6
64
72
67
33
83
82
68
73
41
63
54
99
68
58
33
19
51
29
10
42
86
10
12
8
56
20
3
77
3
44
83
67
69
2
52
4
37
20
77
30
35
32
30
3
42
15
74
45
45
37
88
83
47
52
43
55
72
98
85
27
42
20
94
63
23
46
67
60
18
45
90
5
29
72
60
23
88
35
68
85
24
8
20
23
61
63
31
85
13
16
13
55
36
59
71
11
6
90
23
76
35
66
82
16
38
42
39
78
29
60
15
53
68
87
77
29
2
8
67
15
76
80
23
64
39
94
76
97
84
99
74
72
65
8
88
56
50
80
86
32
40
2
85
8
89
14
90
92
74
57
59
2
89
82
67
80
76
43
78
13
42
4
85
60
12
25
16
62
57
2
94
97
56
32
58
98
98
0
42
73
9
1
27
98
84
94
78
12
37
8
25
32
12
62
44
24
88
12
39
45
14
85
95
23
69
5
21
68
57
15
93
66
16
20
16
0
15
94
65
52
55
90
36
67
53
80
44
93
92
35
90
59
20
37
34
90
42
7
10
51
22
3
17
38
23
33
91
90
80
56
95
35
46
31
54
51
64
98
44
8
85
87
67
6
24
1
48
19
8
58
70
30
13
88
21
88
21
12
79
53
68
26
88
66
9
43
70
73
93
66
82
79
53
1
37
78
3
37
97
63
95
67
46
60
7
67
48
81
31
79
34
99
5
75
17
15
18
87
40
63
54
22
94
59
76
31
37
79
68
86
94
15
6
92
27
13
59
76
94
90
7
81
41
65
56
11
32
26
98
72
89
4
47
36
16
23
19
5
54
88
92
0
55
50
93
83
63
4
11
10
47
70
43
88
35
99
51
67
25
2
40
66
6
87
54
74
62
74
80
16
14
24
16
69
74
9
4
89
14
67
51
61
38
94
1
73
93
53
41
70
55
33
89
13
20
43
88
34
17
20
50
31
44
18
53
18
28
57
59
94
77
11
7
15
5
60
88
51
65
81
73
72
14
62
38
86
58
78
20
75
98
70
59
42
89
12
12
69
21
23
15
98
34
74
65
92
34
54
43
52
87
68
24
2
31
62
