939
78
23
21
46
8
64
61
11
26
96
38
51
46
29
51
95
91
21
48
61
69
51
39
57
8
85
6
62
52
77
32
30
0
6
28
60
70
89
23
49
37
61
0
83
42
51
78
33
25
79
47
94
30
38
51
38
75
9
1
27
86
33
9
38
91
37
98
62
78
73
11
16
35
63
51
29
66
82
15
91
61
62
37
91
52
88
82
27
97
35
54
35
20
15
73
12
52
71
26
30
45
89
98
32
52
50
61
70
32
76
62
45
90
99
88
42
40
22
21
89
57
27
25
30
42
98
94
94
22
20
77
19
9
75
51
13
77
64
83
61
93
97
6
83
49
47
78
41
69
51
30
79
79
7
9
21
6
3
16
80
75
45
99
84
20
2
49
98
66
84
11
11
82
70
47
83
17
25
24
86
76
6
17
7
14
26
29
20
81
97
0
56
42
51
92
62
53
41
12
71
26
24
83
60
94
30
95
63
7
19
1
35
25
19
43
39
97
72
11
79
69
63
87
63
14
32
25
19
73
90
91
51
66
26
63
12
8
58
75
15
29
76
2
55
47
97
46
45
21
58
76
42
73
63
5
88
47
31
7
21
73
50
24
39
76
40
51
84
98
78
51
28
6
6
35
54
3
81
51
25
91
27
67
65
42
73
53
90
56
12
63
29
15
39
20
91
79
23
28
78
1
31
58
7
37
93
13
93
26
64
18
18
43
37
35
86
10
40
28
18
52
91
99
67
30
19
11
62
42
91
92
95
22
50
55
12
95
68
5
21
85
75
91
28
12
26
14
75
66
94
93
71
85
45
90
68
16
1
30
59
44
22
6
67
24
13
31
19
82
36
92
19
11
36
47
75
14
14
50
81
8
96
4
46
41
94
14
57
48
96
68
92
70
27
11
94
40
42
65
74
30
9
93
93
97
41
21
12
7
71
45
15
19
49
61
60
95
27
70
43
75
90
88
45
17
51
91
58
46
8
32
76
70
78
22
67
19
43
79
26
66
76
93
86
25
7
98
21
34
68
16
10
59
56
7
28
8
51
38
54
59
71
82
29
49
4
97
20
99
28
98
66
5
91
4
82
98
2
55
85
23
72
47
34
80
54
62
88
57
1
42
17
24
25
98
25
81
47
45
33
76
95
51
33
86
55
15
37
9
71
22
32
95
21
66
75
27
29
16
85
30
58
2
6
35
52
31
69
0
28
2
28
23
5
61
61
60
28
98
69
99
72
2
46
93
20
74
21
49
90
6
31
0
60
37
36
12
20
57
12
48
11
92
71
16
53
33
76
82
83
97
33
56
51
80
49
72
54
22
73
96
28
5
96
40
94
32
53
15
41
17
63
52
10
87
68
15
20
96
97
55
94
31
11
97
63
13
69
69
35
43
65
16
0
61
56
94
46
61
61
87
31
25
40
41
12
60
8
84
57
6
39
3
89
3
0
4
16
70
73
3
65
90
71
65
51
80
11
49
41
73
89
72
50
29
65
62
41
26
98
98
32
89
53
73
92
54
77
8
76
2
64
41
92
35
58
95
15
69
97
9
94
86
33
44
67
51
6
8
77
56
59
61
46
12
34
38
66
63
99
94
17
15
87
9
50
45
56
18
67
53
27
61
39
12
6
6
63
64
67
40
21
26
53
67
38
39
57
57
2
8
51
19
23
91
80
74
36
89
44
3
42
23
65
34
35
23
92
99
87
59
91
60
37
97
79
76
36
37
85
39
45
88
10
69
79
43
95
68
32
39
71
26
14
88
12
49
63
5
0
51
16
44
11
54
41
91
82
77
80
67
68
77
7
79
46
87
74
93
55
6
84
78
84
98
19
97
48
82
2
0
85
70
44
49
24
85
92
6
63
72
25
83
49
33
62
48
72
36
93
79
94
78
9
79
28
80
76
28
63
30
29
0
0
25
49
77
11
41
35
26
65
61
9
67
46
24
67
70
12
60
1
7
90
10
38
71
91
66
99
6
96
80
6
48
6
8
25
69
49
13
47
67
74
56
34
72
32
53
42
45
65
43
4
8
5
94
79
48
60
30
54
8
11
13
56
69
21
34
38
70
47
85
89
73
93
75
45
26
28
39
23
94
34
79
2
91
73
33
40
85
63
94
93
26
7
1
95
28
