620
23
75
19
73
23
61
32
1
18
76
99
11
76
15
88
36
48
64
98
71
96
57
43
47
2
54
23
35
23
14
45
98
89
16
24
13
78
56
66
96
32
17
59
60
33
48
96
81
12
46
5
60
3
0
59
58
6
83
45
29
97
43
80
38
11
56
51
41
12
69
90
96
87
49
57
20
97
5
53
61
52
10
74
7
10
33
17
16
68
63
98
17
6
30
56
69
86
59
11
50
29
1
46
16
50
55
36
0
61
41
61
65
52
87
24
14
21
42
31
89
5
81
59
63
63
15
32
1
74
43
51
3
96
49
19
99
5
7
99
18
49
12
35
1
0
59
67
73
1
50
14
6
31
73
21
46
88
54
47
63
49
50
18
98
0
38
97
57
97
96
27
46
60
62
99
12
21
67
85
23
17
0
81
1
25
3
47
14
9
47
29
10
97
47
8
97
37
5
6
35
53
33
33
66
95
33
78
17
52
16
92
69
68
25
22
93
80
70
7
41
69
88
52
66
88
12
16
25
70
22
12
75
56
46
41
3
31
72
72
83
40
64
4
8
42
27
1
22
49
61
64
18
49
68
36
37
80
52
15
2
27
27
78
35
73
71
38
56
95
11
39
35
27
44
95
69
23
97
92
24
10
8
42
59
28
30
49
60
35
64
63
62
43
93
97
69
64
35
25
12
46
65
99
74
61
95
95
36
44
39
60
54
47
54
13
27
84
14
88
19
30
51
33
74
96
30
43
12
18
20
24
16
37
24
42
98
71
38
86
15
77
46
69
77
0
34
4
37
49
92
56
79
95
90
5
91
72
48
56
90
69
80
7
6
56
49
57
27
87
43
42
17
42
11
94
94
98
50
31
47
95
40
78
90
30
84
34
54
32
90
45
53
22
4
12
79
53
21
58
93
64
53
62
58
16
56
53
14
58
84
61
53
24
40
96
6
24
30
13
8
72
58
14
94
14
26
25
67
47
84
12
63
37
74
74
53
82
27
20
41
63
81
94
40
73
90
98
49
72
11
10
44
69
24
91
83
2
16
3
1
52
67
16
41
42
90
47
76
69
67
17
33
0
64
25
74
6
23
75
79
35
85
75
56
61
66
92
15
35
95
16
39
14
85
33
56
27
80
33
97
99
2
82
99
66
7
25
73
30
1
4
65
38
79
74
52
98
66
67
85
13
36
24
27
21
57
84
0
89
69
49
88
23
31
40
42
90
65
67
73
18
71
90
9
2
64
61
52
30
28
37
43
64
14
23
37
23
59
38
13
28
39
53
3
23
45
45
13
63
12
38
33
35
29
42
90
45
3
42
28
84
80
23
0
94
46
38
69
5
28
34
33
19
40
89
42
85
34
8
0
99
46
34
86
27
76
76
73
32
19
1
68
51
24
68
97
71
58
66
76
