875
57
70
10
25
67
17
13
91
24
8
0
19
33
58
0
54
85
61
83
60
98
71
11
43
61
14
70
83
80
70
90
37
40
0
14
59
18
27
50
94
35
2
13
20
61
65
26
98
26
62
58
77
33
21
20
47
35
90
82
15
12
72
5
4
25
71
64
95
99
66
89
86
69
54
59
82
19
85
80
98
47
38
75
33
11
47
80
98
89
62
66
2
87
71
6
12
42
22
7
93
41
48
32
62
2
91
44
21
28
76
19
28
66
46
13
77
93
93
75
83
7
93
37
94
64
95
58
59
18
65
4
11
13
36
25
15
79
69
89
8
97
60
88
63
59
1
40
52
46
67
87
53
61
24
0
77
20
58
88
90
24
93
53
89
29
78
57
61
99
98
21
96
58
9
59
17
62
51
22
8
70
9
13
83
34
65
61
6
24
49
96
0
94
49
89
76
27
98
37
26
96
58
74
7
19
33
24
81
36
46
41
6
8
6
42
42
72
3
48
96
4
96
48
51
45
37
27
24
88
16
2
84
74
76
91
45
61
68
78
49
66
19
7
74
77
49
68
49
4
68
97
61
64
45
12
61
35
39
85
23
7
39
7
33
15
51
78
28
19
56
77
85
27
85
12
56
86
80
6
91
49
3
52
65
49
64
27
84
55
64
59
62
4
66
47
71
69
25
52
88
33
29
26
12
66
38
68
53
18
74
96
19
30
48
85
79
64
64
15
71
80
74
85
36
92
32
60
62
57
12
2
42
41
28
54
60
66
22
13
37
49
9
8
79
9
45
10
25
9
77
96
42
51
81
78
95
65
38
9
22
50
12
16
44
92
70
4
11
44
69
0
45
30
8
76
91
54
86
16
15
15
12
57
66
45
36
14
10
26
75
84
29
87
0
25
32
22
81
43
18
50
43
64
32
51
40
75
57
79
91
73
94
55
30
13
52
18
79
62
97
54
98
26
94
50
51
26
72
32
21
90
34
64
6
18
67
99
93
25
78
36
98
72
91
80
37
43
99
16
57
96
71
7
74
65
57
25
91
29
9
12
71
95
28
30
13
47
29
58
24
7
94
74
31
37
55
69
80
6
85
89
54
8
96
28
73
5
5
16
86
66
80
9
61
60
39
26
8
68
84
32
27
30
59
59
67
14
80
99
72
17
88
26
26
36
6
51
93
63
68
79
29
48
88
42
61
28
68
69
48
4
53
76
34
12
35
1
78
67
0
50
84
40
28
10
28
34
14
21
97
82
52
78
82
40
20
43
20
40
64
21
44
18
97
78
30
84
31
61
51
83
11
35
75
40
98
55
26
12
28
24
46
80
54
80
73
75
24
45
15
88
66
60
58
63
90
41
99
74
2
50
57
13
38
85
5
88
40
32
52
69
8
50
1
62
30
74
89
54
20
5
95
38
17
5
54
59
46
53
33
48
56
43
14
46
28
71
86
20
55
38
89
63
88
91
78
18
17
19
25
89
76
72
28
93
77
82
5
24
87
90
24
95
85
90
41
65
62
27
86
17
17
75
33
57
18
63
28
36
82
53
77
59
77
5
4
54
39
9
30
79
52
7
74
37
97
68
3
59
95
89
29
65
16
62
22
87
25
50
75
7
55
52
66
32
10
23
39
49
32
21
80
84
28
55
74
26
23
77
37
70
18
66
35
34
28
10
73
5
60
48
13
68
1
31
0
63
54
91
64
39
13
45
23
41
52
49
19
27
26
9
97
44
75
85
31
56
47
4
61
7
5
26
75
58
10
28
21
64
19
85
3
32
30
79
26
82
28
97
9
7
6
59
51
34
96
34
42
43
39
55
2
96
34
78
54
44
58
75
8
29
60
64
14
43
95
40
25
75
89
87
82
48
46
86
34
42
20
76
37
11
83
39
7
17
69
61
13
27
88
74
57
49
38
23
92
85
63
69
60
4
56
95
52
54
81
86
48
53
14
85
65
98
77
24
67
46
38
81
26
26
55
35
27
45
