436
12
70
80
64
25
80
40
10
79
59
5
13
79
72
66
63
36
92
50
90
78
42
64
16
79
55
97
43
90
71
4
54
93
36
18
19
68
58
29
47
17
86
60
49
10
78
12
46
70
15
88
0
57
53
68
88
60
65
31
2
89
87
56
34
76
74
53
44
85
35
92
54
21
4
55
84
35
68
30
5
83
19
58
92
24
78
33
84
44
64
39
85
4
95
19
80
22
25
76
7
60
68
13
33
25
69
17
60
37
0
17
72
71
75
16
95
6
49
31
2
66
70
87
22
18
58
2
40
83
78
99
95
99
12
81
76
81
98
36
70
98
5
94
21
33
11
16
39
12
48
41
30
70
80
52
88
90
54
80
26
85
79
21
36
92
2
12
73
53
0
44
3
57
38
25
90
1
93
81
66
93
22
96
64
2
49
4
45
55
85
71
92
64
92
28
8
47
92
82
52
44
78
55
2
16
32
44
70
26
26
36
19
48
32
35
3
33
40
48
89
25
19
81
41
63
62
50
62
54
84
14
99
62
70
53
30
54
97
0
80
75
88
52
24
21
87
79
6
27
79
95
4
50
29
46
13
91
48
76
97
32
42
48
94
64
1
24
19
51
77
99
26
65
51
2
38
91
81
45
18
60
92
23
10
21
21
76
12
69
4
10
1
46
10
95
11
12
71
30
63
48
81
41
66
85
44
56
76
77
1
46
90
46
69
0
67
90
28
32
11
32
94
12
31
4
59
42
68
83
24
83
31
57
25
49
94
21
6
70
98
59
17
88
57
38
41
25
81
69
9
44
54
55
57
85
11
68
79
80
51
55
15
35
12
40
36
7
61
42
29
12
54
98
0
11
89
41
88
70
63
49
14
69
4
23
6
68
92
85
0
95
92
15
30
4
8
67
63
21
61
93
33
67
43
34
79
32
27
19
2
42
69
69
11
25
44
69
93
36
6
93
84
98
9
66
55
17
85
18
90
47
63
24
14
7
10
