548
73
30
5
25
84
3
16
78
18
51
24
56
21
47
71
40
67
95
71
38
19
54
89
32
30
40
60
4
41
4
80
15
86
37
92
70
93
9
0
11
60
76
19
33
24
42
25
43
90
96
33
9
2
74
94
32
15
6
88
8
10
21
75
48
58
68
18
3
29
70
67
41
47
38
75
23
81
52
66
23
1
0
84
3
26
78
88
41
84
76
2
46
97
77
46
8
97
16
11
26
87
30
68
34
69
95
57
2
99
75
25
0
27
9
4
54
40
44
47
76
20
49
75
70
27
73
78
24
90
41
3
77
24
23
63
93
70
72
47
69
99
24
70
27
85
26
33
25
22
80
54
94
82
81
64
61
54
94
37
44
88
92
73
12
15
88
57
85
60
4
7
12
28
29
39
13
7
24
91
29
56
97
23
38
30
40
51
84
34
89
81
74
81
6
86
49
95
43
86
7
99
93
19
27
74
10
93
81
34
36
62
91
85
38
29
15
78
33
51
64
22
84
39
55
91
77
56
86
21
43
45
20
88
65
0
63
75
45
96
62
33
11
53
18
49
34
33
79
67
36
43
41
21
34
49
12
12
5
50
85
48
47
57
89
64
9
4
40
54
0
54
39
63
7
57
12
93
42
91
13
79
87
54
52
21
55
16
85
61
18
70
61
65
28
50
30
89
6
22
44
59
76
35
22
35
93
35
28
87
78
41
66
65
48
70
87
3
86
72
64
4
95
78
70
75
80
52
64
87
74
60
46
2
96
68
37
89
55
17
76
34
59
95
99
59
65
38
62
4
63
79
8
58
9
30
85
89
82
49
76
8
10
74
10
58
95
47
47
50
65
75
84
76
22
36
35
40
26
49
44
89
80
4
99
89
87
84
79
21
86
7
30
48
82
40
6
77
88
5
27
5
32
64
81
7
52
68
47
78
17
43
20
98
99
71
87
86
8
18
8
46
26
90
94
8
30
0
37
70
57
16
27
89
32
8
96
84
28
95
15
46
90
87
96
90
10
35
28
18
54
88
64
32
78
10
92
9
10
29
31
19
97
59
9
30
19
57
66
48
53
33
46
43
72
94
85
83
29
14
53
35
2
70
67
81
80
59
42
43
40
25
62
38
36
71
20
56
81
86
56
34
72
2
29
44
96
15
27
77
29
81
13
83
51
32
16
83
44
10
26
36
36
89
26
72
12
46
80
93
85
36
79
57
90
9
1
38
24
81
16
5
14
81
88
65
65
5
0
