461
59
12
30
84
23
2
34
40
0
68
46
56
64
59
66
67
98
78
96
71
33
78
68
45
0
16
55
79
91
38
66
50
50
96
87
74
98
73
14
98
93
12
7
57
23
25
24
21
3
72
44
88
50
12
34
2
29
89
34
72
27
0
23
77
49
62
3
47
35
70
98
28
82
5
85
58
30
61
31
86
33
76
74
36
40
60
90
69
49
24
42
28
77
17
58
26
79
61
73
66
31
23
94
66
28
31
24
11
44
7
49
77
83
75
65
24
36
56
45
37
32
39
66
9
8
24
35
39
85
61
5
69
84
51
35
65
34
11
76
78
18
77
8
54
52
25
30
88
81
27
26
14
67
44
75
27
68
11
67
5
24
24
74
60
76
9
25
62
20
53
41
91
30
1
45
83
26
27
23
8
54
1
74
73
45
49
1
13
12
20
19
36
44
45
49
72
55
74
35
27
28
28
18
10
29
15
45
55
42
69
15
49
22
89
22
68
91
75
33
3
95
4
92
92
50
41
16
57
67
51
84
47
31
55
58
60
70
55
68
65
24
83
14
99
25
88
19
16
64
4
71
11
9
63
55
11
56
72
68
24
75
4
71
7
59
81
19
82
37
39
47
13
23
13
12
0
1
83
16
17
88
39
29
97
3
36
60
59
8
80
35
36
84
59
43
96
40
14
78
77
54
77
43
29
90
7
29
91
91
97
9
79
36
90
28
39
26
88
51
87
68
38
23
4
97
18
52
90
32
30
19
86
59
62
67
49
70
96
93
61
93
54
92
82
96
20
21
22
8
24
61
28
15
84
84
64
2
37
54
35
19
74
73
79
88
41
80
58
89
25
71
35
79
63
17
75
83
90
50
43
67
11
23
82
48
8
46
50
97
1
37
16
27
63
47
15
56
80
26
45
5
97
80
37
13
97
64
48
40
14
92
7
78
15
89
78
75
87
28
72
40
18
41
67
81
40
83
89
20
9
34
78
58
67
15
71
16
79
72
56
46
64
63
24
31
4
2
59
92
82
83
32
52
76
0
33
17
35
22
89
96
