286
72
38
32
42
71
87
51
47
23
99
17
87
43
31
11
87
84
94
5
6
99
21
59
32
25
69
40
69
87
54
64
60
92
48
54
15
36
57
62
59
57
80
46
52
63
10
39
48
56
44
6
55
17
65
40
42
87
32
64
74
86
28
86
79
29
40
46
65
98
9
76
7
41
74
59
56
36
50
4
93
46
62
0
15
80
40
58
67
25
74
41
11
54
28
42
83
20
89
0
70
50
76
77
91
3
88
47
39
90
4
84
36
18
85
4
98
77
62
65
2
88
59
66
42
87
8
26
59
97
78
30
99
7
59
42
10
48
90
1
90
46
86
79
16
23
83
15
52
97
32
7
85
91
73
27
30
33
5
90
83
84
20
82
43
79
25
53
79
67
6
70
65
92
49
81
67
84
96
72
81
29
79
66
72
52
45
3
37
51
93
20
87
65
3
30
96
80
35
28
47
41
98
64
86
99
45
53
35
94
25
16
75
56
82
47
60
27
50
98
30
95
18
69
60
73
51
9
53
86
37
52
28
87
16
66
86
14
71
21
8
49
89
83
5
71
82
66
50
33
16
33
28
86
54
41
60
6
50
65
92
87
70
72
74
86
38
12
0
10
85
60
59
74
43
16
97
78
34
99
11
50
84
91
37
39
32
