257
24
82
45
99
8
39
29
21
42
47
86
23
35
12
74
73
71
75
45
47
13
48
36
43
68
75
70
29
56
98
20
81
81
66
32
89
57
61
62
51
60
0
74
96
13
49
21
84
76
18
84
42
18
72
85
39
47
8
68
3
6
89
36
39
7
69
80
64
82
42
15
43
95
42
91
8
91
64
44
19
35
80
61
53
52
99
92
51
59
13
7
17
2
43
57
61
64
37
25
47
32
92
90
27
34
33
87
77
97
83
97
84
64
10
38
16
61
82
20
72
95
27
90
49
70
47
10
87
36
35
34
68
80
76
47
14
9
86
92
58
70
41
43
34
3
33
2
17
15
22
89
63
49
79
12
72
78
23
59
15
10
45
35
90
21
35
57
82
21
1
92
43
42
35
77
97
20
32
14
88
6
56
51
56
87
63
80
66
86
91
33
49
36
68
39
9
3
48
91
77
49
83
20
91
71
50
41
43
34
7
31
40
63
82
48
3
98
28
69
84
71
2
85
59
22
77
68
78
25
59
55
75
95
27
18
18
29
59
61
63
19
93
4
34
27
4
37
25
85
6
62
56
60
47
16
83
24
