340
52
11
92
46
92
83
39
3
40
50
77
61
96
32
66
62
42
79
73
10
32
84
63
28
17
44
41
87
78
47
13
82
10
5
80
2
89
20
57
29
22
34
43
70
18
9
32
61
41
57
71
25
42
87
53
11
31
95
98
61
42
11
43
53
16
23
7
57
95
65
87
17
51
82
88
22
91
72
83
84
82
6
9
24
93
63
35
76
58
85
37
52
96
32
57
64
56
17
22
3
34
61
21
37
43
61
59
86
85
42
71
67
49
80
43
94
43
78
71
53
15
60
58
11
45
67
76
1
84
98
56
70
59
77
8
54
90
67
40
76
62
11
95
11
44
39
57
39
69
80
45
85
41
3
96
86
22
24
39
59
74
95
29
33
25
37
39
67
57
80
95
19
43
91
82
39
82
39
79
51
20
24
36
13
27
85
99
1
61
90
60
36
37
90
21
62
79
61
82
36
41
77
55
36
20
37
76
2
29
55
54
49
31
42
62
10
79
13
11
41
55
72
29
92
62
50
7
41
11
89
30
4
18
85
41
39
75
69
41
4
76
47
5
7
42
19
17
21
84
28
14
39
0
95
83
14
46
90
8
9
31
38
14
50
75
7
41
2
28
82
58
4
82
63
11
24
34
80
97
18
8
64
57
61
59
41
27
57
83
87
67
67
25
33
17
53
92
10
55
20
44
66
76
26
81
39
50
16
19
0
34
79
64
44
92
75
37
20
33
20
59
0
87
37
85
56
90
29
18
97
49
63
63
77
89
45
16
92
13
35
