927
56
26
56
36
88
47
38
47
58
80
67
20
18
13
32
14
28
16
71
18
12
29
29
1
27
97
42
22
35
8
78
92
87
34
80
27
33
70
74
92
50
41
12
21
7
96
35
87
64
59
5
76
40
34
30
67
83
72
89
70
33
19
14
20
53
47
99
86
17
74
78
20
67
42
93
26
39
28
13
3
39
18
32
31
4
62
98
39
86
39
10
71
58
24
43
63
71
43
50
41
69
80
61
88
23
54
15
14
34
80
69
26
99
1
57
55
15
8
95
54
99
57
25
58
81
69
73
5
12
23
98
33
56
59
21
79
65
88
93
51
69
62
77
20
16
87
75
31
47
22
85
46
79
11
56
61
32
30
18
96
5
16
29
61
27
2
40
44
91
85
95
60
48
25
80
64
64
55
47
11
30
85
57
9
96
66
22
80
96
40
28
53
8
57
15
35
59
7
79
50
93
27
62
93
52
42
9
16
50
56
79
80
41
36
89
89
54
12
21
2
4
49
56
13
58
71
0
18
30
32
20
23
59
83
68
63
77
77
79
27
86
10
59
79
46
49
69
53
13
42
55
17
92
11
82
50
34
35
20
65
67
41
40
78
76
9
41
53
86
72
33
72
82
92
52
80
41
73
33
6
15
89
76
59
52
10
10
87
45
82
52
64
23
44
42
51
53
83
5
40
55
38
64
37
30
68
18
24
93
3
30
61
92
58
20
45
69
82
32
14
65
36
79
40
80
21
92
86
57
49
26
12
87
42
2
69
63
72
45
56
75
76
17
68
86
90
65
55
72
49
22
89
37
1
30
17
74
74
55
31
23
33
96
62
76
98
31
91
22
77
47
97
5
17
65
43
7
82
99
31
31
21
73
68
74
3
38
0
77
93
84
52
27
80
14
55
30
97
46
52
26
93
49
83
62
67
27
21
49
78
5
81
99
78
1
25
81
39
25
10
33
9
14
12
41
28
67
23
77
13
75
4
58
77
39
73
44
66
94
45
44
99
78
95
77
80
72
10
19
98
72
4
59
86
16
53
66
35
76
44
0
52
0
11
81
39
84
25
58
78
22
54
78
1
2
7
81
74
18
52
24
90
9
84
29
77
37
47
13
13
91
13
17
43
24
98
35
60
75
45
39
98
99
69
51
53
76
84
28
46
88
52
89
97
88
18
75
77
65
40
43
9
5
12
4
82
11
39
42
38
84
81
88
36
2
39
89
79
75
17
25
64
22
14
61
62
84
88
40
2
28
83
11
34
47
67
16
58
7
10
49
43
92
37
79
94
29
21
25
4
38
3
68
12
17
82
75
54
22
67
56
3
2
19
37
49
86
5
8
45
15
9
89
59
46
20
6
75
41
31
32
32
34
52
96
4
34
71
10
9
38
18
12
92
89
1
42
27
6
2
73
73
11
14
85
57
86
91
85
80
74
17
12
61
69
60
17
56
32
79
17
22
97
29
15
86
30
9
13
88
11
38
13
22
4
98
31
91
41
68
71
68
37
35
81
59
95
98
15
79
29
84
54
26
13
69
64
95
30
29
35
41
68
48
15
72
99
46
15
92
67
86
12
4
73
93
63
69
43
30
0
72
14
54
50
27
75
14
74
5
44
9
46
12
58
61
36
9
60
52
1
27
90
66
31
64
59
95
85
55
25
85
27
40
92
78
19
67
44
94
73
88
55
19
52
13
33
41
74
93
93
28
20
35
94
3
51
53
98
88
8
76
26
88
68
18
18
87
85
62
33
58
3
89
30
55
54
15
48
29
8
41
57
80
29
51
35
80
56
34
21
17
62
47
57
30
65
27
69
2
89
3
13
44
92
95
52
98
10
0
27
70
94
36
2
23
39
37
55
48
23
28
17
85
75
74
67
92
1
37
47
42
40
60
87
84
7
91
82
17
91
62
87
37
98
41
60
38
78
68
38
2
96
55
39
24
29
7
68
82
44
15
76
36
75
15
20
82
6
54
51
50
16
90
87
67
31
0
57
10
68
95
64
16
50
55
92
31
62
61
13
58
76
89
94
4
57
66
86
63
73
90
13
89
80
1
8
64
1
65
26
21
60
90
89
62
45
82
45
60
43
10
18
19
52
65
23
