682
77
1
72
70
65
42
63
55
58
73
15
80
36
34
63
87
65
67
20
95
72
25
21
86
29
14
41
32
42
48
27
19
50
51
42
15
93
5
22
51
30
38
84
66
24
99
5
90
18
78
85
42
55
58
28
37
73
70
69
15
18
48
87
20
99
81
87
44
38
10
96
68
0
32
87
24
83
44
14
1
22
99
44
78
58
24
67
83
46
36
50
17
84
89
37
83
70
25
27
60
35
75
29
35
59
68
59
42
12
26
96
87
25
92
17
35
16
84
70
15
72
21
32
56
62
69
91
85
94
70
45
81
98
26
16
9
94
28
52
59
54
0
98
31
92
67
19
60
51
89
75
75
62
7
83
25
29
26
62
75
96
7
57
46
86
25
56
80
53
60
91
59
60
41
91
52
8
62
64
59
51
92
86
66
99
69
43
80
95
5
56
44
12
13
90
98
38
98
31
44
58
74
3
18
16
46
22
24
60
87
36
12
79
22
30
30
44
73
63
39
78
19
83
42
84
26
41
74
24
24
18
83
98
74
53
66
72
76
91
33
15
79
97
46
53
27
28
97
0
91
37
30
62
72
72
46
98
13
21
23
89
91
6
40
65
11
6
90
87
49
23
54
28
72
52
82
99
81
79
51
24
68
81
87
41
53
85
39
19
6
62
8
98
20
0
15
32
7
5
71
8
80
78
89
52
30
71
3
63
2
54
40
23
87
27
64
41
64
3
12
23
18
72
73
90
73
88
74
32
46
46
40
26
24
29
31
6
52
34
70
7
41
10
30
28
89
46
21
53
1
85
28
71
58
1
62
83
90
36
67
88
34
59
66
10
41
97
17
93
84
39
52
25
1
34
53
90
80
27
95
82
12
24
53
70
77
67
5
67
4
72
7
90
32
74
1
73
71
70
18
55
9
23
80
10
57
86
52
38
13
99
72
77
75
77
0
53
45
5
72
1
30
80
91
14
54
44
39
77
14
57
85
23
32
17
85
90
55
37
80
68
89
4
98
64
81
98
17
26
55
42
79
85
22
23
99
28
67
38
57
82
48
42
57
80
60
43
22
15
32
2
36
21
6
86
86
40
84
55
18
39
97
98
77
71
21
76
99
40
67
9
22
67
51
80
99
63
75
22
31
7
76
19
81
83
5
67
75
89
74
93
80
72
43
57
95
64
86
47
5
53
56
79
72
7
11
71
23
38
93
54
46
22
73
27
57
78
46
32
19
72
25
99
96
69
9
92
85
95
39
42
0
95
22
72
54
85
95
77
24
41
83
22
63
56
1
20
86
47
52
57
71
29
9
68
98
18
60
84
13
51
78
13
46
52
37
52
38
32
30
14
73
13
36
36
22
37
8
60
36
60
18
7
90
27
75
40
45
87
76
10
38
55
75
36
7
12
89
97
96
71
11
22
36
47
10
58
36
19
19
72
79
89
32
21
16
7
62
13
95
38
75
85
45
50
22
5
14
11
2
62
34
14
84
70
13
95
81
50
14
52
74
45
41
6
67
9
66
81
74
13
71
49
98
17
51
20
22
17
83
76
79
