180
12
51
66
66
56
58
62
4
82
58
52
68
67
54
3
28
42
48
50
71
73
86
65
33
70
41
71
49
95
57
27
60
8
45
26
16
55
89
21
90
99
25
58
66
79
61
46
21
61
96
44
87
83
9
20
5
2
43
54
50
0
33
10
9
78
36
25
86
77
98
76
76
23
34
94
2
48
40
75
9
37
20
96
20
81
69
77
84
12
32
34
13
65
96
74
96
32
51
82
62
50
58
90
25
44
85
28
92
25
55
54
62
75
2
34
9
23
12
45
36
96
31
1
13
27
27
9
11
78
43
73
80
1
64
6
98
49
86
90
26
41
96
89
69
51
75
78
74
39
23
62
35
54
15
1
33
42
10
44
21
54
18
1
7
34
7
5
35
45
48
61
87
96
2
56
47
78
86
22
69
