405
60
46
90
59
23
0
1
81
23
64
25
6
77
87
56
72
7
3
81
89
80
47
17
24
26
67
84
13
97
96
11
58
94
1
69
69
54
70
50
77
86
27
35
15
14
91
87
74
95
69
63
27
16
32
52
94
0
88
60
49
36
71
59
31
25
28
0
79
50
3
8
88
30
95
4
97
86
91
71
33
12
86
61
28
70
13
75
22
53
35
72
89
58
31
20
83
12
73
14
62
76
74
3
58
69
7
55
8
98
78
41
11
64
2
91
87
67
66
9
20
53
81
10
12
65
82
47
77
55
62
91
83
36
94
42
58
53
97
66
4
76
7
67
92
62
58
79
29
77
41
50
30
74
60
94
39
94
42
68
50
4
12
33
92
58
27
2
12
25
68
16
53
28
83
97
90
93
29
19
22
70
21
53
96
81
99
36
76
41
56
78
97
68
63
42
79
91
44
91
68
65
59
73
45
94
22
35
87
51
6
62
73
28
67
70
61
66
58
89
8
14
19
57
35
83
99
14
26
96
57
46
13
16
19
58
62
41
45
1
45
51
63
70
31
30
92
93
97
50
34
57
17
54
14
52
89
66
66
15
14
23
61
27
91
32
85
53
25
30
54
70
33
18
93
65
48
85
10
97
36
44
54
53
50
21
5
39
39
23
6
53
98
19
32
89
51
17
94
77
99
0
47
32
18
92
49
19
78
59
68
14
56
23
19
58
96
76
98
35
51
56
40
49
76
72
90
27
41
84
4
92
84
4
76
55
96
26
26
26
37
94
92
45
69
11
4
65
39
54
52
90
10
92
39
38
16
29
66
9
65
22
1
2
78
78
9
27
4
35
53
93
81
46
39
51
9
43
68
49
97
73
39
59
17
31
98
34
12
16
43
78
38
97
32
69
75
41
96
31
76
1
24
9
47
15
