667
3
1
67
48
62
73
16
85
75
11
87
43
64
66
17
60
6
78
67
60
72
11
91
63
2
3
63
22
2
0
74
57
53
94
5
16
67
21
1
43
33
88
86
97
7
55
9
13
33
77
73
57
40
64
21
42
20
36
65
22
36
91
79
90
85
36
6
5
58
59
0
43
99
38
92
6
93
53
71
78
82
97
36
22
13
57
17
33
93
34
7
82
25
86
72
63
75
30
68
85
89
68
28
40
6
72
47
51
25
70
81
8
67
17
82
81
26
99
14
72
33
22
54
59
60
78
74
35
8
42
20
49
62
0
89
20
72
88
23
50
59
4
10
26
22
92
59
0
92
74
24
77
48
30
88
60
8
62
96
68
4
68
17
18
69
7
90
93
47
13
95
6
18
5
85
92
98
96
44
42
22
69
19
70
99
8
31
8
22
79
28
79
47
46
97
68
5
88
14
52
53
9
11
71
15
48
15
65
44
60
59
67
29
78
37
80
38
20
40
13
99
69
92
99
15
89
19
72
29
33
24
83
43
87
6
10
35
22
27
80
82
86
47
63
16
36
43
7
57
36
20
8
5
12
7
72
53
79
44
83
12
20
18
7
8
24
69
43
46
96
23
80
82
22
43
99
59
39
58
68
75
78
76
80
90
36
52
43
15
96
78
79
16
96
87
76
21
8
20
67
5
95
48
39
18
43
90
29
82
48
97
57
26
73
37
68
61
41
12
76
89
90
8
58
39
95
34
60
55
54
79
60
2
79
52
20
23
42
1
57
91
98
15
69
23
4
38
85
46
2
13
87
92
21
45
83
68
80
43
24
86
75
36
88
54
88
60
29
31
61
87
74
11
54
43
35
58
81
20
56
83
85
96
28
7
41
63
75
73
7
51
12
34
88
52
40
76
13
22
59
26
61
33
38
15
29
25
25
62
97
34
98
82
30
26
89
23
89
17
97
48
68
9
34
8
61
75
37
26
97
96
5
58
82
95
25
11
20
50
25
17
36
23
99
66
49
41
42
91
10
39
91
30
0
78
39
13
53
28
92
2
76
97
12
58
44
37
21
64
39
47
33
28
70
32
46
72
25
88
15
35
79
58
66
79
36
57
45
41
85
37
95
61
86
7
72
82
96
45
46
88
44
79
68
15
63
14
39
89
55
6
76
34
16
94
66
53
51
11
46
88
0
94
2
38
53
74
20
2
71
18
42
16
49
10
83
12
76
22
53
31
80
30
66
96
76
84
1
28
95
0
68
47
94
70
37
47
96
9
49
68
27
91
36
76
1
19
40
78
93
94
61
73
76
27
21
52
63
23
32
10
23
1
57
69
23
46
16
72
55
18
92
34
9
28
62
63
47
3
93
40
49
54
65
25
34
86
29
97
61
62
8
36
15
17
5
90
16
74
14
71
92
6
58
53
86
20
68
33
75
13
25
24
20
42
1
6
81
31
3
42
45
63
31
12
33
36
54
49
62
69
72
6
75
30
12
14
51
32
47
26
46
25
3
66
19
4
