447
32
37
70
21
38
49
81
0
19
33
87
90
25
30
91
52
84
70
96
74
58
22
71
3
64
91
92
41
57
1
71
41
91
93
63
81
42
44
81
61
29
21
51
54
3
94
6
40
16
55
66
74
77
37
78
94
80
70
35
89
23
58
31
66
51
94
47
94
90
81
7
19
54
59
26
57
53
84
97
70
39
64
96
69
53
74
63
34
96
50
23
20
8
54
38
11
0
86
57
90
67
65
62
21
76
88
30
81
24
80
3
16
96
0
85
49
26
0
35
23
2
59
95
62
65
33
73
66
19
83
8
38
48
70
11
24
10
42
57
35
74
61
3
70
61
88
71
87
40
7
62
94
18
57
56
83
43
81
1
62
64
10
53
64
32
64
40
43
58
98
30
32
59
33
54
72
73
78
11
65
37
74
59
55
83
67
90
26
48
44
41
65
54
94
29
38
10
22
81
69
20
63
53
31
48
60
55
73
90
66
38
27
40
49
34
24
16
24
50
65
20
91
82
74
37
63
13
48
85
46
69
57
62
22
88
62
34
43
36
24
62
26
3
2
76
37
78
92
14
81
9
34
24
91
61
62
7
26
62
92
24
31
50
86
5
90
49
40
86
37
16
48
63
20
50
91
57
81
84
23
62
45
58
38
89
71
0
96
97
62
88
73
45
90
60
51
81
61
43
67
50
59
15
13
79
17
57
89
50
41
12
12
38
22
51
27
93
3
75
42
18
16
16
63
6
28
66
39
41
9
6
91
69
73
56
0
43
13
89
93
6
54
58
45
28
61
24
74
64
0
16
34
16
84
50
74
12
16
14
53
26
72
96
95
98
53
47
41
66
89
34
25
43
44
70
71
5
46
97
70
46
14
56
14
98
6
41
63
23
7
68
49
79
65
96
29
18
43
70
36
84
57
13
27
1
83
51
59
82
48
81
80
14
37
95
65
44
88
28
19
95
96
68
26
13
16
56
31
11
78
20
96
87
33
75
41
69
78
0
51
27
81
31
93
18
78
58
