834
92
47
11
98
35
71
95
74
61
32
29
0
79
68
90
28
44
66
98
19
42
66
22
39
40
97
85
26
22
93
61
14
93
72
65
28
43
12
2
4
44
32
56
24
52
47
4
48
13
55
68
7
73
90
46
13
39
31
91
61
77
52
28
70
77
45
98
20
57
0
77
2
84
33
78
36
80
34
85
45
89
5
52
14
95
51
80
87
34
71
48
11
76
28
33
53
73
31
25
31
84
54
85
68
88
63
57
20
97
94
66
39
99
70
5
46
73
85
33
8
9
34
71
37
14
5
42
88
88
67
71
72
22
56
93
62
19
50
82
68
96
0
59
47
23
65
93
96
2
79
56
11
65
28
48
79
33
90
67
73
10
90
46
84
46
39
46
17
41
80
38
89
33
97
36
56
14
29
4
17
60
61
28
77
89
29
57
74
71
76
99
33
67
45
17
65
36
15
83
29
96
73
18
29
70
54
37
85
36
41
54
48
2
34
26
43
63
35
69
87
11
69
72
30
66
90
96
3
57
31
84
53
4
3
34
26
57
71
63
45
65
17
94
67
52
20
63
67
55
84
54
18
5
79
49
72
69
97
27
78
80
11
32
36
66
18
62
76
90
26
21
7
43
15
26
47
87
89
15
94
26
21
13
31
0
14
55
21
63
82
0
43
46
32
31
64
2
93
40
92
71
62
51
67
29
78
14
69
67
81
63
45
3
76
77
3
42
84
25
5
19
25
0
65
9
31
29
11
77
22
56
0
84
7
67
65
85
34
34
5
15
98
50
18
26
79
74
69
64
99
26
83
24
27
0
33
58
81
44
87
3
52
88
39
60
7
57
45
93
91
2
61
41
53
31
20
84
5
41
0
4
67
35
80
94
35
65
5
69
62
92
24
14
80
16
74
40
73
72
33
16
74
94
10
79
26
30
64
31
71
64
88
90
0
68
85
87
86
90
8
48
34
85
62
67
1
89
7
26
13
40
94
87
87
4
67
65
86
83
96
9
99
36
0
51
57
37
91
43
79
99
91
13
84
5
80
37
46
39
63
59
32
10
47
19
14
66
84
53
1
32
14
0
21
14
52
78
3
43
73
82
94
16
96
31
21
28
20
20
68
84
79
0
94
78
19
60
96
55
65
97
87
80
98
60
94
2
38
98
97
11
32
91
27
28
74
1
57
95
21
25
31
52
25
77
31
96
89
27
51
55
77
90
35
75
51
81
29
41
31
26
5
64
69
84
92
44
85
1
39
58
78
22
63
55
99
94
51
88
73
54
43
50
45
78
77
48
60
6
89
91
84
94
7
54
79
52
98
16
53
89
27
84
11
90
39
62
36
91
50
61
45
46
12
42
76
41
90
36
0
32
80
84
78
39
38
9
91
88
78
45
29
5
81
92
47
20
54
83
11
57
44
9
55
8
3
31
2
46
20
2
78
52
86
8
91
77
70
83
17
48
80
99
5
61
91
52
81
98
35
45
7
31
6
62
92
9
93
94
55
13
96
85
17
34
94
9
63
64
92
33
64
24
32
69
85
75
21
18
25
8
15
84
91
21
46
83
31
92
29
86
57
77
72
75
12
18
84
27
34
28
12
98
52
96
67
89
72
40
59
49
48
75
86
91
96
32
75
27
76
56
66
86
34
90
13
46
8
49
25
42
77
38
40
81
34
59
22
58
99
81
60
99
56
46
90
5
30
17
84
59
74
50
45
8
40
58
6
48
7
83
42
36
21
34
69
8
93
91
18
44
24
78
43
33
76
86
38
7
3
22
18
29
25
63
37
65
73
95
66
32
79
60
20
52
95
89
60
40
32
79
85
8
9
28
41
38
66
31
97
70
6
15
51
83
30
41
0
3
36
18
87
15
79
59
68
26
0
80
66
32
11
51
92
