593
87
87
40
13
7
92
56
40
17
82
72
39
86
82
77
43
36
88
49
83
58
37
80
90
73
22
52
94
73
30
46
61
69
39
74
29
83
82
69
52
16
93
91
3
75
21
98
12
9
0
47
67
37
27
10
10
1
62
56
75
44
55
88
14
94
14
43
77
96
12
29
13
5
72
68
32
93
18
96
55
18
95
74
8
23
84
70
76
47
27
51
91
82
91
5
76
5
0
5
54
64
34
67
69
58
87
54
52
57
2
59
76
98
33
36
73
70
6
49
17
33
53
60
67
44
18
95
50
18
52
4
83
86
23
4
45
62
10
49
19
13
60
47
11
45
83
84
15
42
33
32
27
38
93
95
83
63
42
85
81
95
41
16
33
64
21
30
78
83
31
97
96
91
97
7
37
32
91
52
74
77
37
2
15
82
49
50
45
91
35
78
38
76
95
72
92
68
2
70
51
34
20
48
77
69
7
66
1
51
19
28
28
8
30
95
90
79
98
87
22
33
65
61
62
60
33
6
80
87
29
32
73
1
80
3
70
87
69
23
38
40
51
18
48
33
66
90
64
64
77
87
49
95
0
63
55
85
70
36
24
99
20
98
0
52
1
22
91
22
45
30
63
49
0
11
82
18
54
99
34
31
38
84
26
38
47
34
75
69
22
99
68
42
49
20
46
50
42
37
73
88
19
88
89
20
99
71
90
5
22
25
37
60
9
15
98
8
1
25
78
75
25
98
69
74
19
15
77
13
53
2
53
72
90
42
44
41
66
35
47
88
12
36
49
73
3
99
81
57
25
11
32
50
62
54
76
81
69
53
94
74
7
0
47
97
42
43
91
8
30
38
97
42
26
98
15
29
97
49
86
22
12
71
24
74
25
1
7
46
6
54
21
14
54
20
63
96
15
54
57
46
44
6
40
70
4
8
52
1
57
90
76
21
61
0
96
38
1
55
85
8
9
58
74
63
78
37
12
93
44
69
91
88
27
32
11
31
40
63
84
49
5
60
70
19
13
18
57
66
74
94
26
35
52
0
99
82
90
63
76
34
84
67
74
11
51
85
94
91
0
30
92
6
43
15
77
56
33
86
22
59
81
49
95
85
1
46
68
91
61
96
25
45
15
0
8
67
37
2
10
38
32
3
96
75
70
73
83
55
59
6
15
92
7
62
78
8
60
98
52
21
46
29
18
61
81
26
80
19
80
91
9
64
46
5
40
16
30
75
71
41
81
38
34
40
52
64
1
64
14
53
37
60
82
55
73
64
33
54
35
13
45
44
30
43
1
22
59
31
97
82
24
31
21
58
71
25
74
72
90
88
25
27
0
60
35
74
76
68
28
11
34
25
