457
93
71
91
35
64
20
23
93
21
78
87
30
1
72
75
52
27
8
42
9
5
88
58
83
31
25
62
20
32
29
98
25
52
89
61
68
61
36
14
83
14
53
65
15
26
93
19
53
1
14
15
6
2
25
89
85
50
3
57
34
85
56
59
37
45
72
6
7
8
72
42
74
25
59
89
3
52
61
9
53
75
24
11
29
1
52
67
3
56
24
37
41
80
96
30
78
21
88
37
81
60
79
56
86
38
97
41
43
58
50
96
85
26
60
67
27
12
34
30
68
10
19
61
43
68
92
21
89
32
58
70
93
89
26
31
27
76
72
22
86
23
71
24
1
31
91
29
43
77
11
64
87
31
77
82
99
21
3
88
54
61
10
99
2
89
30
82
65
54
4
51
29
75
75
31
6
18
12
2
47
23
66
87
54
43
69
53
17
73
93
71
86
4
70
89
93
52
71
10
6
75
61
88
3
89
71
9
7
83
11
55
6
29
42
61
25
11
66
42
36
60
13
23
16
35
64
9
87
87
71
45
14
32
85
17
73
56
79
33
39
90
40
46
72
34
59
49
97
77
91
34
37
56
9
53
43
73
14
30
60
85
27
26
70
13
44
43
21
23
28
61
65
68
59
37
2
70
86
52
47
29
86
37
37
47
90
80
72
57
62
84
42
90
10
64
55
54
60
28
77
88
41
95
9
0
84
63
22
23
15
22
52
53
59
42
0
1
22
24
58
85
8
53
27
19
69
34
25
29
62
55
70
4
50
79
56
34
42
31
57
10
53
62
63
12
4
16
65
26
40
24
63
1
29
42
72
98
76
97
80
91
4
50
47
54
29
55
41
23
86
50
33
91
12
49
3
68
17
69
47
9
45
10
10
26
5
82
24
81
32
56
24
36
6
23
43
87
79
36
63
17
86
48
9
99
97
12
19
66
33
66
76
30
77
86
56
82
21
33
15
5
89
92
93
96
15
88
35
94
24
98
12
11
47
21
62
96
85
81
63
71
48
39
53
77
77
10
11
50
95
78
7
36
70
1
32
38
