700
98
22
97
0
31
28
61
97
38
56
51
96
52
98
20
46
99
31
83
40
51
49
43
51
41
9
72
23
89
94
47
87
68
45
39
0
25
0
49
15
9
53
11
61
3
83
7
3
14
42
43
65
44
38
16
85
99
41
8
88
87
56
28
56
53
67
8
30
20
9
45
29
62
9
42
66
92
1
21
59
95
16
24
39
54
93
76
53
86
37
94
73
45
74
81
50
93
89
32
13
99
77
94
13
38
88
31
31
89
52
90
37
68
66
28
74
11
57
80
97
94
74
23
91
0
4
41
93
46
25
7
97
54
53
10
93
42
94
76
83
46
66
20
67
84
49
41
96
6
21
45
52
47
68
95
47
25
88
41
71
13
0
68
67
53
30
60
47
24
88
31
23
54
51
90
91
52
83
39
10
5
36
14
52
57
9
52
82
97
45
5
62
45
25
30
50
55
42
98
32
31
29
55
37
32
97
80
37
80
19
47
37
56
14
42
65
23
94
47
73
39
52
35
36
77
17
86
84
60
36
16
43
17
23
80
50
72
13
39
53
32
38
90
40
52
32
5
28
78
4
53
17
8
88
5
85
58
92
22
70
80
90
13
98
14
45
0
38
58
39
91
43
77
34
83
82
18
41
10
49
45
63
18
54
3
24
91
13
68
13
83
48
4
96
46
70
94
46
8
4
37
52
47
15
38
83
49
8
24
59
57
21
74
76
75
29
0
19
43
68
32
26
16
88
75
15
10
21
13
71
25
51
75
25
18
13
8
67
21
32
78
79
53
52
7
81
33
7
0
76
27
84
55
95
25
82
10
87
3
24
10
80
75
85
5
93
50
13
12
24
97
90
3
51
94
10
84
27
69
84
56
96
20
11
91
45
45
54
85
48
78
95
80
5
81
86
50
31
51
62
55
49
52
10
52
98
72
36
25
93
72
81
89
92
44
33
90
89
87
75
89
17
22
70
22
3
8
72
87
59
86
94
8
90
57
60
88
29
48
65
75
20
99
64
65
95
49
7
85
88
34
26
5
56
48
79
12
56
51
99
68
89
93
76
79
50
89
19
32
37
37
7
10
36
23
75
31
25
34
68
13
68
95
19
76
95
98
88
52
2
87
20
43
33
48
23
35
37
94
19
27
31
26
37
67
2
64
51
27
98
19
40
18
66
11
94
62
62
83
66
64
22
86
7
55
86
82
43
24
29
62
3
60
89
40
80
43
56
83
70
54
2
62
24
21
26
18
83
88
53
49
4
76
87
63
83
73
46
26
49
27
89
52
39
30
92
71
73
48
54
95
54
57
9
78
30
35
49
13
23
2
62
27
30
1
91
14
74
89
40
24
16
29
76
55
59
21
27
84
69
33
79
76
42
89
6
72
76
55
85
0
10
99
27
40
0
70
6
27
59
47
51
27
28
79
35
40
0
14
24
22
47
56
98
90
97
4
62
73
12
0
73
74
51
53
14
4
23
21
31
35
20
34
14
48
13
49
88
66
15
65
88
63
21
86
5
70
42
19
43
6
71
69
80
23
22
47
27
97
20
10
84
40
44
99
40
57
0
81
23
16
46
63
31
19
1
88
89
44
59
