208
61
18
49
16
74
70
49
98
65
28
5
47
29
93
98
36
73
0
98
68
78
76
24
52
14
93
88
94
66
31
87
79
2
88
96
28
10
97
26
76
77
84
75
58
77
25
47
2
25
45
22
56
73
46
8
87
92
48
33
58
32
21
89
34
61
37
14
72
86
41
0
63
25
75
74
54
0
21
56
77
18
30
33
91
76
93
78
68
42
64
78
74
85
20
60
98
57
74
22
44
67
22
59
44
97
33
98
49
6
6
27
24
36
12
15
65
58
46
85
0
10
16
26
47
36
86
97
93
12
20
89
80
42
49
76
92
34
27
93
41
85
72
17
22
85
85
39
95
31
24
95
93
40
21
92
28
59
89
22
71
61
63
3
4
64
80
48
99
59
41
92
44
14
9
18
51
94
9
46
77
34
93
22
26
66
14
7
25
56
81
48
17
44
52
73
9
84
73
60
95
15
52
39
81
61
58
84
8
