675
32
52
90
12
88
96
46
30
55
61
12
95
5
86
9
60
31
42
10
96
55
9
20
79
5
17
51
78
55
54
70
40
6
13
4
46
61
50
28
16
63
41
12
68
27
73
28
10
68
90
6
23
51
26
54
57
95
5
87
2
59
9
42
17
74
46
16
35
48
44
52
11
37
16
79
16
41
60
26
61
2
84
85
54
10
39
63
57
45
50
60
56
59
54
26
34
53
42
21
1
86
73
65
24
41
44
92
35
56
19
96
59
55
33
13
66
25
28
75
22
78
87
78
89
42
4
23
47
46
97
0
85
70
65
61
64
62
53
51
18
24
47
29
80
81
94
98
6
22
25
28
0
13
58
90
7
15
65
54
13
62
54
50
85
72
11
1
34
17
52
4
93
51
34
25
32
80
23
90
3
49
70
55
14
81
97
21
96
15
27
61
77
81
12
14
5
75
67
39
92
71
96
38
23
82
63
7
62
39
98
65
40
20
21
54
53
70
75
1
85
2
63
63
35
75
29
41
50
49
32
95
20
80
33
43
62
48
51
77
87
1
42
27
73
15
81
27
86
8
28
71
62
91
86
50
18
68
43
21
17
75
16
89
8
1
33
70
49
84
47
37
37
42
64
10
9
98
89
95
6
18
19
21
61
57
71
32
77
14
53
94
41
21
36
49
22
69
20
23
5
19
12
42
13
29
4
23
27
94
70
85
64
89
6
77
99
29
9
76
43
62
23
37
35
59
86
9
28
58
33
85
30
97
79
43
26
83
66
5
29
37
43
45
78
49
23
77
31
32
54
26
47
29
63
34
88
50
44
68
60
29
53
90
26
32
34
53
67
52
58
49
89
53
94
20
55
69
97
86
2
3
12
1
32
76
87
20
78
31
40
90
60
93
81
87
77
67
92
45
19
2
46
61
56
40
81
11
10
78
97
64
34
61
17
66
89
4
39
67
36
79
58
48
25
91
87
2
58
79
99
29
82
45
90
90
86
23
1
48
2
50
12
88
11
81
6
1
85
45
20
73
77
30
74
2
21
61
4
31
93
4
13
75
49
55
17
87
79
70
35
33
20
99
21
83
80
27
36
18
25
9
43
2
39
17
4
13
79
60
96
72
16
9
99
18
65
68
57
44
38
93
29
10
44
50
93
25
77
82
95
2
91
38
56
82
56
12
95
87
25
44
59
41
53
10
11
70
78
69
66
16
14
95
26
58
45
71
35
75
53
30
29
96
69
86
79
77
50
26
64
75
70
23
69
24
85
80
46
63
1
13
31
15
8
9
26
6
32
61
81
86
92
62
34
13
0
13
90
51
40
6
78
10
81
47
86
66
80
85
81
81
98
64
97
58
73
23
64
5
36
97
43
80
12
78
93
12
43
35
63
35
41
94
46
22
41
84
40
21
69
21
55
19
85
52
78
10
27
94
68
15
44
11
96
56
41
41
20
85
29
36
20
70
30
18
45
71
55
85
45
76
59
0
96
96
4
26
7
31
72
75
98
68
38
94
24
80
36
45
17
65
81
89
87
63
