231
30
41
43
85
0
80
22
71
50
54
93
59
97
85
8
4
96
3
54
63
41
90
71
65
79
14
38
4
65
50
49
96
92
92
33
44
24
56
67
74
10
60
86
59
97
94
64
94
50
70
57
91
60
81
8
91
95
98
47
13
0
96
61
44
88
94
88
12
50
55
39
12
67
25
72
65
71
88
11
73
58
20
64
71
1
24
62
49
22
10
62
75
6
23
19
47
17
8
11
20
15
50
84
83
27
56
0
51
96
63
24
55
83
41
26
85
65
40
34
40
50
48
67
9
71
86
56
40
46
67
12
62
70
97
97
49
5
49
0
2
12
25
57
95
18
35
32
35
75
18
75
78
66
42
87
89
81
95
82
27
62
94
41
84
91
90
34
49
39
34
51
51
11
60
99
29
95
31
65
22
50
92
0
68
87
87
58
68
82
92
47
97
86
41
33
30
31
67
79
71
54
30
74
17
42
73
47
37
5
64
59
7
8
12
75
95
51
85
15
86
77
15
83
16
56
68
46
87
36
77
10
