802
40
55
16
76
13
26
58
33
1
31
53
78
29
69
24
41
33
26
82
15
13
37
87
19
65
88
21
50
85
77
1
26
32
69
2
98
96
13
83
49
44
36
28
25
57
4
66
90
30
48
58
44
37
45
15
54
85
36
57
70
65
58
48
98
79
51
48
27
16
31
77
60
19
57
37
76
61
3
19
91
3
77
87
41
74
54
95
59
90
52
81
8
62
30
6
94
33
6
21
49
37
98
61
56
7
98
32
68
53
3
12
56
80
51
97
6
58
45
17
0
49
99
8
12
81
66
58
14
72
79
15
9
30
76
17
37
26
2
58
79
5
22
35
38
25
85
44
83
82
14
36
31
65
44
95
46
11
53
12
35
85
27
45
15
55
14
4
33
16
14
12
74
88
99
12
14
36
8
49
18
22
85
2
87
30
49
85
93
55
97
28
40
76
25
7
83
92
63
16
8
78
80
82
66
32
46
80
68
55
82
39
29
67
93
69
49
42
54
94
97
4
75
89
32
0
96
16
44
60
32
53
38
65
87
56
97
34
89
65
41
71
56
22
90
49
91
92
92
98
86
41
54
61
31
86
14
79
2
58
39
87
63
29
52
51
86
49
37
27
66
78
98
75
0
40
24
44
32
68
94
71
10
48
84
93
34
98
72
37
9
12
76
24
93
28
75
31
29
64
58
47
94
8
22
47
49
99
91
33
67
85
4
29
33
89
22
19
39
95
56
0
59
84
25
4
12
52
36
93
17
46
93
63
7
15
10
8
66
1
41
34
38
98
63
23
87
38
43
78
33
51
79
44
36
4
48
0
8
36
46
25
83
39
89
90
6
51
98
73
5
91
59
43
89
74
19
28
12
14
7
97
65
86
41
53
42
90
54
50
26
0
28
61
91
69
3
97
20
53
22
25
45
81
21
86
56
40
15
20
54
22
18
71
8
11
25
2
1
31
52
80
83
32
41
74
1
45
23
22
50
46
99
95
79
72
82
87
12
97
8
18
19
78
42
79
89
19
81
43
50
85
23
85
18
16
11
19
13
34
93
64
32
45
11
64
17
93
51
82
42
11
52
13
89
94
44
31
65
77
74
15
63
49
52
33
65
63
52
31
50
98
95
82
95
58
98
64
52
50
46
46
61
51
12
3
45
56
34
11
34
60
78
49
9
83
82
26
46
86
57
96
36
4
31
31
63
29
96
67
31
94
65
45
45
77
48
43
34
34
6
20
94
84
69
3
67
51
81
66
37
91
14
74
95
97
57
10
27
53
29
10
48
95
55
93
72
3
36
58
37
94
78
83
79
99
38
98
50
20
16
40
11
31
14
58
28
23
21
7
77
50
18
77
45
25
22
70
29
59
80
18
53
59
54
84
10
92
35
61
12
51
53
75
34
67
86
15
42
7
22
19
57
92
96
55
18
19
77
99
30
57
69
35
68
23
72
79
16
59
92
80
62
45
8
97
64
94
12
6
1
86
26
10
79
74
65
49
45
42
48
27
0
69
63
68
93
87
99
61
46
91
41
8
36
1
57
0
95
21
7
48
8
85
59
39
59
24
88
57
19
88
84
71
57
99
91
50
38
91
63
84
82
57
45
71
58
54
71
54
76
78
2
84
15
13
23
75
38
63
84
9
51
68
80
8
20
71
11
58
14
74
43
49
31
40
20
90
46
91
96
22
22
50
58
37
64
33
64
54
96
48
63
47
69
95
8
89
18
19
47
85
45
42
34
29
34
54
71
81
97
67
3
19
69
14
9
33
47
25
39
96
26
54
95
47
49
3
36
20
74
35
5
72
30
39
1
64
45
72
97
42
91
