940
35
33
51
34
70
92
59
16
68
4
94
96
95
17
42
81
48
96
73
73
29
13
10
93
59
3
19
67
56
15
47
44
0
50
78
23
43
38
39
63
94
33
11
42
2
54
23
2
50
96
75
80
61
37
25
21
40
44
40
96
11
87
40
64
90
71
39
85
61
78
48
7
63
59
49
17
13
73
19
16
21
46
48
83
83
73
4
75
69
44
71
33
83
64
49
73
87
88
10
48
18
58
55
33
18
57
50
83
82
69
51
3
15
99
38
50
24
94
25
46
90
48
31
26
12
80
51
51
20
62
99
90
20
7
23
90
64
73
74
46
94
25
1
61
77
92
11
53
38
36
51
29
84
82
7
49
14
58
0
86
20
52
76
93
59
51
83
75
24
57
73
18
35
26
79
64
18
42
69
57
78
21
38
15
55
45
64
22
3
16
60
76
68
89
69
27
40
52
54
17
62
27
35
49
54
67
65
24
9
34
33
40
7
71
55
15
68
71
37
72
87
97
0
56
86
69
35
79
73
42
96
87
69
83
36
75
50
53
0
12
88
33
4
47
57
11
62
25
82
99
49
21
49
49
29
87
70
17
18
96
59
14
83
28
98
72
56
0
25
56
64
65
41
68
13
50
31
75
76
65
27
77
87
28
79
68
67
49
85
86
97
44
0
81
25
98
5
81
51
30
89
15
48
82
36
61
33
67
88
61
85
15
38
72
95
17
40
63
19
78
49
16
22
49
49
47
0
6
28
3
89
69
18
37
52
6
50
85
26
38
46
11
6
36
83
1
54
75
64
25
53
65
93
28
67
95
75
67
1
56
70
90
25
40
79
77
47
29
14
73
68
60
36
74
97
19
75
3
46
92
80
52
57
25
32
24
20
59
43
74
15
65
64
93
58
44
22
5
73
37
30
93
49
66
19
98
37
47
53
35
39
33
39
48
11
71
73
31
31
68
5
98
34
22
43
92
18
18
49
43
55
31
37
56
49
56
7
38
3
60
73
94
46
65
43
57
88
68
40
19
36
46
70
70
20
65
14
38
83
15
81
90
46
70
47
95
27
6
85
82
66
11
77
64
76
72
73
64
40
14
36
76
12
58
99
32
23
65
22
7
81
3
49
27
74
96
75
53
54
60
35
21
23
64
37
99
36
11
16
28
77
4
5
89
62
56
73
37
21
47
96
2
50
46
82
76
94
9
81
49
21
17
22
45
33
59
96
22
22
64
50
99
68
7
40
82
15
65
72
37
12
68
91
15
66
25
43
61
34
25
10
56
94
84
1
79
43
49
1
18
14
4
69
82
11
62
17
27
27
89
16
92
9
7
59
76
33
54
37
19
79
99
75
25
83
28
5
78
78
58
96
92
62
18
26
26
80
43
53
59
84
21
3
94
80
62
70
65
69
7
85
0
58
60
26
41
41
83
71
19
41
20
63
56
38
41
82
18
85
87
29
21
8
33
15
88
47
37
54
16
44
39
17
54
51
95
95
92
78
67
63
71
39
78
27
77
20
61
47
57
48
76
78
8
9
46
97
9
83
3
77
80
94
94
34
45
41
82
90
19
1
5
43
40
84
22
17
56
84
64
13
32
92
43
41
54
89
90
63
25
93
40
5
39
87
91
84
28
73
26
0
74
84
43
66
20
65
35
76
49
99
89
34
44
84
27
98
26
17
13
51
62
53
8
1
92
99
37
21
25
16
21
51
0
16
18
20
33
53
96
35
5
37
21
49
21
48
99
47
17
12
50
79
65
58
32
10
58
69
31
35
37
4
86
37
72
4
9
5
10
57
92
15
94
13
64
68
61
15
67
78
27
18
9
44
76
41
54
86
11
37
21
0
41
60
38
65
64
99
23
74
57
15
41
51
29
57
71
42
72
39
21
99
9
30
44
37
72
50
24
35
88
97
87
81
57
25
47
74
25
70
0
82
85
42
85
66
99
57
9
72
48
82
71
57
64
67
94
88
18
70
75
58
20
63
39
29
88
86
3
65
8
4
99
46
46
37
12
97
46
73
69
94
55
93
3
20
60
49
8
30
20
84
88
92
47
80
21
87
66
25
5
75
81
4
73
27
41
85
24
87
59
46
33
66
39
36
38
51
86
47
34
58
83
74
50
82
54
71
69
