206
21
45
40
18
96
80
87
32
48
29
73
79
65
55
91
4
14
2
53
47
49
31
46
5
85
47
38
25
49
64
52
23
9
92
41
5
24
80
90
25
61
63
4
26
70
47
83
84
2
36
83
51
19
29
56
57
77
46
82
78
10
34
1
19
27
94
25
3
74
67
28
35
82
84
14
52
84
97
88
86
85
23
89
4
53
45
61
82
43
44
60
54
78
14
25
57
60
2
13
35
69
93
22
51
78
36
55
14
85
95
0
70
19
89
75
72
86
88
54
29
32
66
35
63
32
61
72
93
63
37
80
33
31
54
36
61
43
44
75
28
39
75
51
58
16
78
82
2
66
36
83
51
55
19
66
39
80
90
84
43
28
16
76
11
71
65
24
66
9
99
94
48
26
97
7
42
27
89
96
46
78
79
49
85
98
67
76
78
57
61
22
37
77
50
48
0
67
72
66
76
23
13
77
49
10
36
