923
50
62
32
63
45
42
53
44
43
55
10
70
12
28
28
48
8
66
76
14
31
80
43
86
49
78
18
79
0
24
11
50
38
95
65
84
38
18
28
81
26
90
51
38
70
31
38
78
97
14
92
81
46
88
19
95
18
89
26
18
13
90
68
52
85
86
36
75
56
64
56
82
7
59
72
77
42
10
8
92
24
0
25
23
40
44
70
59
34
97
77
47
87
98
99
24
84
87
0
92
4
8
75
11
20
47
40
62
58
48
54
34
1
79
9
93
76
80
52
10
29
82
9
16
80
9
92
16
48
44
8
52
53
35
63
73
83
56
87
93
56
94
79
57
25
89
3
1
21
55
11
50
37
21
18
69
82
62
37
30
7
98
35
60
33
98
85
68
6
72
13
63
66
45
72
92
86
75
93
59
83
57
9
72
30
79
42
12
41
31
94
48
81
29
60
67
80
97
35
86
70
1
1
36
98
74
80
84
1
74
43
84
31
4
57
13
35
51
25
76
82
71
77
64
1
89
31
33
87
18
19
57
71
73
45
69
47
26
5
0
52
0
85
35
4
42
48
91
45
73
68
27
96
97
43
97
86
26
30
25
97
2
34
68
75
80
90
74
58
47
74
10
48
11
45
4
5
93
96
50
18
16
30
14
13
73
64
51
52
46
29
49
48
63
69
75
43
11
49
53
59
24
63
7
35
60
63
41
53
59
43
23
75
73
38
40
99
54
44
51
0
73
52
49
36
73
24
32
85
26
85
44
2
1
3
89
61
18
82
67
30
26
90
57
99
80
98
50
34
42
1
87
67
5
88
3
79
64
87
64
90
73
60
92
26
15
34
87
33
16
54
63
42
97
21
94
77
71
44
64
65
98
51
32
3
39
87
82
3
75
46
46
0
58
38
26
73
72
65
7
41
20
22
35
17
43
29
46
66
26
62
31
76
13
63
79
4
3
14
60
78
12
6
30
71
96
8
44
21
73
3
62
45
78
97
14
73
79
61
40
57
23
71
33
89
87
64
45
42
78
5
72
91
11
2
62
8
10
58
81
35
14
43
81
92
92
95
65
23
8
5
32
32
29
65
73
68
82
18
10
60
24
82
51
87
36
65
47
98
76
28
33
90
71
14
34
16
10
99
39
18
57
72
2
38
89
27
58
71
46
68
84
22
2
35
9
38
53
57
36
81
85
69
71
9
36
5
25
98
56
16
68
65
88
71
3
30
98
61
1
96
81
85
18
83
73
28
73
78
85
9
59
22
31
82
31
67
39
56
65
95
73
85
61
13
8
16
95
7
78
97
55
11
34
74
95
59
2
68
89
39
30
48
61
61
82
45
80
21
1
97
17
26
82
30
92
91
46
87
50
76
36
5
88
23
31
35
34
33
3
24
24
85
24
38
46
7
83
78
28
36
75
97
15
58
79
59
1
26
46
51
54
35
8
42
10
40
77
44
25
33
20
2
18
45
40
17
4
75
95
84
63
71
34
30
81
13
89
34
39
88
37
94
23
45
88
33
37
18
29
63
3
50
65
73
47
57
90
51
84
38
35
47
61
21
78
94
35
67
28
26
7
65
20
30
62
61
15
0
31
45
63
34
47
80
7
94
37
50
45
73
40
32
20
1
54
50
95
89
70
75
15
77
92
88
60
54
1
75
54
32
72
69
18
19
1
77
13
90
27
10
63
19
95
84
20
49
86
67
90
56
94
57
34
86
97
94
41
50
21
47
82
94
69
52
65
70
30
31
61
9
41
24
29
36
60
1
37
99
21
27
55
15
37
41
2
86
87
95
37
61
94
71
55
63
24
72
86
6
3
99
15
45
75
96
33
88
50
71
87
71
50
94
86
39
36
88
26
75
35
63
36
30
34
43
45
10
16
83
16
71
82
84
16
10
80
2
98
30
25
85
1
75
31
40
15
67
80
93
95
16
56
31
98
42
27
95
53
43
79
69
14
13
53
83
75
86
37
73
68
62
10
70
37
42
10
4
61
90
97
56
58
5
40
56
48
67
4
53
10
83
74
76
48
80
11
24
66
48
49
34
10
60
56
0
54
18
4
15
9
54
72
19
11
12
28
11
79
32
64
41
67
91
