798
23
96
0
50
92
71
48
69
83
9
28
70
43
12
44
63
46
56
80
20
43
21
81
81
25
97
37
94
14
54
58
89
3
58
91
95
81
91
16
65
0
45
87
95
57
32
11
55
88
91
75
83
12
9
16
37
6
53
83
72
60
42
62
63
52
53
10
34
97
26
99
97
71
86
45
80
70
56
87
10
47
15
94
60
24
10
49
30
16
85
54
76
27
16
91
79
22
1
13
19
27
64
68
51
3
13
83
73
21
71
36
69
86
30
81
10
92
82
92
60
67
46
36
46
15
27
78
89
80
43
60
60
8
28
11
63
94
46
88
15
17
24
36
55
54
17
65
99
52
9
59
19
56
48
18
23
27
96
12
8
39
72
68
99
52
31
62
46
77
51
14
47
75
50
2
82
20
20
33
72
29
44
43
37
92
61
12
72
9
24
80
49
48
0
48
1
83
11
99
12
14
13
11
89
16
14
23
36
86
56
60
67
1
3
57
93
17
69
17
26
94
97
27
42
49
28
95
84
39
95
49
53
8
60
94
24
74
18
12
12
74
72
80
27
28
37
73
97
6
90
75
52
40
3
47
41
31
42
26
22
37
75
27
98
87
73
74
14
91
39
26
18
63
58
45
91
95
18
40
54
61
16
58
1
71
5
42
54
0
20
28
89
47
7
39
35
80
66
49
72
5
75
42
68
86
87
12
81
58
4
87
71
20
46
72
43
3
14
49
55
35
29
45
82
36
36
17
17
2
18
89
7
46
83
28
32
22
92
65
32
96
53
3
69
51
75
12
54
90
14
62
77
43
7
11
80
43
29
97
98
99
38
57
45
21
85
77
43
77
43
76
26
48
31
95
99
7
59
5
49
73
67
26
17
26
37
49
22
18
98
20
70
36
77
15
9
15
45
4
44
40
32
70
88
64
65
87
71
25
44
72
50
12
98
19
90
87
68
64
58
66
84
28
54
14
95
63
81
40
20
77
80
4
48
20
68
65
7
91
42
4
63
93
68
13
12
58
53
33
23
11
99
59
91
6
25
86
21
58
79
41
36
59
46
84
80
66
1
39
10
44
43
73
89
11
39
53
22
92
38
97
55
90
56
46
96
34
32
17
92
63
59
28
23
57
64
55
75
66
46
85
62
42
11
3
5
50
8
27
94
47
24
49
37
33
95
33
19
79
50
11
43
61
92
18
70
8
25
46
74
71
83
88
65
94
91
71
96
52
98
90
99
75
39
36
60
86
69
31
66
71
42
61
85
86
79
55
95
4
53
21
27
37
62
93
31
5
64
80
57
14
70
56
41
10
92
53
96
13
84
14
85
79
75
22
65
6
77
12
62
31
34
90
20
48
35
3
53
51
83
11
17
54
67
59
16
12
64
64
25
49
31
62
80
58
84
97
65
14
10
27
97
96
69
69
44
4
72
97
55
8
60
25
14
28
84
30
92
0
46
69
1
29
84
81
88
68
79
53
34
41
32
83
37
2
52
33
58
77
82
14
85
43
39
99
23
75
81
15
27
27
84
29
9
68
10
97
89
41
50
75
82
34
59
71
36
63
4
95
40
39
61
25
82
52
24
57
79
5
24
6
85
8
35
94
29
98
43
70
39
45
97
74
79
56
45
68
72
2
63
12
41
76
38
75
28
14
84
59
72
8
65
9
68
53
55
49
3
98
19
42
43
69
68
74
77
14
42
49
68
57
62
61
33
52
88
13
66
72
72
90
32
38
99
0
43
54
50
46
4
21
40
47
42
9
74
20
75
16
69
95
74
83
56
59
35
44
73
54
68
97
44
0
35
96
0
30
50
