873
26
66
77
7
69
79
4
87
17
97
57
4
62
28
15
91
65
92
66
80
20
55
29
69
8
68
89
80
39
63
56
65
29
85
24
98
17
81
37
34
78
95
38
40
75
54
83
92
98
49
72
70
57
53
39
17
73
81
97
12
96
6
30
25
91
6
76
60
87
65
95
66
12
33
58
39
39
42
83
37
43
7
8
0
60
99
69
86
80
67
50
76
25
80
54
68
39
82
29
26
47
24
44
12
9
3
51
49
97
35
38
40
42
46
93
55
98
62
93
78
81
43
7
6
76
61
75
15
43
56
41
42
80
86
6
89
41
58
90
90
45
29
30
39
27
75
46
25
90
39
4
23
35
63
82
63
24
9
78
19
65
71
13
97
9
20
86
2
30
29
92
27
58
75
66
85
2
65
63
92
56
19
68
43
82
50
6
58
11
36
29
76
60
42
73
21
14
11
24
44
40
68
23
50
43
42
36
98
7
51
42
15
70
10
59
52
12
65
62
23
54
91
99
14
33
24
35
0
36
11
96
28
80
20
79
75
62
67
73
69
18
16
36
88
26
95
92
91
13
54
14
67
45
14
81
30
90
68
30
26
80
27
55
60
99
34
35
61
53
61
82
71
77
18
11
55
14
3
46
27
57
13
46
54
27
27
84
17
47
67
96
27
46
3
87
45
89
75
58
42
88
40
13
17
58
24
72
24
79
71
51
36
84
49
42
63
76
78
32
24
45
80
3
43
83
43
40
72
70
98
14
58
38
79
75
49
55
99
73
34
22
77
22
58
26
64
73
55
43
6
31
40
38
34
36
22
77
76
46
99
27
13
57
65
92
84
66
0
84
40
34
6
69
57
17
95
73
90
2
68
96
33
61
87
20
49
9
97
25
7
97
52
20
6
70
65
91
36
17
27
28
51
85
97
60
2
45
86
93
47
54
41
81
67
28
1
16
89
50
94
97
99
98
69
6
68
86
49
57
3
76
37
7
61
35
67
64
80
5
57
79
60
50
60
79
79
13
96
20
64
42
69
15
40
39
21
61
77
22
70
81
98
7
88
60
94
7
76
74
13
85
54
25
35
66
56
66
80
52
87
96
46
56
11
87
47
85
0
25
7
70
58
6
77
98
18
24
5
94
50
70
79
56
47
14
23
4
33
55
8
20
51
55
28
14
94
28
99
94
53
59
16
63
17
45
61
35
69
18
29
20
41
60
76
88
74
51
44
7
6
53
79
9
8
60
76
54
88
27
48
93
86
64
56
3
9
69
90
31
39
19
51
32
31
27
73
58
79
17
17
37
70
97
47
30
57
23
84
97
50
84
90
89
0
98
44
62
19
35
93
10
6
44
43
38
23
16
96
54
33
13
92
56
62
91
86
71
66
23
68
68
7
10
9
8
60
54
22
79
89
15
42
95
11
85
85
86
53
81
41
86
47
85
42
9
28
81
81
46
4
1
14
11
12
24
71
72
30
93
4
19
60
46
66
23
83
4
10
36
85
3
74
84
88
17
94
68
50
75
14
54
28
80
17
40
56
89
65
86
34
21
57
47
67
76
70
2
80
80
38
17
83
12
2
23
81
96
91
31
23
57
85
51
38
55
44
94
44
61
33
30
82
90
77
1
18
48
3
98
80
93
16
16
5
70
39
39
66
83
70
41
40
8
44
78
63
40
25
59
1
58
89
83
0
19
84
19
19
39
69
99
32
85
15
90
55
7
29
73
90
99
66
82
59
11
13
22
51
38
81
5
48
23
88
0
42
25
19
13
16
89
12
49
26
80
39
34
87
68
59
29
19
26
11
79
89
24
53
92
14
35
97
62
10
38
63
4
63
34
17
31
75
81
80
2
13
71
88
0
39
47
81
11
25
93
90
14
69
43
7
84
30
56
98
40
94
61
96
9
48
13
41
23
47
21
25
60
93
13
13
84
13
94
95
38
39
37
53
9
33
12
93
63
68
91
56
15
5
52
24
53
18
65
