437
45
39
89
65
94
32
34
15
95
59
59
65
53
48
71
98
32
70
7
50
25
76
36
95
67
83
11
43
49
18
53
95
9
42
60
55
26
46
22
22
5
82
87
10
82
10
9
66
80
68
16
57
97
52
5
64
87
16
59
37
34
12
84
95
6
96
3
33
42
25
55
99
59
94
10
41
4
71
59
85
91
76
94
88
80
99
4
68
15
63
57
1
75
41
49
34
37
52
67
31
29
22
30
89
16
92
82
72
15
42
9
7
18
4
95
98
55
52
18
23
15
75
24
43
68
25
77
5
77
44
88
59
18
19
48
86
63
30
58
31
24
68
38
42
24
85
93
79
37
63
2
53
39
79
96
7
4
25
65
82
21
53
41
39
24
41
25
40
23
35
71
48
3
9
42
27
46
87
7
84
51
61
37
42
40
85
1
45
62
18
79
83
72
72
74
48
13
99
88
36
86
11
36
90
20
79
69
19
66
28
3
69
90
92
63
30
29
65
75
91
83
54
26
7
26
0
56
91
51
96
28
37
8
16
27
80
95
49
99
14
77
2
35
67
46
99
98
75
16
73
18
99
80
44
7
58
44
15
50
95
63
30
85
71
46
64
4
94
13
3
8
91
58
95
58
4
94
56
32
10
82
50
62
14
47
21
72
91
36
22
39
51
4
76
23
51
40
27
45
54
82
5
45
92
0
3
97
47
12
81
9
94
31
71
8
78
44
32
22
32
55
13
84
59
89
7
62
29
86
7
83
20
64
28
13
17
84
62
64
96
43
25
42
26
97
50
57
41
82
79
74
89
44
10
1
33
17
15
14
55
23
98
27
39
78
92
56
14
54
72
10
49
98
52
28
47
54
85
40
89
16
66
30
60
76
31
45
45
47
59
52
22
9
80
13
40
72
70
54
79
94
17
80
92
69
8
91
76
45
32
65
61
50
95
73
27
27
18
72
26
78
77
0
39
57
13
79
81
35
86
12
30
3
93
74
72
1
