540
30
42
67
65
87
97
70
95
93
20
71
48
85
61
48
50
95
43
76
37
28
84
11
28
13
8
99
49
66
11
33
96
54
0
61
41
49
83
36
42
3
7
42
89
21
91
91
68
86
19
5
14
3
68
43
68
77
94
18
95
5
51
91
11
3
4
52
4
88
41
46
43
0
88
32
21
31
75
90
18
94
47
84
97
16
79
66
45
73
84
40
31
87
31
42
42
87
95
46
27
88
44
71
88
32
3
62
16
31
4
34
25
51
70
23
67
50
41
12
75
77
52
6
64
35
1
58
23
48
4
2
36
48
73
76
32
29
38
48
60
42
34
85
94
5
60
13
7
1
26
82
30
30
41
94
66
42
52
41
42
8
43
78
56
69
54
41
98
45
89
58
87
76
43
33
33
56
47
92
57
25
74
88
7
67
34
25
9
39
66
3
47
62
81
56
31
88
97
81
85
38
39
24
66
82
10
51
38
57
43
48
34
70
88
41
37
74
67
99
13
85
2
13
99
36
21
82
76
70
63
61
60
54
37
27
89
47
30
79
56
74
79
90
44
67
84
81
94
3
80
59
40
35
72
92
71
45
26
99
15
90
60
28
96
97
55
85
45
37
65
53
11
44
44
55
64
80
89
58
83
21
17
75
56
42
67
79
39
94
78
7
36
90
35
32
40
42
70
37
79
35
90
91
31
34
98
95
66
87
5
1
61
75
77
17
69
44
49
8
90
27
15
26
18
2
11
10
44
81
47
24
68
37
67
99
24
17
47
90
57
4
92
18
79
69
87
48
65
36
9
56
16
76
34
86
79
97
96
23
78
43
99
98
32
66
98
56
36
97
99
93
1
91
11
33
12
50
33
29
87
42
37
55
19
24
41
50
21
37
73
52
32
73
50
64
91
48
73
27
97
72
72
51
15
83
36
27
86
69
8
73
64
46
80
35
70
21
85
43
10
10
95
42
35
46
58
79
46
31
58
44
3
31
47
18
66
83
97
52
4
6
77
68
4
57
55
26
78
92
69
88
3
65
82
38
63
41
69
9
24
28
5
28
59
52
98
25
35
96
30
92
54
7
60
58
65
68
36
95
60
5
36
15
22
70
6
85
63
75
47
88
3
4
16
14
57
14
40
44
62
22
36
16
29
49
26
46
69
62
94
81
20
30
97
42
0
55
80
16
82
79
4
38
83
20
52
92
86
44
37
49
66
25
17
48
74
44
94
43
58
