315
17
15
2
25
88
45
89
79
91
67
6
23
69
25
33
19
53
10
9
59
47
21
71
21
89
62
0
52
93
36
36
62
51
90
87
91
35
76
22
78
96
29
1
17
54
87
37
59
97
98
19
97
19
90
70
9
52
70
13
97
59
1
59
10
91
98
54
78
27
76
56
75
5
9
92
12
96
81
23
46
32
42
43
51
84
65
12
89
36
77
38
47
78
50
9
21
48
63
99
75
40
7
50
97
17
95
61
13
76
85
11
8
79
54
12
16
20
76
5
8
6
43
55
36
45
16
58
94
80
9
21
20
17
24
69
34
19
31
47
47
68
11
8
99
65
20
15
37
48
20
97
54
16
4
91
61
21
1
7
1
10
29
73
27
53
94
61
24
77
61
71
45
72
79
97
89
51
12
79
52
33
76
6
1
33
49
14
54
2
22
7
13
51
32
92
56
78
6
80
56
19
51
53
43
83
50
32
86
63
63
38
48
92
97
1
25
98
15
31
1
37
90
66
40
74
10
48
52
16
28
60
35
32
14
30
67
16
63
53
31
78
44
79
70
41
32
95
39
48
78
92
37
68
10
30
42
21
78
47
37
59
7
25
43
73
55
62
42
70
15
73
49
59
5
71
52
37
19
44
37
97
36
75
18
47
57
60
20
87
59
57
46
19
34
41
92
42
3
34
12
71
8
13
82
65
85
35
2
4
31
40
1
67
67
71
