990
89
91
69
67
37
53
23
8
36
41
66
1
97
18
56
99
91
64
84
14
95
18
53
46
42
57
33
35
97
23
55
87
66
24
6
3
77
81
63
65
22
29
18
20
0
74
19
43
39
56
57
34
26
62
32
69
71
17
56
69
40
63
8
6
87
66
62
16
47
25
81
22
7
51
42
59
26
13
2
17
69
11
3
96
74
36
17
45
53
73
66
46
37
26
4
76
92
66
45
92
44
78
14
51
30
8
10
8
21
64
77
91
75
80
39
1
68
56
99
74
81
17
20
70
44
24
99
88
43
44
32
87
22
46
90
52
6
52
12
28
16
89
71
43
70
10
45
90
18
96
64
99
13
36
70
57
13
69
98
8
65
30
95
87
29
85
92
35
89
4
15
5
46
86
48
16
48
45
58
66
41
75
66
55
11
88
64
76
9
14
84
74
45
31
13
26
68
57
61
57
14
29
14
60
67
63
28
16
60
86
82
54
13
0
61
25
40
25
53
49
40
90
75
37
21
41
63
90
98
76
99
64
5
14
24
73
29
4
41
41
43
75
95
56
76
56
33
68
34
87
70
74
29
45
63
50
38
26
92
89
54
44
53
12
58
30
85
39
34
78
80
77
53
76
34
81
32
67
50
66
6
20
92
35
17
55
38
56
33
82
45
88
26
50
0
36
80
37
75
15
67
56
44
20
32
30
2
64
98
4
83
56
24
27
44
93
83
82
1
68
16
98
56
43
49
8
79
29
97
55
96
64
11
41
37
43
71
39
59
21
43
94
30
19
22
74
64
57
8
66
25
24
64
34
67
65
94
99
95
92
54
43
8
17
84
45
12
8
36
71
81
31
18
63
2
40
37
67
97
97
85
74
74
1
8
41
67
3
92
14
47
98
57
7
15
94
53
27
54
41
51
35
25
69
51
27
61
40
46
10
38
83
84
12
85
93
5
4
48
98
70
95
48
27
2
64
73
7
91
27
1
94
15
26
15
66
5
76
6
52
86
96
87
23
8
24
68
66
28
16
16
98
63
64
78
17
28
51
77
72
31
78
66
46
56
34
64
61
10
22
65
49
19
53
72
79
77
92
45
58
8
61
8
23
26
38
40
6
42
69
78
73
47
97
71
55
31
87
69
93
9
86
42
28
39
66
8
69
10
5
79
18
67
39
93
45
78
34
51
72
55
30
45
55
79
68
10
10
55
79
55
16
66
50
45
57
68
5
78
79
10
9
49
29
49
43
74
79
29
26
51
84
8
48
39
87
16
50
49
23
81
4
39
99
54
36
9
23
93
39
2
56
49
51
85
50
46
60
29
75
38
32
60
46
80
51
33
48
1
82
23
35
38
62
86
93
51
47
68
44
87
22
52
88
25
38
38
72
50
19
47
40
51
59
86
83
11
71
31
64
5
54
51
43
68
38
88
71
85
56
16
24
30
20
12
56
58
50
28
60
21
27
0
72
87
38
7
50
61
38
66
66
44
18
62
65
8
50
36
45
59
4
22
89
25
34
45
35
37
25
96
58
53
48
83
92
39
90
94
0
81
60
19
77
30
81
42
90
83
79
88
42
83
10
84
60
44
81
96
33
7
44
92
12
44
27
56
83
17
50
36
50
62
55
28
45
36
70
35
71
1
75
66
85
85
50
45
82
83
93
15
90
37
59
54
82
86
62
17
56
64
53
6
27
60
34
24
48
57
11
20
58
87
86
95
72
88
41
54
71
86
22
14
24
81
68
58
68
31
27
24
95
81
82
74
93
17
98
42
26
62
14
84
49
0
80
73
88
73
28
11
59
2
25
35
83
46
93
3
29
21
79
76
54
62
3
47
31
53
41
57
15
55
93
64
7
73
38
95
46
18
59
58
20
84
93
55
30
39
59
11
12
90
88
18
4
91
17
87
44
59
96
60
66
90
76
74
63
14
21
62
32
80
72
4
65
17
60
47
56
71
11
20
13
99
38
18
42
56
57
86
67
54
98
33
44
75
7
59
41
29
73
74
9
45
30
26
15
42
26
71
65
37
44
79
88
82
49
30
90
6
68
9
60
67
43
56
94
2
68
35
31
41
61
93
39
92
71
54
86
49
77
52
38
73
31
26
8
32
8
98
38
29
60
51
48
3
59
42
5
27
29
89
21
91
34
60
35
57
66
21
7
95
25
45
69
8
24
29
40
84
27
31
13
39
34
61
42
93
3
0
73
85
41
94
76
75
6
63
84
24
36
91
71
62
89
92
22
65
21
