799
2
76
55
76
17
54
18
78
80
38
5
97
60
0
23
43
56
34
79
52
59
85
20
57
29
20
44
25
72
75
28
27
3
35
3
72
89
73
50
70
64
55
19
24
55
94
67
63
28
98
15
88
83
35
45
13
7
89
90
80
16
70
59
20
5
14
92
47
87
43
69
51
50
88
75
58
34
95
21
14
93
37
2
77
24
99
42
32
41
32
64
57
3
23
29
60
37
22
7
76
17
76
80
67
16
7
25
50
2
99
65
96
36
19
73
60
71
15
44
64
99
60
21
54
83
51
15
72
25
74
1
42
51
81
61
19
88
87
70
91
86
87
39
74
58
12
86
29
79
31
93
30
91
67
37
27
70
4
51
95
78
52
37
81
85
50
1
74
37
23
17
75
10
56
1
20
20
88
50
51
71
95
33
14
62
70
41
32
26
45
79
5
49
68
38
35
19
91
61
8
14
78
36
76
86
37
97
58
77
99
9
48
94
94
15
9
65
8
41
43
53
73
48
3
41
39
90
60
30
51
21
97
81
57
73
19
46
22
77
24
21
38
24
16
32
39
77
49
48
18
93
1
43
41
56
85
32
46
97
63
49
18
60
82
75
85
1
22
8
78
98
81
16
22
49
49
62
26
98
10
97
91
63
40
85
72
25
17
18
75
32
20
93
44
2
21
30
4
95
90
82
93
71
51
67
21
0
29
47
50
91
44
42
7
85
79
79
62
48
49
37
81
69
83
77
24
56
7
28
51
49
62
96
21
13
15
94
65
97
41
16
40
38
10
47
75
89
26
89
37
76
27
70
97
62
48
21
18
7
1
21
57
64
69
30
29
84
24
47
81
17
15
22
7
25
21
82
66
48
72
55
76
51
26
25
65
26
99
83
85
0
56
42
16
25
24
98
61
0
45
95
70
60
17
77
37
90
12
55
38
36
62
66
39
40
44
4
66
43
39
52
43
95
46
60
72
23
58
33
23
55
28
93
67
97
23
56
88
87
11
78
75
73
97
14
66
41
70
32
84
9
36
27
4
83
39
28
58
49
61
81
56
42
27
23
39
2
31
79
41
42
58
16
68
55
30
34
96
0
18
32
61
55
11
17
90
51
45
48
52
6
81
9
0
60
84
40
62
16
19
3
10
29
19
30
84
1
16
32
53
35
16
14
42
28
31
84
31
28
84
83
35
65
44
35
26
29
27
40
45
99
44
55
28
15
86
65
69
2
49
22
89
66
89
83
46
72
67
77
1
51
12
88
69
57
23
47
86
3
87
83
2
83
38
82
99
76
99
68
31
49
42
72
67
83
56
13
56
75
42
57
79
54
45
0
11
20
47
49
75
34
32
29
18
23
12
69
51
11
89
82
12
83
7
31
67
15
96
23
90
38
32
69
45
77
69
8
49
68
58
25
3
42
54
73
17
18
94
69
82
35
3
94
18
10
26
37
25
22
60
68
13
92
89
58
21
11
66
71
79
76
48
34
71
2
59
88
73
5
9
55
40
65
49
11
27
27
48
5
2
9
73
67
53
14
25
27
25
43
98
5
72
98
91
95
52
51
35
25
56
45
80
49
10
82
60
89
9
8
94
63
69
19
30
23
34
7
50
59
3
0
16
75
50
8
22
2
11
57
28
67
2
60
68
64
42
28
54
4
37
0
67
58
20
50
81
54
9
83
65
12
35
82
39
85
42
61
88
53
19
68
72
73
28
41
38
23
69
44
27
58
96
46
17
16
48
50
70
58
86
36
70
21
70
62
59
12
23
99
65
42
67
89
68
47
30
58
70
52
2
49
10
98
96
79
67
96
30
89
