563
20
77
64
71
70
82
43
0
86
44
21
28
49
72
26
5
44
18
85
41
59
67
99
64
37
11
89
96
96
21
96
17
50
12
88
72
47
83
72
85
79
45
13
28
17
91
34
13
61
71
55
21
39
6
37
28
17
26
24
65
99
72
82
49
36
22
21
83
58
93
68
37
91
82
66
60
25
52
74
87
23
81
60
14
87
97
42
56
75
66
21
74
90
56
23
27
30
96
62
88
41
31
26
32
65
44
93
90
96
67
29
71
0
89
86
87
38
80
95
65
99
68
39
89
24
14
68
55
10
31
95
52
14
21
36
79
17
81
21
65
0
3
89
0
44
75
87
83
55
34
48
54
3
40
96
27
6
64
34
69
47
82
73
61
55
9
40
73
91
14
90
43
17
79
44
61
6
83
96
62
18
97
68
21
37
16
0
95
33
87
64
80
69
37
42
24
47
34
49
90
48
40
33
17
19
29
31
78
13
27
40
31
24
60
4
13
29
4
61
62
43
25
42
64
63
84
89
62
19
90
4
19
30
89
37
2
19
68
80
84
47
72
15
24
84
71
89
13
27
50
75
71
76
70
35
91
54
76
53
25
67
9
97
49
98
34
3
69
54
35
53
1
59
20
77
44
91
67
9
19
17
37
90
45
7
77
36
61
54
89
39
73
50
36
22
49
22
78
18
28
13
24
81
73
44
59
69
36
26
78
7
95
15
97
41
22
74
77
36
80
19
27
53
69
63
28
70
37
6
89
65
71
65
46
96
9
57
65
97
83
96
4
31
63
53
72
38
28
1
74
60
20
53
66
42
16
94
12
5
52
53
70
23
18
68
20
28
26
37
77
61
33
82
92
49
35
16
87
15
18
13
76
90
66
94
32
34
88
45
39
40
50
61
15
69
81
87
49
7
25
26
21
10
8
13
59
96
30
98
11
0
11
39
90
29
33
23
63
73
20
54
65
70
67
81
91
49
68
40
8
93
67
29
56
27
95
67
23
25
66
87
77
77
78
67
7
64
42
22
37
14
29
3
37
96
84
28
97
4
69
6
50
88
35
6
67
30
73
43
7
39
30
84
69
60
4
28
24
98
2
62
13
31
65
50
80
1
30
77
5
99
83
55
39
71
13
7
1
87
50
61
78
32
97
99
92
1
27
69
52
30
31
65
13
48
67
93
1
97
71
6
49
6
14
88
77
79
47
31
18
97
92
97
81
89
48
26
43
76
95
95
58
78
12
23
78
31
17
79
28
40
37
29
98
3
18
76
83
65
59
1
15
51
