851
38
26
91
51
46
53
77
5
23
19
56
99
79
22
23
83
45
40
30
23
93
54
92
38
10
68
12
46
53
4
78
91
82
22
94
80
75
72
38
50
43
46
49
74
69
25
57
66
65
87
42
10
42
34
0
4
54
64
50
7
69
81
51
3
3
45
84
30
69
74
81
12
20
82
86
41
7
95
8
24
35
50
86
29
36
86
33
91
51
36
50
72
17
1
75
72
47
11
2
68
85
35
81
6
70
19
47
77
15
7
54
50
9
92
79
98
79
64
89
82
0
39
54
17
93
81
89
92
93
44
60
30
79
93
88
49
13
88
79
80
95
85
82
57
77
13
7
8
77
96
90
78
87
44
47
80
26
89
72
71
85
33
1
16
26
90
18
91
78
97
71
25
34
53
34
63
18
41
72
96
89
62
26
77
59
25
9
37
66
34
8
51
67
61
68
45
3
86
89
33
35
60
59
21
66
45
84
84
39
8
32
28
23
58
57
82
36
19
71
2
53
31
54
72
92
74
17
48
12
58
81
99
19
40
20
37
38
56
73
77
17
6
57
40
16
15
74
52
34
45
55
39
76
61
11
20
35
80
68
99
39
50
98
10
42
70
47
80
26
20
57
43
78
15
35
95
82
9
47
68
6
2
7
34
15
18
55
50
50
75
1
89
25
99
99
20
69
98
0
48
71
10
43
49
77
79
44
11
40
92
79
47
46
38
81
62
8
88
64
58
64
66
48
41
17
99
61
39
98
14
87
69
76
30
70
53
61
15
64
2
59
95
1
5
33
82
19
41
23
84
99
87
2
99
80
19
99
94
10
49
8
97
70
84
80
40
89
93
55
5
95
14
52
96
72
85
31
91
78
54
27
29
93
81
29
73
53
80
67
63
29
27
13
51
63
93
91
4
86
99
9
34
65
13
82
37
98
65
81
28
71
60
58
64
42
39
90
47
19
9
10
0
89
75
51
52
68
94
9
7
93
70
93
59
84
75
48
34
41
29
63
12
42
21
29
36
60
71
83
31
32
45
83
21
21
86
26
41
80
35
48
74
5
93
85
41
69
33
76
62
15
39
26
57
12
7
93
24
78
28
7
11
73
90
84
46
76
10
88
56
45
88
82
3
82
19
96
3
53
72
65
68
63
43
77
75
51
22
51
81
50
58
44
23
48
29
22
24
39
10
33
37
50
67
92
32
87
88
87
92
61
52
12
24
48
89
52
51
11
3
32
13
62
77
36
62
58
10
87
49
20
72
86
71
91
30
55
78
19
43
22
32
47
34
8
95
75
12
98
38
16
31
51
30
60
40
92
70
50
31
19
23
55
58
46
47
88
1
77
59
96
0
43
96
34
52
43
62
64
42
0
32
25
52
14
85
92
59
7
94
90
26
17
98
84
63
45
25
17
22
84
13
74
28
9
61
32
53
23
48
95
23
33
20
27
47
57
71
6
16
66
49
42
83
47
79
47
44
4
64
18
88
29
93
68
39
54
0
44
29
49
91
4
82
63
84
29
72
55
88
88
21
89
30
57
36
61
56
32
65
72
50
6
1
95
74
92
1
75
88
30
76
79
87
58
94
71
39
66
26
79
54
0
68
37
57
56
98
65
88
64
37
91
22
90
86
96
83
88
23
71
18
99
3
5
57
97
28
49
16
55
28
70
7
97
59
64
5
10
81
94
26
18
37
48
8
23
44
43
11
68
67
82
67
22
39
77
19
68
26
87
75
6
10
82
55
69
98
61
79
79
7
5
49
44
5
57
19
50
53
83
70
20
65
89
94
56
18
13
76
96
53
51
3
63
33
58
32
31
71
64
62
30
21
11
74
27
69
46
29
74
29
51
46
46
40
40
2
59
5
79
55
58
30
10
21
16
21
6
47
92
70
10
75
43
73
1
22
94
47
51
68
76
2
14
22
95
54
77
6
12
