518
1
54
82
16
19
39
78
63
9
80
57
15
25
1
39
29
5
15
73
33
64
95
97
78
73
57
99
46
95
0
29
48
54
63
16
74
3
46
37
12
27
46
79
4
47
71
85
52
86
58
37
2
6
34
81
79
44
80
25
91
32
7
39
87
70
7
13
25
54
2
37
33
48
69
89
95
40
27
99
78
85
89
80
91
75
13
22
19
45
0
62
78
7
53
65
29
61
30
55
67
32
44
52
32
13
93
79
5
20
78
83
6
19
16
49
95
29
72
66
75
72
29
53
31
82
70
60
95
52
67
62
84
64
14
16
29
8
95
35
80
25
70
86
97
86
88
44
16
60
10
43
84
91
48
67
26
70
79
21
22
47
36
6
63
2
74
92
62
21
79
43
98
50
81
95
36
69
39
4
81
2
99
17
93
47
84
19
17
64
93
39
63
29
97
26
83
23
70
46
44
50
89
43
0
22
90
88
92
30
45
73
32
44
43
77
92
27
49
61
43
94
53
6
75
50
84
58
74
55
4
70
5
45
13
57
68
4
97
12
86
42
37
70
39
80
47
31
8
48
44
51
42
97
10
17
48
94
76
74
49
32
44
6
78
10
15
98
66
13
10
52
7
47
22
46
28
21
29
88
70
74
91
12
71
1
30
71
96
58
45
97
90
42
56
20
52
71
18
70
36
80
74
44
80
48
90
60
69
20
48
91
46
39
4
69
93
86
41
41
44
38
90
86
80
46
7
84
70
77
6
6
58
80
2
90
28
45
50
50
17
98
41
63
89
97
32
34
83
73
75
79
64
66
66
96
64
25
81
34
2
39
93
12
20
95
2
48
40
52
98
57
2
40
72
44
89
5
78
73
30
54
4
94
72
70
43
36
95
76
23
50
15
16
62
35
63
65
36
56
69
86
65
72
78
38
16
68
95
94
41
77
0
45
24
72
68
67
61
15
43
84
65
58
52
28
46
15
45
82
23
14
68
89
38
47
79
54
15
26
1
8
55
1
53
79
26
73
98
87
89
41
71
6
52
23
34
98
90
31
32
14
98
0
55
36
99
86
91
14
64
92
22
19
45
28
99
71
53
49
58
42
91
81
49
95
4
35
93
95
19
25
61
17
77
68
53
77
54
44
43
18
88
18
37
86
46
88
57
99
38
68
94
81
49
95
76
6
82
