578
21
69
72
90
57
40
68
36
65
44
62
4
48
11
20
81
38
20
55
61
66
25
94
25
52
26
22
11
31
41
65
52
10
37
95
19
30
63
7
47
60
22
51
8
33
23
89
71
44
44
84
62
69
31
87
74
57
61
85
88
2
2
41
64
92
88
36
22
51
43
21
11
17
72
19
50
95
61
73
39
5
58
54
27
41
41
1
98
3
38
86
57
93
79
74
85
67
10
59
71
5
80
34
23
52
6
25
99
67
99
39
24
9
93
3
50
86
4
0
41
95
38
99
88
18
25
73
37
35
32
60
92
64
95
67
16
1
93
15
68
44
6
44
5
51
48
7
90
4
7
31
99
45
82
39
15
7
12
5
94
96
65
87
60
12
54
28
13
99
96
33
95
2
78
52
6
78
59
96
82
66
27
82
64
62
73
79
69
86
84
64
34
2
3
47
14
9
27
80
61
23
13
56
78
43
9
84
21
20
32
4
87
59
38
3
73
11
82
43
49
19
59
36
73
14
35
87
75
62
67
36
86
33
45
16
76
6
0
50
26
84
54
65
43
92
68
69
55
3
12
5
74
23
41
47
89
76
86
64
90
54
1
28
39
46
44
15
52
96
17
30
80
71
96
76
15
16
45
23
19
9
28
93
84
21
92
73
49
79
37
91
85
38
20
24
36
64
91
40
13
9
23
45
32
19
21
48
35
18
71
7
27
51
52
63
24
45
36
25
24
74
16
61
64
36
85
53
53
28
45
66
37
68
11
70
39
85
70
27
3
93
34
83
96
86
46
20
83
35
97
7
61
13
20
77
50
5
30
3
34
28
21
23
96
84
45
36
69
67
15
25
12
49
60
8
87
6
80
71
93
77
30
54
91
51
32
93
56
62
48
42
90
69
18
39
5
63
27
27
83
42
52
95
43
12
56
30
70
36
1
64
66
32
18
57
83
50
2
91
65
50
86
7
71
4
98
76
19
25
3
2
19
7
98
62
19
54
93
42
42
46
58
8
78
76
17
13
79
19
57
96
69
43
3
40
99
54
69
18
31
72
21
51
32
71
13
51
77
58
45
19
5
3
80
35
32
97
1
11
69
58
59
38
53
14
31
52
68
52
70
0
76
43
51
8
66
16
12
95
27
57
15
84
61
47
19
93
44
20
56
65
30
15
4
83
29
87
35
98
39
58
50
15
53
53
76
72
21
88
67
48
45
34
32
58
81
4
3
78
24
59
43
55
74
99
90
56
86
78
6
77
88
56
45
41
9
21
65
30
61
33
31
6
67
63
65
49
67
68
79
44
80
22
51
6
22
41
62
