419
94
94
59
8
0
81
41
22
66
93
59
97
42
53
85
13
41
64
30
69
89
76
22
87
92
19
40
39
95
71
61
89
17
72
49
17
54
90
91
20
35
51
17
30
56
54
43
98
70
26
67
60
54
41
99
46
12
91
85
7
14
98
97
31
71
46
0
77
89
92
97
24
95
67
6
51
21
2
1
44
28
21
56
82
62
55
80
75
99
18
82
13
68
31
97
91
78
97
68
67
41
66
43
88
85
2
92
58
4
93
2
84
14
58
66
29
66
98
4
65
16
38
78
85
22
27
28
0
77
97
19
18
15
14
59
0
16
51
10
72
96
65
56
11
75
74
92
41
73
48
58
41
38
89
78
60
16
7
60
93
4
31
64
19
46
23
71
14
74
33
87
70
98
43
33
74
18
77
67
43
25
26
84
64
67
63
24
83
22
85
29
26
68
93
97
66
68
20
81
94
53
20
16
52
63
50
78
33
79
45
28
5
23
13
69
90
28
93
26
50
30
7
28
51
0
25
17
20
97
98
14
50
70
30
54
86
32
32
71
12
30
0
17
53
13
38
96
93
83
22
43
66
29
71
17
81
48
86
53
45
37
67
47
7
49
54
93
82
86
65
46
68
65
63
22
30
53
70
23
36
44
18
54
25
41
71
58
41
58
11
86
95
78
85
54
27
39
48
61
78
65
7
46
30
22
20
12
75
90
35
64
34
5
18
11
46
42
69
87
52
80
25
99
10
10
53
90
2
53
51
80
70
11
78
52
33
51
64
61
41
51
25
28
56
95
39
2
89
61
41
93
41
66
44
52
29
50
94
31
3
45
63
74
56
93
26
42
44
43
3
38
94
80
18
3
27
9
5
17
70
99
62
64
65
7
68
46
57
62
29
12
7
44
86
16
38
65
10
34
60
13
24
54
45
42
57
72
4
15
89
26
66
52
90
31
59
58
30
68
