221
11
72
92
13
0
29
45
81
74
5
52
41
98
83
37
61
38
45
60
15
67
94
56
77
31
39
27
46
39
81
43
50
6
35
63
6
64
60
39
91
66
91
32
64
26
22
77
17
19
90
32
39
84
41
68
67
80
95
65
19
29
8
22
35
43
37
93
59
98
32
2
16
75
35
32
2
9
9
19
28
51
3
67
35
44
36
2
76
83
19
48
12
27
70
47
22
7
40
34
57
24
36
73
0
23
57
54
32
19
73
13
70
28
32
58
25
68
12
1
4
32
49
16
59
71
16
82
79
8
68
88
33
4
14
85
28
71
39
12
90
64
25
61
92
10
71
17
30
83
71
34
15
72
3
75
44
19
9
75
79
77
63
12
33
77
49
13
49
88
26
91
52
3
4
97
13
75
66
44
59
89
78
74
62
81
1
6
52
62
81
32
91
44
96
25
22
98
38
23
86
16
14
91
20
19
40
85
46
6
29
5
96
60
32
10
93
85
16
98
48
49
