928
9
83
62
72
56
52
38
46
84
39
54
48
92
72
26
13
84
68
2
99
66
36
44
26
79
55
96
99
7
61
22
16
45
36
88
1
88
26
99
25
17
6
25
9
30
52
74
14
20
29
13
86
65
58
64
45
65
61
96
72
74
70
88
71
7
28
25
47
7
76
72
24
34
50
86
64
54
12
79
74
93
44
13
11
54
29
8
19
42
4
91
17
26
31
40
33
60
65
81
67
94
5
43
28
55
81
93
9
46
24
36
39
20
1
2
75
30
10
46
73
66
90
42
93
21
34
26
33
52
59
52
46
65
96
74
72
29
19
34
75
95
70
15
16
23
69
43
53
80
89
78
98
79
72
91
53
7
70
86
59
29
39
57
46
87
83
19
16
3
53
44
50
75
59
18
98
28
61
51
60
3
82
59
34
6
2
87
13
72
26
24
2
17
33
48
4
17
19
72
72
72
16
22
47
27
93
97
8
54
49
68
9
83
79
44
89
82
83
55
54
61
31
8
78
65
9
82
34
28
55
6
53
23
80
52
51
73
50
59
80
51
27
41
86
59
85
75
41
21
82
47
82
66
56
61
83
17
95
17
97
2
75
50
26
7
55
77
33
5
36
65
8
15
6
94
26
92
21
67
65
56
15
99
22
23
12
5
40
8
74
37
62
1
40
88
8
95
17
41
52
5
6
60
73
65
6
99
57
27
19
74
83
86
73
57
9
38
62
1
98
88
90
60
89
82
1
98
29
70
91
81
76
50
93
1
15
51
0
24
79
71
50
14
57
75
72
18
13
86
19
11
75
62
24
16
96
25
66
26
47
10
59
23
12
5
24
79
56
77
3
87
48
5
2
6
80
26
24
46
12
96
9
39
10
33
8
6
10
74
32
58
84
44
33
96
49
10
75
5
87
30
93
87
35
47
45
68
73
22
66
37
70
75
29
80
61
37
38
23
11
23
81
48
67
67
44
16
77
72
73
16
2
18
55
90
65
1
10
90
23
76
80
45
3
9
25
64
46
15
88
9
38
21
57
5
88
54
73
17
26
47
85
28
17
41
70
83
42
80
25
17
8
5
62
12
66
39
28
64
54
68
74
93
42
83
50
82
37
24
0
63
71
85
44
88
78
14
23
20
47
1
89
7
58
3
71
25
94
0
89
1
20
15
46
62
99
96
45
36
20
97
52
43
34
96
84
13
62
7
85
61
60
75
69
19
30
40
96
25
92
37
26
65
53
72
27
4
20
24
92
41
73
44
84
60
92
68
73
7
28
10
20
40
37
41
11
68
82
7
45
26
45
23
91
50
47
71
6
67
47
98
60
73
95
97
33
39
17
58
98
45
68
19
38
58
60
49
26
94
57
23
73
54
46
16
56
45
87
62
12
87
60
73
60
7
70
45
99
87
3
97
85
23
16
75
81
29
24
59
75
33
82
48
87
80
65
43
25
4
57
38
43
70
63
3
77
85
48
76
24
3
26
61
27
94
36
8
23
61
68
99
46
2
47
34
83
64
29
8
21
39
98
64
9
61
68
38
98
68
15
23
24
93
84
51
87
73
11
11
86
31
62
32
86
61
18
69
26
48
77
47
39
28
63
48
41
83
86
40
4
53
15
28
46
51
31
86
24
94
97
10
26
11
95
12
72
13
33
50
13
62
49
52
90
13
0
84
96
39
24
0
92
91
80
91
42
11
77
19
6
26
81
84
89
76
48
61
42
33
64
55
95
65
8
38
30
60
22
79
51
46
31
96
89
12
87
31
75
16
2
33
94
84
17
83
12
17
96
54
50
12
62
46
78
22
84
8
34
6
39
86
4
71
82
93
35
21
76
10
89
79
44
83
15
13
66
79
31
62
86
33
75
48
31
5
70
67
65
4
73
5
42
29
28
24
74
63
97
51
73
86
82
69
69
49
83
87
28
66
2
14
99
77
14
83
34
84
50
51
41
76
56
83
5
36
60
32
99
57
35
25
44
17
46
65
18
81
53
98
47
55
65
99
84
79
82
18
64
32
69
57
60
78
40
66
14
0
98
66
58
33
43
54
2
41
19
72
23
72
70
22
79
35
21
63
15
55
81
31
40
3
88
0
33
80
18
99
33
