814
53
17
11
9
70
49
66
54
0
5
75
71
6
32
68
53
6
49
29
42
3
28
62
67
23
35
52
73
54
42
33
59
11
97
69
81
46
87
88
98
45
63
69
51
95
89
56
1
38
85
95
94
65
9
13
88
96
65
14
2
7
47
61
71
44
82
52
42
70
40
40
67
3
61
18
50
2
74
3
93
59
50
87
24
59
52
65
7
18
79
9
77
78
23
48
75
5
1
69
75
41
62
42
97
75
12
99
78
38
3
71
97
5
10
74
17
62
91
24
32
22
34
10
52
57
58
27
62
11
97
90
5
59
84
54
34
49
53
64
87
8
87
37
14
49
63
31
12
54
7
96
28
41
6
80
50
17
8
65
28
57
7
85
68
43
39
54
92
45
19
80
53
58
17
19
8
80
2
72
86
10
68
14
3
75
46
54
44
6
71
24
63
78
10
83
21
1
38
66
46
9
98
0
67
67
71
75
99
74
47
85
84
68
51
87
95
97
93
39
4
64
63
19
94
25
3
68
79
93
34
25
54
32
77
21
99
49
49
98
75
48
35
59
16
86
98
11
35
44
2
91
60
18
11
55
43
66
75
22
11
61
0
65
45
77
86
44
78
87
94
53
36
81
64
4
19
63
16
54
59
70
98
19
88
9
26
84
27
1
58
38
62
58
3
7
88
41
3
66
29
49
20
17
82
84
21
1
99
89
8
58
60
6
78
0
15
4
84
94
58
43
32
72
53
35
32
41
28
87
8
57
37
80
74
19
64
48
73
16
37
81
74
49
87
4
50
54
61
86
48
19
29
80
43
83
67
75
24
95
63
84
5
52
64
31
23
81
79
96
49
69
77
23
70
64
80
72
18
41
59
66
12
40
98
55
23
17
83
0
65
98
36
70
50
1
1
73
34
33
22
83
54
99
58
76
16
38
49
86
31
8
5
95
0
3
51
24
21
86
76
86
84
12
8
86
65
61
59
51
46
33
34
0
33
45
29
1
35
78
87
67
38
92
62
38
48
65
14
21
51
42
59
87
7
67
73
72
80
85
76
27
18
62
79
51
7
8
4
43
38
92
10
76
36
24
67
84
90
33
5
93
76
64
33
83
83
6
7
64
91
83
91
10
46
70
13
53
31
18
48
69
62
10
98
98
35
17
83
77
50
40
22
26
5
55
61
88
62
69
4
5
4
95
67
50
18
33
56
49
3
56
70
65
67
20
15
54
37
98
31
88
91
53
66
96
61
28
36
75
49
41
80
5
88
0
8
6
33
64
7
36
72
30
53
39
50
68
93
88
19
76
28
10
82
94
58
43
74
46
18
75
87
50
81
28
50
89
34
83
5
94
71
77
24
24
17
74
45
62
14
64
39
42
26
73
37
84
16
63
30
34
39
70
84
20
98
35
9
84
70
14
78
42
43
54
18
60
29
63
75
95
27
66
38
5
39
27
89
55
90
72
41
29
94
77
1
44
64
62
28
35
76
59
29
20
13
47
32
94
63
59
90
90
25
28
48
16
55
89
23
97
61
64
79
7
94
80
51
58
43
32
45
71
91
26
43
4
74
28
51
37
87
41
79
65
69
79
33
76
69
57
25
82
73
4
90
19
37
93
78
32
25
75
55
16
2
51
73
28
79
24
17
18
17
48
35
38
28
69
14
49
78
91
31
3
96
73
23
85
67
53
17
92
28
24
61
82
75
86
62
54
62
31
25
79
80
12
17
60
33
83
9
11
74
40
67
22
14
90
7
33
95
76
77
75
1
90
58
28
76
72
35
38
4
60
69
36
72
86
48
6
21
57
69
96
49
88
70
15
78
30
0
25
6
78
1
59
68
11
88
45
83
23
35
