547
23
88
98
34
14
21
43
99
27
28
38
32
99
73
64
97
43
47
33
67
78
46
87
64
29
83
17
5
92
9
25
15
98
23
50
64
44
45
63
23
25
54
8
25
27
72
74
23
71
7
90
2
5
29
66
87
13
35
92
5
44
70
20
94
93
22
58
90
20
74
65
45
28
73
22
55
97
49
78
21
8
21
23
14
50
89
1
63
76
45
68
20
15
41
15
61
63
73
3
35
47
68
33
27
94
55
83
43
56
13
64
65
86
87
31
37
28
84
52
4
29
73
77
97
14
92
58
29
17
13
65
17
81
98
44
27
5
79
71
62
45
87
79
31
27
62
20
55
46
73
12
27
46
89
76
12
33
86
41
50
99
6
67
33
56
64
60
62
95
31
76
40
71
7
24
98
69
44
53
67
69
17
46
15
6
23
79
39
61
21
42
61
79
61
94
88
25
6
2
21
90
78
13
61
37
37
59
58
34
64
77
3
82
23
71
40
98
50
32
60
23
74
73
3
35
67
43
13
73
45
86
63
23
51
76
12
89
35
70
23
0
47
78
34
22
49
74
21
52
6
33
75
80
6
30
68
73
73
33
98
18
71
14
93
22
90
5
63
78
27
38
30
74
17
64
49
18
38
70
70
97
3
98
29
61
28
49
34
2
82
84
72
5
50
66
28
41
23
43
19
51
82
49
77
99
65
26
69
3
48
40
52
3
90
82
64
18
31
50
72
66
87
45
71
37
63
51
78
86
95
49
89
29
50
67
28
15
45
49
71
46
41
75
49
31
57
66
50
41
16
74
7
3
19
30
93
82
82
71
21
29
73
10
58
75
29
38
43
27
87
66
73
29
41
74
12
51
40
62
92
9
89
99
64
8
81
57
43
15
81
16
44
6
78
2
81
8
92
24
35
80
42
8
61
84
82
25
35
75
88
79
84
29
30
48
37
11
58
32
27
39
48
71
45
27
26
78
87
70
55
74
50
97
34
63
33
68
89
20
43
29
99
79
58
29
80
47
93
38
32
20
29
32
43
74
11
21
52
98
92
7
72
94
57
6
10
90
75
51
11
70
80
10
50
90
92
30
89
85
20
21
57
49
54
52
23
17
26
27
16
18
87
40
64
44
99
74
34
26
25
97
96
57
60
98
99
4
28
89
89
48
62
98
97
16
2
72
86
28
52
2
98
39
94
63
83
45
37
69
71
15
19
20
72
79
18
72
83
99
13
24
99
75
74
49
44
76
