172
57
98
22
58
25
2
13
95
98
34
0
98
41
82
73
67
32
24
47
43
15
76
56
29
3
41
34
31
23
32
44
80
30
18
90
8
20
3
3
70
89
3
69
30
38
42
97
70
19
96
65
34
24
22
16
28
63
50
59
39
34
55
71
17
25
62
25
46
17
80
68
59
83
89
89
73
32
39
44
3
35
9
37
60
83
5
40
99
56
99
90
42
6
61
59
31
75
36
29
45
68
98
4
52
87
93
77
71
32
21
74
20
83
64
32
18
69
72
17
77
23
7
20
29
21
31
60
96
20
90
41
88
40
45
92
79
91
70
3
75
43
29
95
26
93
79
45
63
51
14
92
74
74
64
3
95
96
16
91
68
58
85
56
50
82
1
81
73
71
84
1
14
