999
46
13
47
34
57
76
93
43
98
46
86
94
53
47
66
91
63
42
95
24
73
54
21
62
60
61
36
92
73
92
81
20
5
80
6
15
56
0
58
6
98
96
53
3
95
71
94
58
65
42
34
39
96
7
53
8
21
42
0
46
34
33
18
91
13
25
6
21
25
64
28
23
12
33
26
7
4
72
17
69
66
3
60
15
11
14
23
84
56
76
30
90
9
49
81
23
74
40
44
99
56
24
74
69
57
52
28
13
76
46
35
43
49
95
10
12
9
85
96
17
61
27
59
23
76
93
98
2
33
42
53
89
19
27
10
28
31
39
42
59
85
77
2
86
72
64
99
34
50
47
3
11
74
63
86
2
56
84
4
41
79
9
30
98
36
41
78
19
32
20
79
17
49
33
55
74
98
54
60
48
2
63
11
28
78
50
83
34
34
39
27
13
49
10
63
37
3
42
57
35
14
88
4
16
21
59
42
71
66
2
71
68
17
35
48
96
85
31
82
19
71
10
85
20
20
0
57
23
94
66
58
61
54
62
77
28
73
19
99
39
73
71
59
90
6
8
86
91
91
69
62
14
79
99
34
51
0
44
74
94
62
84
55
17
98
84
45
71
3
96
11
76
19
70
67
25
30
5
68
22
74
83
36
5
82
23
56
82
19
82
29
81
18
84
50
16
69
47
88
24
44
51
53
63
73
20
41
4
25
61
78
52
44
14
9
79
89
66
13
8
0
42
42
19
27
92
35
48
40
75
72
36
26
25
99
0
97
92
56
75
54
34
79
50
0
88
81
42
6
95
2
7
37
44
78
16
89
65
16
29
41
41
65
19
18
16
71
16
9
79
43
15
13
22
17
14
62
51
56
69
46
58
28
35
55
6
4
44
71
20
25
64
13
42
36
32
58
59
0
19
39
43
86
52
17
56
18
31
7
26
0
53
37
28
40
44
86
44
88
10
17
13
26
30
55
62
14
65
74
14
37
13
9
23
17
78
79
88
10
38
66
62
43
55
91
84
99
29
80
87
39
49
52
66
32
59
80
46
25
54
13
14
19
22
37
89
53
69
29
63
7
95
25
51
51
68
87
50
98
67
90
89
69
42
55
1
54
88
47
31
94
60
45
14
35
34
55
40
55
84
55
63
31
32
66
34
1
5
85
51
24
27
40
93
21
48
94
75
36
94
6
30
6
3
96
93
38
3
33
93
39
88
8
71
21
26
5
74
31
42
77
56
69
17
49
91
17
96
18
5
90
77
36
48
80
84
42
18
88
75
64
79
64
72
50
37
99
8
63
30
50
40
38
72
9
40
15
27
88
85
32
30
62
20
78
43
57
20
13
97
48
77
76
64
50
27
1
1
35
64
83
37
4
22
61
13
14
28
92
2
14
25
32
76
97
10
19
54
83
85
51
31
62
28
95
64
7
96
65
94
12
1
83
68
75
45
33
89
73
26
91
39
3
75
16
52
37
87
7
20
72
10
51
87
90
46
51
97
94
69
43
58
70
27
26
45
24
60
86
49
38
29
89
41
4
5
45
41
92
52
14
17
15
65
4
5
64
55
55
10
76
98
69
98
25
95
43
49
7
81
99
97
10
40
90
66
45
36
60
89
88
74
6
55
91
62
61
55
70
16
18
46
66
87
45
92
34
40
93
94
22
44
91
84
84
82
51
81
18
11
71
58
37
29
14
28
44
27
36
14
95
54
12
61
93
9
53
79
50
99
73
24
43
17
60
80
99
11
61
69
74
84
27
11
66
93
92
10
20
28
76
15
34
88
77
27
98
82
6
0
33
32
76
29
49
36
9
48
0
22
17
74
7
96
38
25
90
30
35
62
58
11
78
92
51
7
71
49
41
77
1
75
61
77
4
10
66
65
10
66
87
27
40
46
76
30
71
66
60
58
28
70
69
58
14
21
17
85
22
59
15
24
86
76
53
90
87
19
55
97
85
94
77
78
41
53
8
12
71
21
71
51
91
92
10
6
65
79
43
40
90
58
64
76
35
69
18
74
89
25
23
26
20
52
4
61
57
65
25
28
86
48
32
29
93
94
87
58
73
31
50
64
89
66
92
76
36
11
2
77
36
78
3
56
30
60
69
88
77
95
68
15
95
52
44
88
46
32
99
20
15
49
36
4
16
28
33
4
91
87
81
28
65
36
36
96
48
6
36
25
53
56
92
0
9
37
41
55
21
40
27
36
41
63
92
9
44
77
65
35
65
98
15
30
35
52
26
35
10
14
13
15
71
5
15
32
94
56
87
