772
42
73
80
56
53
87
19
35
96
65
59
21
2
28
54
41
73
37
98
98
71
73
28
19
31
68
13
83
27
64
62
69
90
42
26
43
29
97
30
78
15
90
51
69
18
5
62
43
94
60
94
65
86
22
84
69
42
50
53
70
66
15
91
56
10
69
99
91
19
82
69
86
72
20
55
42
77
69
86
71
82
80
88
20
54
73
89
48
23
94
18
89
10
62
98
72
83
97
63
2
31
85
40
3
57
95
98
35
17
36
58
99
68
99
71
22
72
60
70
47
7
41
88
69
55
86
41
38
36
4
41
67
89
81
23
47
29
21
34
98
57
44
97
25
43
20
99
15
80
21
14
39
14
3
8
69
89
49
8
77
54
1
45
95
34
68
94
15
41
28
13
50
25
62
27
68
82
26
36
15
99
50
54
66
5
63
35
47
12
95
24
18
48
69
66
83
89
60
98
30
89
64
80
14
26
59
34
9
85
70
76
37
73
30
3
78
93
90
25
58
86
2
76
34
71
42
69
13
55
20
95
44
84
28
10
10
87
44
71
25
67
47
62
92
78
17
70
23
7
48
81
45
50
10
32
73
4
1
38
59
21
34
55
57
62
65
68
1
62
39
26
81
39
40
73
69
57
95
92
65
43
26
62
45
36
94
71
92
48
61
52
21
95
7
79
9
25
47
63
39
38
89
20
29
30
93
98
39
40
91
56
36
69
19
33
57
65
4
49
13
18
1
35
65
61
14
27
38
13
90
77
3
79
49
33
61
94
31
53
34
74
9
70
43
28
4
0
94
60
2
7
78
3
94
44
16
60
71
6
73
13
83
77
44
84
10
6
78
93
59
65
68
20
35
11
49
91
64
95
52
66
54
82
21
49
78
90
9
1
96
35
14
32
12
59
16
74
17
47
67
28
12
35
48
99
99
97
91
15
44
95
81
99
29
54
48
8
44
9
9
93
44
24
25
8
35
93
82
52
40
50
80
4
85
28
4
36
78
95
51
22
42
32
21
71
39
21
79
35
83
41
28
79
17
5
88
52
99
70
56
91
72
36
96
58
16
0
94
94
47
98
69
89
82
42
60
21
64
92
57
99
85
85
78
2
91
66
6
42
89
62
33
61
50
29
71
66
81
18
13
28
16
82
17
98
24
30
72
40
74
29
91
59
66
70
13
9
88
19
3
29
33
37
43
35
18
14
53
0
84
66
28
52
0
98
3
77
80
75
69
54
56
61
13
74
31
78
84
71
49
39
1
82
76
44
69
47
10
22
47
95
89
27
99
41
77
2
18
57
77
88
11
85
49
76
60
32
54
96
3
3
35
56
37
64
0
6
11
63
29
10
10
70
37
9
63
67
12
82
24
41
22
36
27
23
64
39
7
19
35
10
74
22
19
64
86
71
70
49
34
51
59
44
73
49
54
37
16
18
71
92
59
45
80
38
68
45
77
75
16
64
37
90
87
56
54
25
80
77
75
14
80
34
59
6
35
65
95
51
83
18
44
94
63
24
33
83
21
62
10
37
27
47
80
66
56
86
91
36
15
66
2
96
53
13
54
88
78
1
92
13
19
88
60
34
64
93
17
86
7
27
75
34
26
55
0
82
42
92
70
57
10
25
5
63
38
11
4
69
12
96
82
31
36
42
65
0
87
34
38
95
61
14
81
88
69
34
22
63
78
45
21
88
70
78
4
8
90
8
77
2
56
12
86
92
6
3
44
46
38
83
41
51
49
74
91
70
8
14
34
86
11
