248
66
64
66
83
75
80
60
51
44
98
97
80
83
5
91
89
69
78
74
47
0
99
71
7
74
89
45
31
63
18
5
29
34
23
64
9
55
24
60
51
22
58
32
5
63
23
47
32
53
73
79
53
72
2
12
98
91
57
29
6
28
34
87
62
9
51
72
64
75
84
15
49
94
99
7
57
23
54
41
28
27
72
34
51
74
46
49
17
56
30
23
84
16
10
98
25
61
22
41
88
59
56
90
53
8
97
11
83
3
4
11
82
29
45
85
3
44
34
73
0
16
96
36
32
59
86
57
72
61
50
61
20
6
51
73
66
0
84
49
55
41
13
37
70
58
22
25
54
8
98
6
24
47
94
56
6
81
65
78
42
15
91
62
73
94
87
40
94
72
41
49
65
54
38
35
65
12
60
19
72
59
78
96
6
72
4
64
5
21
94
99
88
86
13
62
80
1
54
27
25
95
28
90
50
67
25
15
31
37
86
4
48
64
52
6
89
57
70
94
30
65
94
19
3
7
33
83
60
39
62
85
86
91
75
88
10
52
3
41
90
42
45
90
6
98
97
47
7
