663
4
39
58
86
94
76
50
36
65
59
78
45
88
81
9
3
80
55
80
89
35
80
63
31
38
11
76
41
60
75
92
17
14
50
55
8
78
57
97
43
68
27
40
56
8
2
59
41
57
39
82
92
72
45
75
10
9
4
3
21
79
95
38
45
97
45
5
75
2
2
71
70
29
11
26
90
65
37
83
23
29
65
67
1
10
95
11
71
99
14
45
30
62
35
27
59
81
32
87
35
87
10
6
68
21
84
10
87
22
93
62
51
58
29
4
21
24
15
92
75
81
89
5
95
25
32
55
6
17
94
41
4
4
99
72
77
84
83
16
58
76
78
9
87
60
13
8
36
80
52
12
13
42
69
9
67
54
16
25
23
62
66
27
66
18
51
95
2
86
12
60
15
42
21
2
2
86
10
91
18
62
3
83
4
24
92
23
30
60
48
53
74
15
32
40
85
84
36
87
70
0
99
37
42
72
39
45
10
49
88
28
64
43
11
20
67
56
44
98
68
44
3
43
11
36
35
96
20
71
83
42
71
34
80
66
6
71
63
16
73
51
96
37
94
8
9
61
16
5
11
84
50
67
79
61
3
15
58
75
86
93
69
10
28
1
76
86
73
39
3
46
90
51
35
36
59
44
97
27
50
61
12
52
28
91
13
83
58
71
58
45
17
27
7
45
81
35
31
54
26
86
0
16
38
87
4
49
83
1
77
33
14
41
37
94
84
51
77
43
74
87
40
91
67
47
88
48
82
20
2
8
58
54
76
48
93
80
98
76
33
27
62
0
68
99
46
4
50
24
47
77
63
87
68
30
86
57
30
20
29
84
80
39
90
8
88
83
40
86
60
26
65
74
26
33
73
72
37
76
48
37
53
64
24
73
46
63
82
77
83
11
61
64
51
4
24
91
87
65
77
99
91
94
73
69
27
99
93
16
27
94
53
32
58
30
5
4
45
40
33
28
3
47
44
6
51
69
97
38
86
26
90
29
20
63
98
99
14
43
16
41
37
21
73
47
3
31
52
48
71
37
29
74
84
25
81
35
46
78
74
32
5
64
61
77
79
11
77
46
55
45
87
92
18
13
40
22
44
44
22
67
81
3
41
66
29
74
1
27
5
27
60
62
43
73
39
75
85
16
21
40
13
60
84
32
73
76
6
69
20
80
36
54
84
30
72
65
4
25
92
9
53
4
71
48
78
63
75
63
31
48
55
45
9
39
77
34
16
83
4
88
15
40
94
99
70
66
16
27
92
9
36
97
13
60
45
43
75
73
6
6
21
13
51
30
5
80
17
73
15
21
61
31
13
56
82
84
22
99
63
66
8
51
63
73
11
61
17
38
34
75
45
7
89
48
90
46
29
7
19
96
28
80
27
41
88
10
77
63
9
40
29
69
92
45
94
55
58
63
94
44
39
91
51
80
39
41
26
68
0
45
65
28
77
44
22
66
6
51
81
15
44
62
36
88
7
83
95
65
46
89
9
85
80
13
17
72
6
43
40
7
40
57
