712
73
48
93
10
15
93
65
18
21
35
70
57
91
81
11
24
92
20
74
72
9
55
56
81
64
89
86
20
54
48
89
27
48
34
89
63
28
7
33
49
42
3
7
85
85
18
9
29
90
35
1
51
91
58
84
55
99
70
75
5
71
16
32
19
50
74
35
78
81
68
28
23
72
87
8
9
57
70
90
0
5
43
51
48
53
88
55
4
58
30
9
81
98
42
1
49
68
36
27
49
4
7
24
28
94
32
89
4
54
31
56
60
27
59
60
80
47
16
85
6
98
46
87
97
88
40
46
8
76
73
57
33
33
81
13
79
66
55
83
20
86
91
32
13
51
93
46
98
9
83
56
7
29
96
4
70
36
2
78
65
28
88
50
61
69
63
40
35
70
76
8
57
67
92
22
18
85
20
17
46
3
73
6
85
21
62
55
58
65
85
75
93
73
25
6
95
40
46
82
11
22
90
20
42
35
42
60
20
15
29
19
18
55
77
55
76
39
62
86
56
48
61
1
73
86
7
68
79
54
51
90
28
93
10
70
28
4
83
1
19
12
20
90
19
97
97
96
88
60
82
45
8
44
46
81
82
6
2
61
60
53
3
40
98
13
63
27
70
98
80
41
62
52
83
82
49
81
78
89
41
12
34
1
8
33
34
91
39
36
4
51
41
8
43
92
73
58
71
43
56
51
37
19
3
72
53
4
53
83
93
46
95
80
99
4
65
34
47
56
22
51
7
16
59
2
60
33
61
31
76
69
82
65
88
85
38
41
41
43
24
34
90
72
66
41
76
31
75
23
87
50
74
46
18
34
1
78
19
62
9
95
31
43
13
72
28
51
65
21
46
42
55
88
14
74
30
42
57
57
17
97
7
91
43
77
77
44
55
96
58
16
44
42
59
9
14
39
60
79
60
58
73
68
47
87
42
77
29
99
34
98
96
94
42
92
71
19
88
79
68
99
95
64
41
55
25
55
94
37
86
55
95
60
23
42
99
17
19
81
68
54
79
17
0
21
61
71
93
49
50
13
48
98
77
41
53
54
96
99
91
35
54
86
95
29
29
46
98
48
27
67
54
7
36
54
28
97
78
21
98
80
34
99
78
63
40
83
17
89
83
8
24
89
95
71
71
76
17
21
76
45
40
31
4
76
37
32
25
67
6
24
0
40
23
30
56
63
14
25
4
49
86
28
90
33
51
61
9
21
83
85
18
75
68
22
52
58
6
77
77
12
53
77
5
76
8
13
92
74
38
96
23
24
77
13
57
80
27
18
1
62
56
71
37
24
93
41
82
52
71
60
64
24
89
21
1
97
34
45
23
73
41
46
49
70
12
59
51
91
77
4
53
33
76
42
10
21
84
44
73
55
56
38
31
46
59
32
95
46
77
19
71
71
17
72
93
81
31
96
72
61
1
77
46
29
72
8
50
56
53
24
63
9
14
46
7
25
79
55
71
8
26
42
31
43
15
77
77
98
73
49
11
26
79
58
55
51
66
6
59
71
82
74
33
96
20
92
21
51
47
93
60
73
87
43
69
54
20
46
5
46
47
16
72
26
26
28
29
45
86
88
68
68
14
1
64
35
94
37
86
41
82
98
67
70
94
36
76
66
82
33
12
