274
43
32
76
4
18
19
31
25
40
92
13
13
17
60
83
13
84
33
64
29
8
21
52
96
83
79
71
32
85
20
23
28
4
99
84
23
19
67
48
11
11
13
76
28
73
60
42
10
45
6
39
5
28
43
1
63
75
25
95
12
97
70
40
2
70
76
25
41
43
25
52
54
90
29
35
15
41
77
25
38
83
16
95
63
60
97
26
87
74
74
99
71
44
91
73
66
19
50
7
62
27
12
68
17
93
3
85
86
80
10
24
16
27
19
31
39
68
58
78
42
84
77
66
28
20
39
95
39
90
54
53
69
66
21
39
11
77
24
97
9
34
73
25
13
45
57
4
13
67
82
8
51
59
74
31
31
65
26
70
7
33
23
77
51
97
16
63
74
40
12
83
26
86
61
40
31
18
96
96
37
79
56
88
90
82
19
22
48
98
92
55
31
68
84
34
65
0
97
91
92
62
74
19
48
35
11
31
5
7
27
42
86
36
30
77
18
2
51
66
0
95
74
83
63
58
17
80
59
67
71
3
29
98
22
29
33
85
60
91
45
39
33
31
75
16
60
94
18
63
12
70
59
86
5
74
45
22
55
56
41
78
59
22
76
82
51
62
19
11
53
64
3
38
48
