703
28
99
58
42
58
71
30
33
46
3
70
76
14
98
87
21
35
38
32
48
21
21
10
78
71
97
33
11
40
85
81
20
36
39
63
95
10
45
80
8
48
50
84
14
48
23
87
35
13
71
83
35
93
94
65
16
43
98
27
35
35
8
56
71
0
71
18
62
16
98
71
17
48
7
83
49
31
71
84
44
42
20
31
87
66
96
3
61
46
83
97
81
43
53
5
43
76
23
6
44
22
29
13
22
36
97
71
19
20
8
64
14
80
95
54
46
44
9
7
42
92
4
24
88
9
81
31
85
56
89
82
30
18
95
53
7
44
76
26
64
84
42
79
64
90
85
62
34
94
70
76
39
26
52
27
36
85
58
73
42
0
55
72
70
3
77
77
47
54
56
12
90
98
43
7
88
80
69
74
74
91
51
65
18
55
92
6
93
3
31
35
3
87
59
73
42
37
3
89
43
59
53
85
57
96
92
98
76
62
72
3
5
23
68
23
31
13
81
24
16
13
11
71
52
70
44
94
59
99
83
54
58
37
40
68
85
84
66
14
98
38
69
4
14
37
27
97
50
9
21
18
74
84
89
26
54
86
20
66
85
3
72
96
92
12
64
30
49
30
44
47
20
13
51
34
2
31
31
5
92
4
23
66
88
13
92
95
51
12
61
36
67
85
32
12
50
48
42
99
30
38
46
51
51
98
85
5
81
17
10
73
21
34
39
62
99
83
57
50
47
18
38
14
55
23
26
5
71
20
4
2
58
51
53
61
1
90
67
82
59
29
55
81
15
46
43
14
29
52
16
76
22
7
42
77
30
21
83
53
41
87
7
0
90
60
61
91
3
80
25
62
10
32
95
25
78
90
92
59
42
60
87
64
67
82
42
49
3
25
3
96
64
10
96
55
23
10
98
78
42
24
40
4
56
36
82
87
26
26
46
69
86
86
33
6
68
27
55
23
52
10
19
17
73
68
24
48
30
22
26
72
98
66
29
55
54
11
42
81
37
40
2
75
78
87
81
46
15
89
21
67
99
41
36
24
61
12
72
91
35
50
15
33
69
44
40
23
55
34
56
44
27
58
20
5
46
1
4
61
42
25
80
94
18
69
18
79
81
43
22
16
45
38
2
14
34
94
38
42
81
46
86
8
5
6
13
3
60
17
16
2
95
96
48
13
65
67
45
99
62
67
67
7
5
69
22
92
16
12
34
97
10
20
5
67
79
70
70
91
40
38
45
35
35
94
0
52
13
45
51
27
13
19
34
70
40
8
62
8
72
96
5
83
69
62
50
0
33
73
91
73
11
88
60
98
34
12
3
47
58
6
74
23
25
61
93
18
21
56
26
94
4
84
29
25
46
31
25
31
4
68
56
68
57
68
66
43
81
21
43
39
28
17
62
5
30
7
23
52
63
2
98
20
38
27
45
84
58
23
68
15
91
24
35
0
93
53
44
74
75
87
65
3
56
27
8
39
34
84
91
50
38
89
22
76
68
67
12
26
90
80
93
34
5
28
34
50
82
30
24
57
69
89
12
26
68
72
17
54
56
8
56
94
49
78
22
17
98
35
95
40
67
41
74
72
69
61
22
3
91
98
12
61
