479
20
32
16
76
26
82
36
33
36
40
33
56
85
92
37
90
45
9
65
77
76
10
84
81
20
48
42
80
98
78
64
18
62
80
94
41
14
31
26
50
23
60
7
8
4
96
98
49
5
15
78
81
78
62
63
98
62
5
31
60
35
95
79
49
27
25
42
41
8
69
92
31
29
99
39
33
95
90
34
52
57
12
34
35
26
97
86
88
54
17
0
41
12
31
42
39
57
85
80
65
54
72
49
83
23
40
68
70
30
2
23
40
66
9
75
92
58
61
32
12
30
32
5
42
64
47
81
21
84
14
38
38
38
87
73
62
28
93
84
10
95
59
50
13
68
78
5
26
91
37
90
22
22
95
64
86
95
98
7
31
12
97
70
50
85
95
64
13
89
49
75
36
8
26
50
77
4
7
55
95
97
46
17
19
93
34
5
40
32
64
72
96
61
94
46
98
89
63
63
30
12
39
19
72
65
21
1
21
28
57
68
77
55
38
96
48
72
53
41
56
69
13
52
83
7
98
81
48
13
97
31
77
36
50
50
53
23
3
26
3
12
94
81
67
32
29
68
4
83
9
60
4
74
64
87
33
15
21
33
28
18
64
6
6
66
8
59
89
11
37
93
24
31
26
43
64
55
63
20
90
24
33
95
50
97
34
83
12
7
69
93
77
33
99
83
52
7
94
93
18
31
38
94
63
64
90
79
72
5
51
62
30
36
9
32
34
96
16
98
3
85
91
81
70
42
16
74
49
11
20
20
94
58
66
9
75
8
88
47
14
92
61
96
28
23
80
14
19
96
65
74
33
56
7
56
51
24
30
52
87
50
24
81
61
43
91
36
51
31
35
17
23
48
65
52
71
46
18
42
94
83
17
80
92
24
36
43
48
18
95
87
21
72
69
82
15
60
70
18
91
57
88
67
5
53
71
77
51
89
19
46
73
88
78
65
13
14
8
13
84
55
1
5
79
70
39
94
82
61
13
25
18
1
44
24
6
15
1
10
5
72
8
30
61
86
95
26
52
55
39
36
62
92
42
42
14
33
88
48
95
53
74
13
6
18
37
13
86
90
75
43
15
83
73
76
69
68
54
21
