191
56
56
81
96
11
70
70
13
77
98
40
46
61
88
29
30
42
1
48
70
15
49
18
24
92
93
9
61
63
40
89
19
96
71
15
59
41
86
24
70
84
64
68
97
52
97
27
94
51
27
16
66
29
34
42
21
80
52
34
43
44
24
15
40
95
30
51
88
68
75
11
4
91
31
2
43
29
81
89
80
9
57
98
38
44
41
11
24
45
46
67
89
70
82
81
17
65
84
57
33
11
68
38
2
0
92
45
81
73
86
13
82
43
11
72
87
4
84
63
49
82
31
90
52
65
23
21
82
7
78
68
18
99
58
72
51
50
17
32
23
55
45
6
51
8
30
38
13
14
2
14
48
85
57
0
2
80
21
37
40
52
5
10
51
63
83
2
13
52
86
36
60
83
94
11
91
25
1
56
91
55
23
40
92
80
92
95
12
66
84
4
