600
76
78
26
95
13
48
5
52
83
18
26
17
21
72
40
41
12
79
52
92
52
36
38
76
47
13
62
66
32
55
58
60
33
36
55
46
84
60
51
19
30
29
88
4
1
28
45
66
8
50
58
60
86
96
88
86
61
50
52
93
5
10
5
90
46
60
88
82
73
91
1
3
21
89
7
74
69
5
40
77
55
98
89
93
46
29
79
60
79
83
5
36
45
11
26
43
71
67
25
44
58
78
0
79
67
59
54
37
16
94
66
23
45
8
17
43
37
48
3
69
84
9
57
29
20
36
73
91
3
50
88
61
29
40
93
48
99
47
37
16
93
56
39
38
64
8
82
53
9
85
74
93
94
32
22
66
20
47
10
23
98
98
36
79
90
29
27
89
28
65
57
22
21
49
60
37
57
94
90
66
32
17
11
78
1
34
45
21
33
55
96
83
5
84
62
95
14
90
36
94
55
94
16
28
95
29
65
52
75
7
71
7
24
82
86
25
68
83
98
2
38
94
85
95
79
48
42
45
90
30
91
97
76
8
25
71
89
42
24
64
49
47
24
26
29
10
3
98
93
2
52
83
48
89
30
79
89
72
76
79
54
68
76
31
28
53
2
69
95
78
33
45
25
9
23
55
19
26
5
64
80
9
99
81
98
81
12
40
53
89
19
60
9
48
91
37
1
93
6
97
72
91
94
49
1
17
4
72
95
61
89
28
70
88
9
21
70
21
61
75
62
32
35
71
80
78
60
82
24
66
31
48
10
77
97
63
94
54
35
41
15
76
69
38
17
30
11
39
52
24
14
14
56
2
86
89
32
98
23
56
17
54
4
27
31
2
42
77
56
77
70
23
54
40
13
71
70
24
10
74
48
76
89
5
30
27
46
63
25
69
71
42
23
76
21
6
30
63
83
86
93
5
61
99
45
75
22
68
99
84
94
0
12
83
57
95
62
3
10
40
72
81
34
47
57
8
53
39
71
88
25
16
93
39
15
91
14
89
11
65
73
5
65
38
89
74
33
3
77
43
95
49
24
30
96
34
38
1
73
61
89
51
30
35
90
97
26
56
87
37
73
12
42
91
50
83
65
83
39
43
26
34
44
3
64
93
89
54
94
14
68
36
65
98
71
7
95
97
15
34
86
89
47
28
80
97
64
97
33
3
92
59
89
89
14
6
82
3
60
28
18
80
64
35
30
87
95
26
84
10
12
22
51
59
3
83
9
67
81
42
22
25
53
11
14
68
17
96
23
30
77
93
10
93
29
41
81
76
19
17
38
31
40
90
43
43
73
52
62
6
94
84
84
47
95
98
67
65
47
91
95
24
36
57
69
17
50
50
93
69
68
32
53
8
74
48
3
99
0
65
