991
63
49
1
46
63
40
32
76
35
77
32
35
50
17
28
96
45
55
2
8
39
78
44
83
50
58
24
94
81
89
16
96
90
17
42
5
9
74
82
44
3
14
31
54
83
59
50
28
66
5
36
6
35
32
89
85
43
65
32
24
54
48
20
44
17
14
2
26
40
84
23
43
50
54
49
33
66
52
61
32
57
49
38
44
33
79
82
76
44
14
0
50
62
72
47
79
38
49
57
78
33
80
74
35
35
75
68
53
27
81
85
36
82
76
81
15
55
63
92
52
77
44
54
91
69
1
22
7
50
79
38
35
60
64
70
47
39
90
0
67
23
37
3
5
13
36
73
21
99
17
73
28
61
27
19
82
81
41
42
31
21
80
19
33
96
41
32
35
32
84
54
7
21
10
65
87
46
38
8
98
55
33
26
68
12
98
3
93
39
45
77
12
77
96
97
73
89
81
60
73
65
15
81
39
77
46
78
75
36
86
73
43
71
52
11
83
50
66
29
41
11
58
6
88
6
55
13
95
37
74
69
54
41
50
45
18
48
23
45
84
61
19
27
32
23
90
68
73
57
49
66
20
7
24
9
65
80
74
60
69
0
81
23
41
31
69
11
31
44
57
15
6
28
94
90
51
85
10
76
94
11
94
14
70
19
75
35
99
50
48
68
50
29
43
44
13
64
7
44
9
16
12
67
44
6
57
95
43
20
23
37
31
18
52
2
37
79
89
88
29
37
8
32
67
51
28
80
16
35
76
25
52
88
92
48
47
1
96
90
73
19
80
5
37
84
59
26
63
48
14
45
86
22
77
5
74
57
85
42
92
61
67
96
2
11
97
49
64
93
91
38
12
71
95
2
55
6
80
19
6
95
64
92
69
93
49
95
50
34
37
94
48
56
43
2
67
40
51
84
85
42
74
49
14
21
51
69
27
32
40
33
79
56
78
48
49
27
96
51
14
33
98
14
90
93
16
9
85
19
45
70
61
19
19
27
40
23
97
19
7
89
5
86
46
35
86
47
14
82
51
80
68
49
94
10
94
62
71
79
81
17
1
43
88
72
70
29
95
19
0
54
61
5
40
7
92
79
54
7
13
5
87
81
6
34
43
0
96
15
31
78
32
84
73
20
57
95
1
4
15
54
59
76
11
51
35
4
30
41
11
44
47
50
77
5
84
21
58
81
36
41
11
20
26
84
92
35
79
46
39
46
0
50
74
11
2
9
67
84
51
30
80
50
81
58
7
17
31
65
50
67
7
61
39
85
97
31
20
29
29
11
75
29
62
50
93
16
11
60
0
14
43
81
16
24
39
24
93
70
89
44
89
48
57
28
33
55
11
5
84
41
17
11
22
31
13
67
47
77
80
47
91
23
28
8
99
19
84
92
41
73
88
30
74
46
10
59
53
74
65
89
67
34
0
41
17
66
9
64
43
89
11
34
12
92
94
11
63
78
3
5
4
92
87
78
90
50
89
43
76
6
32
43
40
84
84
57
50
45
73
93
34
37
80
46
81
26
9
44
5
65
1
9
9
89
39
99
91
28
94
67
35
26
62
27
62
98
37
65
44
62
10
30
99
90
77
80
17
86
25
74
3
78
83
12
67
74
11
10
54
5
29
41
83
43
21
98
42
10
63
38
72
73
68
72
16
97
52
85
36
29
59
39
8
94
52
27
68
15
90
74
21
19
16
56
63
37
6
57
99
69
95
71
95
15
43
11
13
48
96
49
29
55
40
89
49
92
69
69
8
59
43
81
78
11
89
41
0
96
98
99
65
45
71
60
13
66
71
26
66
19
27
96
74
67
85
75
12
6
96
20
65
92
1
44
3
42
37
56
38
88
7
4
33
78
16
46
97
40
24
63
59
3
11
86
71
49
13
83
55
10
55
21
2
8
17
57
50
54
13
89
42
21
45
28
51
61
26
48
53
3
64
65
6
75
51
29
24
64
12
32
26
19
53
28
27
70
86
78
24
51
19
19
24
64
99
76
77
25
76
83
80
92
48
87
68
51
16
44
15
81
76
42
0
81
22
80
51
60
10
28
12
81
99
88
45
98
64
74
75
93
9
8
85
57
95
5
8
63
50
76
44
78
70
97
12
44
29
15
5
39
95
69
20
94
57
17
44
74
43
72
67
53
80
4
62
27
10
23
90
12
51
35
42
21
84
54
17
13
70
22
4
65
43
76
12
53
45
56
27
88
80
46
93
60
50
8
39
12
31
30
24
34
17
67
7
1
73
24
66
43
