925
88
62
76
89
52
72
88
62
0
5
66
94
92
77
15
6
70
26
79
32
79
91
57
13
13
51
59
4
58
90
70
46
52
99
35
56
23
23
19
23
28
85
17
73
63
85
31
85
11
10
69
42
53
26
56
18
78
67
22
36
57
45
82
62
44
69
18
67
45
89
91
25
27
60
98
42
97
81
27
8
43
48
51
96
75
59
66
5
26
41
41
83
86
75
45
30
44
16
49
41
5
92
67
32
5
65
26
2
99
53
11
42
54
14
91
81
73
57
86
51
98
79
86
36
54
32
66
50
0
68
92
5
60
59
90
65
76
16
68
27
22
31
70
28
97
13
9
22
22
95
73
21
74
59
9
80
43
76
82
43
44
26
1
56
37
43
22
66
11
42
93
85
25
63
13
74
28
22
96
51
17
21
24
43
32
33
75
28
9
10
71
5
36
24
14
26
67
88
92
31
30
85
16
7
1
30
81
29
52
29
80
22
2
4
17
34
90
93
62
51
55
86
9
91
62
23
17
82
11
61
13
93
47
29
0
0
59
33
81
64
14
14
86
16
70
55
2
60
0
17
12
55
55
21
99
17
44
16
99
55
30
64
48
77
94
0
29
5
85
10
69
99
24
7
15
95
63
69
55
63
86
19
19
41
40
70
11
36
38
62
91
68
27
91
97
73
43
26
78
28
89
0
27
13
59
94
60
22
16
68
38
2
87
9
96
28
79
59
64
17
21
8
86
0
51
83
73
47
62
4
75
51
56
55
16
15
1
77
90
17
45
80
72
84
89
68
12
68
27
29
37
0
89
75
1
40
59
26
87
73
82
15
24
90
22
40
6
23
69
48
41
14
28
13
99
17
33
63
37
12
44
26
12
33
2
65
26
13
44
65
86
26
80
10
17
2
2
75
78
72
75
19
86
3
84
37
72
17
53
61
29
97
39
93
83
41
59
9
54
3
74
40
81
7
2
50
61
5
77
39
77
52
10
15
7
94
5
31
63
58
44
44
55
84
38
90
25
49
99
32
52
26
72
33
85
75
36
46
32
13
38
9
66
48
76
25
95
81
57
58
91
53
3
99
37
93
89
15
42
89
47
46
15
19
31
0
46
67
98
30
81
36
39
99
85
68
76
80
49
85
90
41
39
45
92
76
38
81
91
32
70
90
78
37
62
10
89
60
29
40
91
10
76
82
61
13
50
38
45
52
23
36
45
14
33
37
91
72
18
34
56
89
77
35
78
39
97
20
99
26
60
90
89
36
73
2
2
23
92
47
27
16
35
72
30
69
9
73
93
28
60
49
69
37
36
99
76
85
19
75
12
79
18
53
68
91
55
70
66
48
69
94
16
5
66
98
26
28
24
19
8
84
20
29
73
57
28
49
94
0
76
6
31
46
11
51
37
19
21
56
19
43
50
87
0
68
85
26
96
61
45
4
45
17
85
18
26
14
19
21
66
48
79
97
94
91
49
84
62
22
40
81
65
90
68
65
10
5
43
59
67
40
63
64
58
1
83
84
15
54
57
81
2
37
30
49
80
79
33
42
2
73
23
19
15
43
37
25
0
80
84
67
21
0
84
31
1
19
67
68
73
25
1
28
62
31
77
94
63
10
36
65
35
11
36
2
6
25
27
6
6
64
26
79
16
10
62
69
29
29
89
54
6
90
82
20
73
11
14
36
73
50
53
8
13
90
10
19
67
90
78
73
6
4
4
74
66
18
43
95
48
32
49
6
74
84
27
99
95
41
36
69
44
41
29
9
83
40
29
51
82
7
76
88
63
81
62
29
51
57
76
51
41
25
58
67
61
85
66
9
78
54
30
74
96
59
84
79
51
65
30
33
24
7
73
87
40
87
68
91
44
44
43
37
21
53
4
83
90
71
92
68
77
22
95
73
33
79
53
85
96
35
70
20
94
44
59
86
83
27
30
80
71
25
17
92
78
22
27
68
45
19
88
74
93
83
48
27
14
53
64
10
40
34
30
35
30
89
73
14
68
3
94
39
28
63
84
58
85
11
78
82
83
67
57
76
2
57
55
17
10
19
27
50
54
10
37
84
51
11
50
20
66
44
11
47
8
95
5
45
59
84
80
42
3
