312
65
71
64
25
90
13
48
86
14
3
23
94
94
9
17
24
65
99
58
23
40
30
27
73
18
62
4
53
10
12
14
27
83
31
52
26
44
1
12
10
4
36
56
50
45
73
26
11
24
85
34
17
67
14
42
86
28
46
39
90
10
5
17
45
88
70
71
84
23
84
46
79
72
55
30
69
28
56
32
5
93
19
74
61
33
16
47
13
14
38
4
24
95
73
21
84
95
93
20
18
29
67
50
1
22
80
70
2
88
3
59
82
22
85
43
7
53
42
72
67
80
28
43
27
2
65
11
49
58
84
20
87
51
70
40
25
2
62
79
90
17
39
24
39
76
19
98
30
61
23
97
93
51
93
21
5
10
84
7
68
20
27
7
71
97
99
48
99
61
28
41
79
19
66
70
95
37
21
25
99
44
75
44
47
68
17
5
78
54
12
98
74
91
57
98
40
56
46
39
69
26
32
48
97
50
19
93
88
92
70
39
36
45
83
35
65
53
92
95
7
56
45
81
47
54
79
87
10
78
78
80
56
11
80
54
13
51
47
1
43
69
40
31
15
76
19
32
81
11
80
88
68
25
21
67
80
1
55
42
31
85
74
87
48
55
41
62
58
40
15
2
10
8
85
77
84
4
9
17
68
89
5
36
67
26
55
99
79
10
41
10
48
16
50
96
23
43
58
81
84
74
35
94
82
21
71
18
77
32
35
45
74
