572
78
37
30
6
57
82
39
91
91
37
16
1
97
32
61
74
77
7
27
67
76
55
71
7
69
18
39
31
49
84
81
27
73
12
85
30
94
77
74
38
14
42
39
64
26
0
38
3
59
17
70
87
72
41
94
41
59
85
25
9
21
6
88
94
18
26
77
65
3
51
3
69
45
94
33
72
46
24
75
5
41
46
93
66
39
39
59
51
25
84
60
98
91
0
93
9
26
22
74
81
25
29
3
70
23
88
94
21
12
70
27
6
68
20
72
7
11
83
58
36
68
70
35
11
71
80
72
49
54
99
31
79
28
86
1
4
74
96
25
87
18
52
45
86
24
17
45
88
52
4
24
20
26
11
83
49
91
56
99
97
55
82
76
35
68
30
39
94
78
17
81
96
21
26
82
98
95
27
86
48
83
10
20
62
74
56
11
17
12
10
15
19
44
43
6
64
73
46
59
3
63
92
99
36
71
33
34
66
13
20
66
96
83
39
58
57
95
22
74
59
32
89
30
29
85
36
93
10
34
4
14
97
97
13
34
68
47
20
86
60
41
53
8
24
44
19
81
91
41
7
50
25
49
32
6
34
68
52
44
3
56
58
52
5
24
38
73
23
59
60
35
52
65
43
76
61
14
9
52
7
16
54
85
17
86
91
51
54
43
48
9
0
58
14
5
82
52
31
5
63
43
40
15
60
36
91
21
2
52
25
10
21
79
95
38
65
86
42
71
82
42
81
34
0
95
91
35
99
22
40
63
17
33
30
29
21
74
50
23
26
27
85
47
6
32
38
71
71
80
95
53
22
28
87
74
75
78
9
74
53
2
89
22
87
20
52
8
94
54
83
20
82
69
20
88
1
58
12
24
90
59
77
12
87
16
38
62
47
48
36
0
50
78
74
89
98
26
97
92
33
32
64
15
1
36
55
55
94
19
79
84
78
9
48
65
25
87
79
72
87
68
24
89
46
99
78
96
77
27
40
10
59
4
77
13
41
85
68
87
4
99
24
35
60
72
52
86
11
32
58
98
0
35
39
98
86
17
94
63
96
34
26
56
90
55
69
83
40
89
71
97
40
95
32
1
19
84
87
31
68
97
81
20
84
73
18
70
42
12
86
39
98
64
95
89
19
16
72
12
5
95
61
97
90
93
98
62
29
37
45
98
87
26
70
71
51
89
42
94
53
80
33
52
44
80
93
63
96
17
27
53
13
88
50
55
81
1
17
63
90
62
13
77
41
83
1
92
24
95
86
78
75
71
82
19
51
27
34
99
44
62
52
57
50
55
13
84
56
82
47
98
45
