905
94
79
77
23
6
13
39
98
62
35
92
13
45
26
21
31
69
39
99
20
20
98
44
84
10
55
1
77
81
61
28
75
92
57
51
51
22
90
49
84
26
41
49
23
67
23
6
88
14
6
9
34
4
53
19
14
60
72
44
41
33
72
69
77
29
20
80
52
62
29
88
40
22
38
64
42
13
70
30
27
76
39
62
33
44
81
99
4
53
43
98
38
67
67
67
49
87
48
53
49
29
41
42
52
31
6
46
44
28
76
72
5
68
86
90
12
19
89
69
24
85
67
62
4
34
81
53
21
81
6
22
63
0
16
15
83
22
13
28
3
89
52
60
9
38
50
74
57
91
43
81
76
10
95
33
44
28
86
17
62
45
91
25
97
8
92
80
82
5
60
85
46
64
45
56
2
47
30
11
39
73
44
67
35
91
0
79
20
39
48
82
36
39
7
33
99
99
65
82
4
26
19
2
90
65
58
45
12
40
8
3
65
53
71
0
44
71
31
16
62
79
98
98
19
57
83
18
56
49
0
12
27
20
67
69
37
25
66
1
18
75
5
83
28
76
36
24
99
67
41
62
47
91
60
66
49
96
36
57
45
89
22
24
61
89
45
98
66
12
51
84
87
56
20
67
84
8
43
36
75
36
98
22
28
10
40
77
6
29
86
3
18
8
79
79
97
25
29
64
37
32
0
76
41
20
95
25
28
90
13
56
27
11
30
55
74
23
84
32
52
70
36
22
79
67
53
28
92
82
44
81
66
45
9
7
17
56
85
98
47
98
54
26
62
36
33
88
59
17
20
63
39
8
85
70
76
38
99
20
72
43
2
39
88
63
98
58
20
83
56
19
34
62
45
96
98
78
84
58
47
56
21
86
65
59
57
93
97
8
13
70
51
67
61
92
31
59
2
51
95
58
22
29
20
67
77
70
97
13
80
44
69
2
82
86
13
39
79
10
99
93
32
51
60
93
95
43
53
97
46
48
7
68
29
79
35
6
49
84
19
30
28
40
84
11
27
97
2
6
7
2
51
40
5
64
85
0
7
90
49
54
90
56
22
19
35
10
25
36
94
96
66
75
37
50
86
16
99
40
74
7
42
26
99
47
42
36
99
49
27
0
55
17
8
30
37
43
40
14
32
86
11
98
61
0
1
99
16
0
40
42
59
82
68
58
82
10
95
81
12
74
82
19
91
90
49
28
86
89
95
70
28
58
68
89
58
69
89
26
22
29
68
81
63
89
92
45
51
39
27
63
13
61
83
4
3
84
85
41
26
80
11
54
38
32
43
48
53
84
26
75
65
94
9
29
35
1
74
87
40
53
2
5
66
37
61
70
22
46
63
48
78
27
2
68
59
97
68
12
82
94
40
99
41
49
28
76
2
3
63
42
8
18
47
75
55
8
97
77
7
60
25
37
87
79
6
46
77
26
11
11
21
51
10
62
52
39
90
54
94
6
48
2
24
47
77
79
7
74
9
14
87
34
4
74
14
62
73
43
88
36
54
9
39
64
23
91
55
14
97
49
72
45
4
96
92
33
27
99
8
36
66
47
71
70
73
37
84
46
80
72
82
34
34
73
50
57
64
6
23
61
55
95
58
11
43
50
45
71
2
5
7
20
52
30
42
25
19
26
24
51
98
58
37
32
32
88
42
48
94
17
10
1
65
20
65
8
23
10
79
77
15
39
97
67
21
39
44
93
17
68
44
15
27
82
0
11
70
94
59
16
11
21
69
76
42
34
37
65
44
68
42
11
59
91
78
81
30
23
74
47
43
70
14
22
52
66
33
74
60
93
42
24
14
64
52
8
50
89
73
47
10
67
58
69
58
37
50
40
12
76
39
55
99
6
78
51
72
63
78
85
56
72
9
23
36
13
31
39
3
5
86
13
24
44
34
83
33
85
75
97
13
15
5
12
21
35
16
45
98
46
30
55
18
91
30
7
5
61
46
60
66
32
25
43
28
59
78
62
96
53
11
62
20
16
74
93
51
42
39
2
88
21
9
59
13
39
66
70
0
12
30
19
44
7
62
24
18
40
38
15
93
50
77
14
