793
24
73
51
38
0
2
68
19
60
32
85
50
44
78
96
0
53
84
0
83
65
1
92
25
25
38
27
86
70
68
82
46
41
85
36
42
87
57
13
99
89
98
50
33
28
98
85
81
82
38
65
48
39
9
25
16
47
4
3
69
72
85
15
14
22
52
8
9
9
21
9
50
72
59
35
0
57
20
82
92
58
99
40
49
8
17
66
7
21
69
77
46
6
92
60
80
96
20
89
57
41
50
7
65
9
42
66
19
63
0
11
73
99
3
23
59
20
89
18
93
10
95
39
68
40
51
48
36
71
89
94
65
40
53
30
1
96
96
20
11
48
83
84
99
86
59
58
58
0
77
4
62
24
95
82
64
47
82
53
70
72
47
35
64
52
66
65
48
14
38
11
15
21
96
14
60
7
25
70
8
54
26
22
78
22
5
95
69
87
48
39
11
47
27
75
99
93
93
0
59
31
11
74
4
59
41
16
67
66
87
27
20
13
49
98
87
54
93
56
94
93
48
5
40
75
33
92
20
26
92
31
57
3
58
13
63
99
30
30
65
17
9
85
82
58
35
70
65
81
78
59
74
78
16
67
5
49
59
25
27
3
9
84
6
67
50
21
18
80
3
83
49
12
20
31
71
55
53
88
88
84
47
15
62
15
82
68
65
93
45
92
48
54
29
6
73
79
28
91
11
83
26
60
96
46
43
19
54
97
7
94
81
6
9
95
21
43
63
38
88
9
83
36
15
12
43
41
43
23
84
54
6
11
66
54
9
9
25
15
6
32
10
39
90
71
35
12
15
98
2
55
59
85
92
27
97
87
68
92
62
4
98
20
15
64
75
77
26
0
44
32
85
54
24
75
78
59
39
45
9
42
0
21
27
44
48
77
31
68
21
45
72
20
66
40
36
41
69
62
93
13
47
78
20
71
6
98
82
45
43
43
39
43
64
67
88
64
96
71
84
17
17
57
89
35
49
26
76
18
40
21
31
87
52
51
10
58
1
44
55
96
88
95
40
52
14
80
17
10
3
1
27
72
10
17
7
11
95
83
29
35
57
13
75
9
64
37
67
18
82
22
14
70
69
6
22
83
38
91
93
42
45
21
14
7
90
22
19
85
57
48
72
14
61
47
23
78
37
42
48
19
17
62
89
86
21
63
70
59
7
15
1
4
36
68
11
78
90
82
63
99
83
36
14
96
35
89
26
72
84
74
43
1
89
84
87
10
48
9
69
7
25
71
63
13
91
26
92
81
9
7
80
92
95
46
88
31
88
67
55
72
41
99
73
30
83
12
40
83
74
62
42
51
85
5
64
76
32
8
9
41
68
41
85
63
88
25
46
28
92
2
0
34
53
25
16
36
37
9
72
63
71
14
14
8
20
31
84
52
39
93
45
59
34
30
23
74
7
21
2
0
23
54
34
76
79
2
65
69
11
89
32
34
3
47
42
75
78
26
79
69
71
24
81
6
6
4
32
14
25
87
14
1
41
0
29
73
54
46
42
66
35
26
0
39
25
43
14
55
21
46
77
93
70
58
51
29
62
35
95
39
22
61
92
64
13
22
37
67
20
31
33
56
9
86
47
35
81
13
90
54
59
67
47
82
25
50
11
39
38
58
31
60
19
23
76
32
97
65
99
18
48
85
74
58
23
21
93
4
34
83
10
46
3
10
28
80
60
39
20
98
97
3
11
68
26
87
0
76
5
51
94
53
88
20
11
11
93
4
67
79
40
78
25
43
88
53
75
0
44
47
51
93
50
62
61
29
1
13
5
6
17
51
60
5
71
71
69
16
28
88
95
68
