698
58
96
46
50
88
14
16
92
17
93
2
90
53
4
15
92
92
18
41
30
40
35
72
78
56
17
56
39
46
86
99
5
34
45
7
22
59
24
67
28
69
21
18
74
25
85
66
69
3
7
99
44
43
23
74
99
92
30
90
38
69
89
95
3
34
3
78
45
79
97
25
48
18
43
74
95
80
41
64
35
0
15
79
95
90
53
46
82
36
36
72
5
25
68
8
11
71
38
8
50
35
33
50
5
28
24
0
8
17
64
44
18
31
75
13
21
81
12
55
17
48
28
22
26
96
82
37
19
21
46
21
8
31
23
14
60
99
14
20
17
31
64
87
14
92
52
36
73
64
43
42
13
71
64
39
19
46
28
90
19
26
11
80
58
34
46
18
86
12
38
3
43
55
42
58
47
94
46
72
11
89
14
76
13
78
67
32
76
95
23
48
74
86
80
32
73
26
2
59
38
92
62
34
47
56
44
46
2
42
18
13
31
84
89
96
62
8
81
91
56
4
91
30
42
23
62
15
49
64
74
39
8
88
73
56
44
69
54
47
11
73
12
95
57
54
43
72
62
24
15
18
80
58
48
23
81
62
38
30
78
65
21
87
5
47
43
2
16
49
49
80
22
13
27
32
67
70
56
82
95
71
0
75
29
1
98
10
15
89
92
94
54
13
81
59
12
76
61
29
25
62
61
0
28
88
84
47
58
40
29
53
63
82
29
92
35
27
54
50
68
98
44
22
63
77
34
76
53
47
57
31
62
18
31
90
6
15
37
64
7
19
18
70
1
99
14
36
78
20
38
47
18
83
21
33
60
55
9
66
55
18
49
17
36
32
59
94
47
48
11
6
67
29
76
20
80
90
8
58
10
47
5
80
30
79
13
42
34
75
60
89
93
9
58
82
41
17
76
40
18
87
46
85
68
74
58
0
64
66
59
26
13
16
6
95
95
20
90
82
95
50
23
40
12
82
22
5
51
51
98
21
90
44
7
11
71
65
11
35
83
22
62
97
39
20
44
86
40
34
68
87
37
44
80
1
26
54
6
29
5
4
51
48
1
10
59
72
27
22
59
10
45
73
59
84
94
4
22
86
38
43
26
27
87
6
28
13
60
35
94
18
91
97
18
44
59
77
16
86
51
28
49
96
1
8
32
47
64
55
34
55
98
12
82
85
18
11
50
30
98
96
48
41
46
18
86
5
95
2
44
47
82
93
95
84
53
28
83
18
35
69
73
33
81
7
70
51
18
20
82
68
68
82
10
14
1
96
20
48
50
16
47
85
9
43
69
14
71
4
84
6
74
57
91
55
65
61
7
35
33
41
56
53
23
18
68
24
66
40
25
68
56
72
53
17
15
74
31
38
79
16
96
53
25
87
60
42
0
19
30
85
60
86
39
84
56
7
60
22
99
85
90
55
10
44
24
25
18
55
16
49
23
12
54
49
52
15
91
52
86
73
38
47
59
77
83
15
36
95
89
87
33
80
42
43
76
66
20
46
73
36
96
97
1
2
98
53
17
41
5
56
15
95
3
26
24
38
94
60
33
83
47
18
15
41
61
91
59
82
90
33
70
38
82
71
40
80
24
