357
97
29
36
56
18
61
37
96
65
60
75
93
57
66
40
7
94
45
21
86
17
96
96
37
27
96
8
45
35
48
27
84
77
15
40
47
77
29
95
94
89
70
88
46
89
80
6
83
25
27
69
94
75
17
31
2
65
40
99
0
40
27
36
70
42
76
69
71
57
65
18
46
87
6
45
76
86
51
59
63
78
80
57
54
49
88
8
14
80
8
66
73
35
54
43
29
82
12
53
39
29
71
86
17
29
83
93
15
34
5
30
64
37
87
18
87
27
79
53
8
87
72
81
74
26
76
55
9
40
8
0
70
31
86
87
60
21
32
27
55
89
57
20
27
44
90
66
24
69
71
84
8
95
65
82
74
93
38
35
33
98
35
3
30
74
42
42
95
27
70
51
16
79
23
95
76
65
13
0
87
85
84
95
32
1
78
6
94
16
41
79
66
77
83
96
51
77
39
46
4
61
49
21
92
24
68
68
90
82
20
29
19
56
24
51
57
2
58
3
70
99
35
37
76
18
85
79
47
76
78
52
37
27
25
82
4
93
50
46
27
23
75
46
79
99
50
89
54
8
44
24
59
79
13
88
97
99
67
45
27
45
49
17
25
74
99
29
67
1
27
47
24
2
93
4
1
43
93
55
3
37
32
63
69
97
51
18
48
70
15
76
16
64
93
93
38
92
74
58
93
1
5
18
3
50
74
56
46
19
64
49
8
48
12
77
45
15
96
94
86
11
70
54
76
15
47
66
7
73
76
52
74
81
22
29
84
48
85
30
67
49
79
76
49
44
5
95
11
1
89
97
65
11
51
41
78
50
