271
27
2
68
47
50
6
82
80
30
9
44
38
3
56
82
40
77
3
47
28
14
82
71
16
48
82
39
25
43
80
38
70
82
6
70
84
64
52
65
47
62
61
85
17
17
67
58
94
70
57
74
84
39
46
0
39
80
39
64
23
20
2
45
54
60
67
39
25
20
56
24
34
17
9
51
86
29
61
33
99
18
7
36
10
5
88
49
85
28
14
60
0
68
58
6
29
25
97
6
97
53
82
83
22
91
87
9
72
48
94
24
67
1
60
77
59
48
26
96
28
92
9
80
13
19
87
94
44
84
0
94
90
34
77
64
25
16
73
50
65
67
74
84
21
34
13
32
34
91
28
63
36
89
95
49
8
82
43
5
19
95
99
9
29
28
73
6
45
99
56
62
18
30
46
91
64
11
23
51
2
4
14
38
93
9
87
54
44
82
59
63
77
10
24
6
38
49
13
35
48
69
49
19
52
95
10
16
58
86
67
61
90
33
51
35
95
39
41
91
73
0
54
51
10
78
57
1
79
22
88
28
92
38
47
96
85
9
12
44
95
32
57
37
17
8
25
64
99
66
55
73
19
9
24
29
39
33
82
19
56
71
99
0
61
98
96
46
59
60
42
7
