197
38
38
97
81
59
83
54
74
71
79
37
73
88
46
69
36
47
82
34
19
84
65
69
10
70
88
51
29
36
91
92
27
81
89
8
41
25
62
67
48
93
56
73
81
3
42
70
2
24
4
73
61
21
42
23
91
30
74
72
67
17
64
94
99
6
54
92
83
68
11
83
13
68
57
95
71
99
65
73
76
21
46
37
43
40
60
86
71
35
59
90
4
23
84
3
81
90
47
16
10
59
0
23
27
57
70
50
8
35
75
84
57
73
21
0
13
34
86
84
21
97
74
25
21
10
81
54
52
28
71
62
39
23
38
66
80
8
16
40
96
91
77
5
64
98
57
78
32
43
14
5
93
89
31
14
51
12
20
4
92
43
18
32
66
56
50
98
17
67
39
13
10
16
18
27
66
75
57
51
70
23
56
63
12
39
29
16
51
2
20
44
45
38
28
12
47
78
