658
8
16
88
17
40
18
34
33
72
98
88
78
48
93
93
75
19
94
76
29
86
34
85
20
98
58
44
34
75
12
70
35
28
10
53
21
29
39
6
53
38
94
84
38
40
29
65
11
23
41
40
61
76
26
81
26
84
26
61
12
38
83
47
18
94
52
91
75
92
97
28
82
92
64
20
84
93
37
95
16
31
35
78
7
61
11
85
98
89
46
10
79
82
9
98
76
14
41
51
58
39
31
40
83
96
12
67
41
49
62
58
80
49
88
39
63
99
77
61
41
75
23
20
57
32
70
33
46
12
36
4
3
20
96
86
68
60
5
9
62
19
19
94
68
7
34
83
59
63
44
0
38
67
20
96
52
91
81
50
55
70
7
58
90
3
96
10
16
1
19
78
20
91
72
40
50
58
24
9
21
20
61
60
40
34
8
92
77
41
42
32
11
49
42
53
5
38
63
21
39
35
51
11
26
23
3
28
82
79
90
55
52
51
67
92
37
27
84
14
69
78
98
80
80
40
34
85
78
49
58
69
84
9
32
62
84
88
91
66
67
81
74
19
84
93
63
22
21
47
88
90
78
87
70
58
79
56
43
58
58
53
79
42
62
64
57
46
52
0
65
19
33
91
91
69
84
54
91
5
54
80
47
32
19
70
90
98
26
85
8
84
38
40
79
52
4
88
50
56
88
67
27
73
58
18
42
95
25
86
0
79
66
0
11
37
70
53
87
48
38
96
33
28
36
64
80
40
4
82
48
92
50
75
17
8
46
59
3
71
45
56
2
63
56
65
52
26
18
40
26
8
36
11
36
24
75
68
16
79
50
64
23
0
39
92
9
37
52
64
8
49
20
10
65
28
27
17
6
45
57
33
53
93
44
41
17
72
61
85
3
12
49
27
12
41
71
73
78
23
90
39
25
62
1
90
91
29
7
49
26
65
82
80
58
79
73
28
51
35
13
6
99
15
85
63
56
57
89
86
80
79
25
57
41
27
47
84
56
55
86
82
20
20
14
30
99
40
10
2
75
76
9
26
91
46
89
99
3
78
85
36
57
11
93
51
38
41
87
46
48
73
80
68
94
95
50
45
87
13
0
62
89
61
88
80
7
29
79
11
8
64
47
65
27
92
68
65
33
56
63
33
81
44
1
27
39
4
25
26
17
25
40
58
86
80
38
45
9
69
56
69
85
55
87
13
48
55
30
33
63
94
67
97
38
20
24
29
76
1
7
45
26
99
3
64
31
93
10
92
14
18
62
0
74
49
65
74
4
47
59
20
41
78
17
31
99
93
12
27
95
19
73
21
70
76
38
1
22
48
94
36
66
56
36
92
5
53
18
61
1
78
81
94
56
50
26
7
44
90
87
39
10
60
12
80
88
50
34
10
50
28
99
69
84
35
61
41
41
32
2
42
10
36
36
18
86
14
78
30
5
17
21
67
77
34
99
17
36
33
80
87
61
79
8
97
66
21
38
7
53
93
1
15
29
90
86
15
56
