857
37
16
23
0
0
91
67
10
50
51
60
84
40
90
73
13
21
65
38
9
82
89
64
57
78
38
30
55
84
50
79
21
18
54
73
18
46
41
80
48
92
41
85
32
83
10
98
4
75
88
13
9
77
29
67
56
67
97
63
3
99
42
24
18
49
98
88
95
91
69
43
83
10
28
68
45
38
66
49
65
6
15
75
84
96
94
92
16
43
55
19
42
50
44
12
99
94
1
46
85
70
41
68
32
22
88
77
60
54
78
78
13
93
5
97
90
99
41
58
94
48
77
36
98
21
1
49
67
2
47
52
72
89
73
56
11
61
85
23
68
63
53
33
57
58
30
99
9
23
57
3
71
34
92
22
8
93
71
27
47
19
80
71
60
5
27
71
18
12
46
38
75
0
71
84
58
53
35
20
76
92
75
0
79
67
22
39
12
45
66
59
64
98
30
76
55
9
47
26
21
94
64
49
46
88
85
56
93
21
76
70
13
52
22
44
71
44
83
36
89
50
95
6
0
78
82
56
87
82
82
61
28
98
62
74
86
47
30
32
68
59
54
34
11
76
78
34
20
62
70
61
64
18
67
16
96
50
72
35
32
6
96
60
5
10
86
43
58
16
75
78
75
29
12
38
5
43
73
77
57
95
39
21
13
6
89
61
8
62
97
92
20
45
52
25
56
38
21
66
7
96
44
82
78
9
73
35
52
98
65
9
93
4
82
59
62
23
20
23
85
17
15
6
63
68
83
71
58
4
89
17
53
33
52
83
94
25
18
98
23
35
59
68
39
93
27
54
17
48
77
2
17
92
60
32
12
96
3
23
52
92
40
57
78
92
40
24
17
11
23
92
46
82
61
38
76
40
92
93
88
21
47
58
13
60
90
78
56
94
1
8
38
93
66
68
86
58
93
55
69
16
48
68
50
61
6
78
1
50
71
42
71
71
0
36
31
90
14
39
36
67
99
27
61
17
95
99
76
88
54
97
56
54
65
59
67
23
37
69
73
9
63
96
32
15
33
15
57
99
54
94
67
5
73
80
23
68
79
51
9
33
0
65
40
18
76
7
41
14
28
67
75
91
15
7
6
48
22
16
0
28
62
19
33
35
99
56
3
30
59
64
63
60
82
3
78
58
63
19
72
91
38
47
83
54
54
41
54
28
57
54
56
19
25
90
54
24
98
10
54
58
74
70
18
56
25
48
15
88
19
39
80
58
87
15
12
93
8
18
22
66
73
78
37
50
20
44
75
19
6
81
29
80
3
99
89
29
47
56
69
66
95
1
76
34
16
88
28
25
59
50
43
84
80
32
34
53
76
9
24
82
43
53
15
46
52
4
27
51
12
49
17
7
50
94
42
19
34
22
96
93
24
91
29
56
23
64
9
0
25
33
34
68
38
49
67
42
5
46
93
17
95
63
77
98
9
71
17
95
45
65
41
69
56
70
25
79
34
35
31
60
20
66
80
59
67
47
53
73
46
47
42
41
62
19
91
71
42
8
18
87
25
59
56
81
30
34
61
16
69
44
76
41
10
9
52
78
56
6
51
2
53
45
96
67
17
87
38
59
48
8
99
73
68
7
7
50
41
20
66
62
64
95
4
75
4
8
5
12
14
8
67
19
53
63
86
70
2
76
82
50
85
81
76
5
40
35
55
82
55
73
44
19
20
0
46
76
9
51
41
75
11
8
95
65
23
33
87
77
10
69
28
47
2
56
52
43
91
59
25
98
84
21
17
57
74
16
33
35
19
26
10
31
34
57
96
9
91
83
87
53
5
67
0
7
75
4
50
18
63
27
16
47
1
33
4
75
1
90
62
21
16
24
52
3
82
0
12
25
35
51
78
40
70
30
0
45
34
2
63
97
30
79
96
83
65
53
58
66
95
72
87
11
96
91
66
78
91
31
3
27
82
33
67
53
63
19
50
97
22
14
46
52
45
95
87
10
