516
79
63
57
83
60
42
43
2
87
18
88
49
14
33
72
68
14
20
87
86
50
57
34
15
78
23
62
50
75
77
53
6
41
10
89
1
52
85
56
92
3
44
41
69
29
65
37
43
37
77
29
88
34
15
3
64
90
66
14
18
43
67
24
36
30
66
90
34
51
46
26
6
42
20
76
72
37
13
15
75
42
97
15
76
64
18
93
55
36
7
73
80
27
97
68
57
15
58
43
66
4
22
25
47
42
1
71
79
66
38
6
9
35
21
37
52
40
30
7
28
90
32
60
17
81
29
26
97
87
21
15
44
43
40
43
85
41
14
17
60
52
75
69
40
97
58
44
89
89
3
17
79
35
78
48
68
59
74
65
46
95
81
42
91
21
85
28
15
51
97
75
56
73
96
48
70
54
92
11
95
95
28
74
30
58
22
98
17
48
16
16
96
49
58
39
70
44
67
37
47
65
64
3
38
12
51
60
67
43
71
62
38
51
89
20
10
63
71
79
64
39
95
12
88
6
51
10
2
18
48
49
83
64
53
73
77
4
33
96
0
4
58
90
56
99
11
18
15
34
97
79
25
45
91
13
51
94
23
53
12
23
54
48
88
7
73
17
64
7
13
64
63
23
54
19
23
17
89
90
3
39
69
28
84
12
41
87
58
17
92
22
92
46
22
32
54
96
49
70
55
62
34
18
86
40
90
61
58
79
51
13
18
72
42
2
36
35
41
94
52
33
16
97
80
91
29
86
87
79
56
42
41
42
60
79
82
50
92
92
82
95
6
0
19
0
55
55
35
96
1
40
30
70
37
62
61
66
48
48
45
56
42
39
98
54
70
32
5
15
25
87
10
83
39
82
83
94
37
18
43
91
10
25
61
47
87
74
66
87
74
63
95
16
54
93
70
25
25
27
92
2
66
2
85
6
84
68
52
74
39
47
17
49
72
78
49
11
4
15
50
30
30
45
46
85
90
68
10
68
48
2
70
66
56
56
24
93
76
77
19
67
24
36
17
49
66
18
60
70
85
63
0
15
8
98
0
51
18
62
19
66
16
89
33
73
97
57
18
26
86
37
93
63
73
62
12
39
80
24
61
17
39
61
33
0
11
85
51
29
48
70
48
16
11
33
41
61
42
59
87
29
48
80
44
21
95
8
12
27
32
25
45
24
86
30
24
