579
60
71
20
90
59
76
35
53
37
8
18
20
69
51
51
27
19
66
44
20
34
65
99
30
45
73
81
3
95
74
18
8
46
38
98
5
67
85
58
56
45
77
76
66
28
79
93
99
46
90
71
32
55
22
62
52
96
95
7
91
69
25
51
67
16
49
73
83
34
83
91
79
60
20
45
41
99
91
92
97
81
64
81
88
86
95
92
82
90
99
26
12
25
77
79
93
27
52
28
13
36
19
45
48
39
42
89
91
33
82
88
66
98
22
54
84
17
98
19
8
98
45
72
75
74
51
68
1
56
96
67
44
67
12
92
59
54
34
50
40
68
90
6
66
12
13
2
30
11
21
90
9
18
62
36
93
13
4
46
21
52
13
65
20
25
58
79
32
44
81
72
12
71
30
30
36
43
84
18
55
6
8
16
76
22
53
69
35
9
68
9
62
81
74
34
59
84
65
91
28
46
15
92
69
45
74
5
89
59
23
96
17
83
64
93
5
69
15
93
79
83
2
93
16
76
27
75
61
92
18
41
90
33
86
59
31
60
65
72
19
40
20
36
24
84
30
29
6
45
22
85
80
76
30
96
53
57
72
66
1
42
59
91
28
45
2
59
6
19
31
25
60
51
62
36
87
44
17
93
41
92
30
21
68
60
69
73
69
41
39
22
36
99
65
64
96
68
23
2
87
6
80
99
9
94
87
96
38
5
42
31
97
72
52
17
85
21
91
54
15
30
77
3
81
94
67
78
62
42
32
2
48
12
53
9
6
41
5
96
98
47
27
95
72
31
64
57
5
55
11
20
38
40
75
71
35
42
1
49
84
34
3
84
98
57
93
57
50
50
53
48
50
81
95
22
64
59
79
69
67
42
41
5
35
16
76
22
58
78
23
94
64
79
30
62
36
23
19
38
26
25
38
76
58
33
50
22
44
81
92
11
23
33
68
10
50
97
84
60
27
60
55
91
39
37
5
27
13
25
65
39
2
3
67
60
88
17
82
32
98
74
96
73
60
16
84
10
13
20
22
40
80
29
83
19
67
89
46
80
66
63
19
68
66
86
80
54
3
62
39
53
89
87
26
49
3
62
11
69
83
33
9
15
15
45
87
82
86
33
62
52
97
33
72
15
71
52
22
26
66
13
79
55
0
5
56
55
20
19
24
3
5
86
70
20
31
57
2
17
43
16
21
92
49
45
7
20
97
81
46
15
94
25
71
94
82
79
50
2
99
74
57
4
12
80
24
43
37
78
12
80
94
33
24
43
78
32
63
27
65
61
43
60
38
66
54
20
45
56
75
44
31
84
48
43
64
24
39
54
