177
58
33
64
27
83
93
95
74
21
6
98
80
31
67
31
92
63
97
91
97
87
21
0
70
52
56
7
80
40
13
37
50
46
1
29
81
94
24
56
67
83
6
99
14
73
31
6
36
28
98
85
67
71
37
89
24
94
96
56
34
9
93
36
8
46
65
41
93
90
49
12
73
55
12
87
80
43
45
69
23
95
54
42
67
92
32
43
38
28
99
24
90
45
60
50
91
25
91
36
67
93
49
40
0
61
79
81
56
77
50
31
72
56
73
39
48
57
82
86
86
34
10
28
79
22
78
22
48
69
59
15
14
60
8
15
21
87
96
77
16
98
60
89
54
33
80
55
43
15
41
29
49
4
57
80
26
87
54
26
56
65
42
71
25
50
38
46
89
34
75
6
84
87
47
38
73
27
