519
21
53
1
98
14
18
75
82
72
4
88
68
48
6
9
66
95
95
64
36
4
15
26
24
61
7
26
56
35
32
91
56
85
92
54
51
63
81
33
35
38
73
55
86
31
16
4
26
63
68
14
68
35
40
44
97
99
70
5
34
2
96
42
39
41
48
90
4
30
23
39
20
48
46
6
79
63
62
58
26
82
72
46
17
65
43
66
64
13
72
51
68
20
93
7
61
42
98
65
24
73
56
44
22
55
2
1
18
64
59
96
98
84
95
15
1
38
34
65
51
58
16
19
78
62
27
40
56
77
57
32
50
14
76
24
21
30
26
39
46
37
87
44
73
82
11
74
20
45
92
24
3
60
43
34
22
22
74
78
51
83
62
2
49
38
26
70
20
4
61
18
94
49
62
67
31
26
42
4
71
86
28
27
46
23
61
69
98
87
99
1
70
62
3
72
52
82
42
25
38
4
43
32
5
58
52
36
84
94
92
7
32
72
86
78
48
47
99
98
34
99
99
57
13
55
29
17
37
23
42
75
27
38
60
32
96
12
21
32
58
65
91
90
38
78
68
38
25
68
36
12
19
35
21
84
90
2
1
79
25
96
7
5
34
67
89
82
31
62
66
89
28
57
31
18
35
99
8
13
19
44
25
90
31
98
74
22
0
76
53
77
72
60
82
58
79
24
92
62
86
58
51
66
15
34
36
51
86
44
16
5
88
41
96
20
91
70
94
43
98
99
20
22
12
55
80
91
79
72
6
17
82
9
84
98
44
20
1
30
65
17
35
5
10
83
77
1
6
71
44
4
23
16
27
35
71
59
78
2
84
84
20
66
94
56
64
38
76
17
20
93
34
7
99
44
91
28
97
97
52
93
53
75
10
32
10
33
92
88
36
76
25
8
94
19
64
59
9
92
28
81
38
63
88
89
59
79
17
57
28
69
2
34
44
12
66
6
98
10
95
86
38
72
94
33
43
10
44
4
54
72
85
92
87
73
33
47
5
51
56
85
72
58
19
17
71
38
23
21
0
70
7
39
94
53
72
37
63
68
41
69
40
26
14
28
52
47
27
57
50
83
94
23
41
66
92
64
4
15
85
4
38
92
95
32
45
67
22
60
35
63
82
28
42
96
8
94
95
35
3
46
18
97
21
59
63
13
76
67
80
61
24
70
6
19
3
51
39
77
