342
67
14
72
26
99
80
26
76
35
38
25
27
3
1
58
42
22
77
21
27
68
40
1
84
65
4
4
91
50
37
26
17
51
50
44
50
82
22
27
69
12
4
48
15
5
6
9
79
35
30
6
3
71
59
40
88
63
96
80
14
33
58
83
84
60
27
35
95
49
14
16
61
18
65
28
75
23
38
54
59
68
12
14
39
72
6
80
87
2
60
1
35
70
85
72
82
64
59
77
66
73
94
79
43
11
8
70
34
46
76
45
14
88
60
6
60
18
86
48
73
98
1
60
20
38
32
2
3
91
80
69
16
26
48
59
37
56
81
71
54
57
17
21
46
29
27
58
99
65
58
72
15
60
33
35
98
65
37
53
9
69
74
25
95
23
37
84
31
18
56
38
76
25
59
74
6
38
32
57
3
43
30
70
3
15
5
53
32
94
59
41
64
33
19
11
8
56
96
92
26
4
30
2
81
89
76
39
27
61
96
82
4
78
52
59
45
9
64
78
3
23
71
19
9
90
31
17
98
79
9
25
83
39
79
16
80
8
55
7
69
3
41
25
82
93
84
79
54
0
9
58
24
81
29
85
23
60
2
74
91
64
51
74
3
30
42
84
38
97
43
59
1
85
84
35
30
68
66
37
21
76
47
97
9
76
82
84
89
84
58
80
48
61
7
4
92
49
40
30
47
35
90
0
72
26
87
55
47
5
92
68
81
39
65
42
15
47
27
56
83
37
37
84
99
96
40
43
45
80
25
44
67
67
96
40
94
35
95
41
41
39
9
