333
20
28
70
34
2
49
34
55
49
30
7
96
28
22
26
22
60
58
36
0
79
0
24
27
16
27
17
19
92
67
2
13
47
25
47
50
26
33
57
75
63
65
23
44
39
49
66
51
7
2
52
39
54
76
66
22
3
35
42
48
2
96
13
2
73
12
52
99
45
61
27
61
78
50
5
17
0
23
69
59
78
73
98
32
49
64
55
5
51
49
5
6
45
18
8
19
30
12
70
27
73
97
88
4
48
45
21
0
21
42
59
99
15
58
31
17
74
38
22
26
39
79
32
37
97
40
8
79
4
78
6
77
76
47
33
76
44
55
76
65
49
87
64
17
45
48
34
72
38
8
98
78
87
82
15
36
74
23
15
78
1
73
7
29
20
41
57
65
48
33
82
49
21
47
66
18
47
0
90
85
60
40
63
47
74
78
83
0
1
50
30
55
24
38
36
44
31
94
61
31
27
96
80
0
95
47
71
42
99
13
27
60
54
43
59
80
21
43
81
75
93
11
30
17
1
18
14
84
12
27
15
92
23
96
92
70
95
15
12
94
29
92
6
35
35
66
15
56
9
48
83
54
12
65
24
13
84
90
98
96
69
65
88
45
13
33
15
8
48
28
55
29
20
61
64
7
79
32
63
40
80
99
95
92
64
71
58
48
61
8
45
30
73
85
75
87
18
43
47
19
71
54
48
43
68
65
50
47
97
65
88
29
64
35
74
29
58
32
29
19
40
26
1
13
12
29
52
82
72
52
53
95
6
