979
84
34
55
90
41
73
76
84
0
12
54
23
10
49
96
88
30
57
48
26
13
86
7
6
9
73
12
58
66
97
97
50
84
5
93
25
30
69
10
30
81
16
5
92
17
1
32
47
58
80
73
23
18
33
29
27
58
93
85
25
42
35
27
26
40
20
52
22
89
14
52
23
82
57
15
99
58
47
98
68
79
23
91
49
8
72
76
67
17
14
92
11
49
19
38
41
40
42
63
81
8
67
4
90
24
71
41
34
70
91
54
1
14
97
50
23
21
79
42
38
93
34
49
94
5
39
35
97
81
50
79
41
17
35
83
41
7
24
27
29
15
81
31
82
78
33
57
99
12
99
89
5
85
38
99
90
30
86
88
63
88
19
5
5
6
88
98
65
65
25
95
80
58
78
14
36
11
71
87
76
70
76
33
55
67
85
98
97
71
86
60
60
57
17
17
63
58
16
29
23
93
76
3
52
54
70
40
17
41
28
93
12
4
79
19
71
64
17
68
35
55
81
47
64
50
17
80
8
33
9
31
78
37
87
30
91
57
71
60
98
99
6
62
55
85
34
27
49
51
47
36
59
80
36
75
31
53
55
39
38
64
23
16
1
62
47
44
19
70
57
69
21
63
84
76
0
18
55
1
21
3
37
80
35
25
8
66
78
63
58
16
28
81
33
81
95
32
78
14
54
35
35
75
50
19
3
2
37
11
3
11
66
92
91
1
70
99
68
48
15
78
17
43
11
2
76
6
86
6
72
40
41
7
67
43
27
22
97
16
33
52
27
99
97
71
53
67
22
73
15
37
51
84
32
14
86
9
20
24
15
92
16
9
51
83
4
30
58
54
47
43
6
26
43
3
97
48
70
72
21
38
9
72
22
94
86
61
3
58
85
70
2
2
31
53
37
88
84
47
42
83
91
48
9
86
4
59
34
74
31
55
12
92
79
87
38
17
0
93
75
37
64
29
91
47
34
29
35
70
76
29
53
19
78
15
5
82
26
39
8
9
94
73
53
73
60
92
42
60
85
69
49
49
98
41
49
33
22
36
3
50
66
9
70
96
24
75
78
2
15
38
11
61
11
64
87
23
56
29
83
94
99
85
43
97
26
44
82
48
81
38
98
47
47
68
43
23
44
73
25
11
63
88
72
75
52
59
98
61
89
34
55
40
19
50
89
45
47
72
45
28
10
95
27
57
64
22
32
60
47
9
71
10
97
95
37
1
55
36
14
96
70
69
88
41
72
77
38
71
49
83
99
11
78
78
20
94
52
52
6
51
61
29
61
10
25
99
12
32
87
26
80
9
48
68
50
72
45
88
43
47
23
94
58
53
72
31
0
76
83
6
27
97
36
40
7
61
91
19
45
78
98
25
87
46
45
89
18
90
29
61
89
4
7
0
58
31
31
58
7
66
16
34
15
52
26
75
65
18
94
10
48
44
87
88
90
32
77
60
75
59
73
16
63
80
16
73
11
99
83
18
66
0
4
33
52
83
8
70
1
55
32
1
99
20
89
42
4
19
2
31
78
28
48
93
8
64
67
72
64
2
42
82
2
99
15
7
82
24
77
35
79
9
36
30
81
26
72
86
97
27
69
75
55
17
20
15
34
87
87
50
90
30
32
44
81
99
51
63
75
80
98
6
42
86
37
23
64
9
61
61
36
31
88
43
0
9
59
34
48
46
84
90
28
68
35
9
20
38
24
95
19
74
2
61
61
91
36
77
0
50
39
89
33
27
32
33
88
43
68
37
90
4
27
70
73
62
32
93
1
56
40
72
31
94
85
44
85
21
21
38
23
60
79
56
40
63
90
28
7
10
17
49
14
45
19
39
59
51
84
12
8
25
84
91
71
69
35
57
43
56
47
66
69
26
23
61
89
65
41
96
75
59
45
41
56
17
81
15
68
65
80
28
42
64
71
14
86
58
23
29
15
70
47
36
48
22
49
37
87
90
34
14
1
31
56
57
48
89
25
69
54
5
49
49
21
21
15
7
79
90
88
46
60
36
34
8
58
83
97
46
26
83
60
27
15
68
37
15
57
62
36
64
19
86
13
40
59
80
0
90
70
88
89
82
24
75
42
83
59
39
81
85
23
93
64
90
62
1
57
19
15
94
83
34
32
48
27
43
28
27
85
50
15
74
32
92
50
74
75
61
66
8
98
89
1
62
31
63
16
88
35
31
34
70
18
18
71
45
61
51
24
47
2
39
73
34
83
75
