773
7
27
33
37
31
41
27
91
71
82
99
35
20
91
41
23
87
87
13
22
80
65
71
55
56
94
15
22
80
54
33
39
81
66
76
64
60
56
55
83
38
54
18
58
97
11
33
36
51
47
59
31
12
82
38
20
76
54
43
56
8
28
95
41
47
72
5
59
28
12
42
18
18
12
28
67
23
61
3
74
8
62
58
72
45
48
93
21
2
88
78
62
16
25
55
15
97
60
74
77
24
16
95
42
80
23
9
4
37
13
30
45
27
40
18
72
89
63
46
43
51
76
58
67
1
13
35
51
26
9
28
50
78
76
45
58
51
54
14
88
19
45
86
47
37
4
71
26
19
69
70
70
45
28
89
99
41
24
50
67
34
30
70
12
6
15
22
10
21
37
98
41
34
84
40
71
40
63
98
59
33
68
81
30
48
71
29
89
47
79
9
81
10
31
45
68
46
68
78
19
57
29
60
91
65
52
14
58
68
12
69
1
32
51
83
80
74
13
22
21
92
31
55
54
14
52
75
60
72
5
79
29
34
92
72
52
96
87
10
64
51
79
17
84
82
1
16
56
14
38
30
58
21
37
65
35
89
40
47
62
45
79
43
32
71
16
84
19
55
46
36
58
77
53
42
12
6
11
68
72
1
50
31
23
87
48
10
77
40
58
91
85
89
34
69
12
2
5
31
9
51
67
68
81
73
62
93
79
73
13
52
75
64
35
50
3
83
12
32
23
22
23
60
11
10
82
23
64
87
7
26
91
26
94
72
99
8
17
79
34
30
83
61
46
18
11
50
53
75
82
28
98
58
40
61
20
22
85
84
10
44
10
53
70
56
77
70
17
94
1
51
24
36
12
23
6
75
73
59
50
7
39
0
65
79
62
85
2
99
22
64
43
84
17
13
93
94
35
10
88
36
61
64
24
73
87
30
48
12
89
50
20
80
51
37
60
13
23
14
64
97
78
7
81
47
72
74
41
8
84
81
96
45
97
21
70
85
51
70
49
93
21
69
25
24
7
85
89
82
99
53
31
29
12
12
76
84
39
17
44
23
50
93
21
48
14
43
85
17
14
34
62
87
56
88
11
63
25
0
97
77
53
28
6
65
92
83
1
31
52
46
7
3
39
80
3
5
23
88
74
89
74
89
76
30
29
87
45
54
87
42
83
92
22
90
9
67
73
11
98
77
9
57
80
0
37
83
57
13
23
31
54
98
72
31
28
1
18
74
8
58
68
91
2
43
33
12
10
58
23
60
36
32
18
68
84
7
4
41
72
27
72
27
77
97
58
6
98
28
32
58
38
52
2
41
95
35
53
57
94
28
18
82
12
36
50
96
95
54
37
20
34
61
47
11
58
57
69
9
85
1
19
76
6
21
17
53
9
22
11
55
50
29
37
14
17
87
10
12
94
47
32
28
60
31
39
19
88
9
80
26
62
99
54
20
21
71
74
82
45
85
37
47
14
74
61
31
13
23
95
7
22
80
35
82
63
27
53
4
36
33
30
50
33
84
71
6
7
45
88
4
30
77
51
96
51
64
79
64
87
26
72
61
58
59
43
22
86
97
26
74
82
8
25
15
44
48
73
51
45
13
7
75
90
10
23
41
74
2
58
13
28
82
74
87
41
69
61
28
66
87
54
49
95
31
16
91
79
42
42
24
55
1
51
46
11
26
39
37
28
49
50
9
31
76
48
25
45
9
5
64
48
59
13
43
91
81
86
70
23
28
47
79
81
50
77
92
77
68
81
5
18
31
