555
61
86
92
98
86
89
64
80
77
9
62
92
90
97
51
74
22
64
7
5
39
40
27
82
49
1
96
39
38
37
14
51
76
58
2
62
47
66
94
77
75
56
69
65
54
72
91
76
36
50
34
75
43
61
57
92
62
5
31
53
95
98
56
71
56
58
33
4
76
28
81
3
84
2
20
90
74
12
19
10
14
53
37
57
66
47
49
80
4
33
33
99
31
42
22
39
52
8
43
29
36
76
84
72
78
5
15
52
69
34
14
83
87
52
93
53
51
94
33
55
79
19
7
62
13
29
2
65
89
45
94
25
22
79
50
52
36
65
5
5
51
19
40
38
23
33
43
26
80
28
34
59
99
41
22
12
22
24
78
12
21
24
89
95
3
91
48
39
8
53
96
59
24
37
97
0
70
92
26
50
21
60
62
72
53
84
85
76
8
63
40
29
87
81
25
43
73
25
34
81
30
31
41
54
68
90
6
90
83
85
93
56
97
55
28
51
39
13
79
99
28
71
80
68
52
5
11
25
82
45
7
12
28
0
19
48
90
25
91
25
62
36
33
60
91
62
63
82
27
42
33
56
65
13
24
17
71
87
95
53
84
54
66
13
54
85
13
96
62
4
74
25
40
7
85
83
69
48
17
49
42
50
5
59
64
81
28
35
20
23
40
4
29
6
69
83
43
35
32
6
39
6
83
32
13
68
67
35
68
85
84
62
87
41
73
51
22
1
38
94
25
79
50
54
37
20
90
33
55
74
39
46
80
74
30
45
42
98
80
62
35
64
76
22
5
49
26
79
50
64
73
27
95
24
82
85
96
24
18
3
98
9
1
30
83
32
75
77
82
56
91
17
20
67
39
78
68
17
9
18
34
83
98
81
59
80
66
7
56
36
10
54
45
11
36
80
43
11
57
77
67
0
94
40
19
86
70
87
3
79
58
37
62
56
19
73
88
37
80
44
74
42
50
71
54
86
52
49
97
61
27
17
62
73
57
81
59
79
21
15
58
79
4
73
35
75
46
23
13
79
19
39
21
69
10
27
7
14
29
56
76
8
73
90
81
82
23
93
61
44
60
20
75
64
93
10
40
91
85
5
70
4
44
44
25
6
23
84
21
4
41
49
12
14
91
46
49
14
91
62
11
51
82
86
67
27
49
7
71
34
64
93
91
60
89
68
67
13
53
88
17
46
89
30
12
80
28
61
94
19
24
57
70
58
44
37
38
93
97
9
79
13
54
70
74
44
91
41
57
44
81
74
90
70
56
