794
66
73
63
6
78
90
59
23
38
10
68
88
24
82
69
25
95
74
84
64
25
44
70
48
67
91
16
95
79
64
15
98
37
30
4
67
21
63
42
59
25
11
99
49
93
69
75
40
43
59
5
21
55
27
21
22
18
38
70
97
2
37
47
91
68
52
58
89
67
1
0
93
64
99
42
9
68
69
49
64
80
6
85
87
33
58
62
3
96
32
53
50
21
0
93
89
52
52
30
72
5
30
17
21
30
59
82
98
81
31
14
13
90
99
1
75
58
63
79
6
47
84
9
68
84
2
58
89
6
88
61
63
19
78
84
1
89
66
51
22
50
66
36
92
65
37
67
75
52
98
34
99
82
43
67
19
97
77
8
4
66
21
67
37
51
4
38
92
22
89
15
24
55
3
16
73
92
36
0
44
34
86
43
69
81
62
88
79
40
48
83
6
21
2
95
72
58
33
64
81
74
31
5
82
34
22
7
26
58
59
70
44
46
65
65
27
28
5
58
68
53
41
26
74
96
21
98
54
6
63
35
80
94
93
14
81
15
21
59
25
81
30
21
79
47
87
58
75
92
17
95
98
10
21
72
6
42
71
13
0
86
0
81
32
93
47
13
60
21
73
85
54
55
59
33
54
46
91
30
90
60
25
88
71
99
13
29
93
84
42
94
22
43
27
54
36
74
20
97
95
45
34
1
52
93
34
6
91
78
88
82
38
66
22
9
65
35
39
58
71
33
4
93
28
31
0
65
6
72
14
53
69
0
55
21
46
41
79
37
19
68
71
10
86
94
19
3
29
10
13
1
96
18
46
24
49
46
41
7
70
7
61
39
8
68
60
54
9
92
43
29
12
15
39
98
9
10
53
90
73
66
91
21
84
38
45
86
36
39
93
7
46
6
46
6
74
59
12
84
51
56
65
63
23
56
13
32
18
66
74
43
32
66
64
69
56
62
55
44
1
0
3
47
7
50
54
81
61
66
65
64
74
82
27
97
38
92
81
9
58
56
52
42
74
17
11
30
79
18
74
32
19
30
79
26
80
85
7
93
52
25
57
26
59
36
76
50
28
57
59
86
65
11
28
39
80
92
69
11
10
96
43
29
26
75
7
58
60
15
3
64
92
60
91
3
96
19
53
76
76
12
62
42
76
42
81
8
34
3
72
45
51
15
26
29
42
34
39
3
1
42
67
45
54
10
48
50
29
2
78
58
66
40
52
94
34
85
55
69
40
27
66
91
94
92
72
37
78
11
92
79
5
59
24
59
22
73
61
3
27
39
61
45
79
65
40
14
51
95
35
91
74
53
35
68
45
7
5
24
71
49
55
76
61
80
36
83
5
97
86
32
37
0
29
68
65
69
34
68
16
69
60
90
22
47
11
20
54
68
96
25
18
51
2
79
31
90
14
88
87
0
72
24
52
2
93
70
71
27
38
40
49
50
82
23
49
93
43
4
14
91
81
32
43
35
11
26
25
77
15
65
29
87
41
82
41
34
4
13
14
94
5
15
97
39
38
46
33
34
50
47
25
84
31
20
71
94
47
97
71
14
14
0
53
55
34
95
42
38
60
56
33
17
23
30
56
13
76
41
47
79
88
25
15
71
45
86
65
44
35
88
10
49
89
64
5
23
11
47
62
71
55
47
88
30
77
44
43
5
38
43
84
78
68
51
50
65
38
67
10
73
56
20
75
45
84
32
20
47
79
34
18
86
81
58
16
10
55
11
68
93
54
4
71
22
56
21
88
94
41
50
19
97
70
94
94
7
26
14
54
57
1
25
95
34
83
63
45
90
75
65
83
81
69
