211
53
16
17
32
5
71
93
96
86
7
22
76
45
80
69
75
50
9
63
21
79
6
24
59
77
61
45
58
5
21
93
10
37
62
43
94
33
88
42
72
95
65
48
40
45
69
68
48
78
83
69
9
41
93
20
70
6
18
28
11
39
22
22
28
84
65
74
70
53
17
94
0
82
94
92
79
63
12
27
93
95
96
54
36
41
74
6
48
92
87
59
83
9
33
11
45
50
86
67
55
55
61
55
37
55
48
16
70
60
44
63
56
92
17
44
34
44
3
82
36
90
93
72
51
79
83
96
29
21
16
37
76
29
92
65
37
40
34
7
53
30
23
61
22
92
5
56
36
8
90
25
50
36
97
1
67
32
50
48
6
66
85
34
95
78
0
32
70
34
92
23
64
15
84
38
7
42
47
96
2
89
21
53
77
18
54
44
50
56
93
56
22
30
91
70
60
43
54
31
29
98
6
45
13
43
83
73
85
30
69
87
