523
94
41
3
75
78
24
61
38
4
61
51
28
49
98
17
16
16
99
14
23
63
95
76
21
37
52
65
40
14
12
66
60
53
22
36
83
98
49
74
2
10
77
82
11
75
99
27
91
51
41
66
14
37
95
87
26
47
52
18
61
16
36
74
22
58
10
5
9
59
31
11
21
8
46
32
83
97
12
26
48
5
45
14
42
40
1
20
39
54
38
52
22
27
26
44
85
36
50
94
47
81
58
68
42
4
53
25
53
65
4
2
70
1
16
65
41
70
37
32
76
28
84
98
55
11
43
92
99
45
39
99
78
97
67
20
53
72
98
6
37
54
60
60
55
29
77
48
99
14
80
27
94
64
77
49
27
72
94
79
17
33
78
48
82
97
20
87
22
18
93
11
24
6
71
79
35
0
27
86
15
7
65
61
24
42
11
3
15
5
82
84
90
12
32
72
62
5
59
84
75
4
95
0
10
19
79
97
19
59
83
86
18
48
48
42
43
11
46
58
68
80
94
58
93
79
82
7
84
41
43
59
97
90
11
8
9
91
5
81
2
41
19
20
41
19
63
84
30
61
94
50
41
41
60
86
20
94
45
56
35
88
15
85
79
27
45
40
70
2
73
24
43
93
44
37
12
59
21
95
20
68
97
14
9
58
52
81
52
98
37
40
86
52
25
17
31
70
10
53
72
83
29
68
76
74
5
41
85
78
36
58
98
33
72
7
43
24
40
96
22
77
88
61
82
65
30
65
35
40
71
59
24
0
79
52
26
36
93
12
67
29
70
65
15
94
25
58
18
65
6
93
43
94
54
25
59
36
90
46
77
61
58
1
62
89
5
40
26
99
52
93
80
74
10
95
68
35
6
87
1
12
32
96
59
38
21
18
74
63
17
51
77
27
4
91
16
10
31
94
61
84
87
41
10
50
89
79
85
95
18
38
59
50
34
18
88
7
89
14
71
58
66
48
85
22
39
1
84
70
96
45
6
35
39
69
85
28
48
23
23
18
61
82
68
48
53
8
55
42
22
26
0
40
26
85
15
17
38
99
40
86
97
98
74
36
67
11
16
15
34
91
33
48
25
53
96
78
13
51
20
36
30
72
28
56
9
43
26
0
95
66
86
92
64
12
80
32
24
96
99
10
39
85
10
64
38
6
43
52
10
15
40
92
40
68
0
49
64
26
49
59
92
88
