989
7
21
66
71
67
47
96
18
70
28
18
80
39
67
39
53
13
72
25
24
95
19
37
26
6
76
55
55
43
12
66
50
33
33
22
1
32
70
19
55
99
89
35
38
56
74
43
69
99
68
45
46
88
34
25
46
10
32
1
53
44
68
4
78
53
78
31
37
0
2
92
51
92
80
42
0
6
85
70
57
54
67
4
94
2
29
40
12
61
42
66
57
62
22
87
67
52
18
4
52
73
97
56
17
77
98
17
35
83
39
93
89
7
97
83
61
78
24
73
91
18
91
48
32
13
36
99
17
6
3
70
31
52
78
48
81
76
18
17
59
9
10
1
68
59
84
29
37
60
3
80
30
94
80
14
60
68
13
29
75
69
51
58
21
29
59
3
5
77
20
17
38
30
18
7
41
54
36
30
67
91
10
49
38
90
64
50
59
29
79
86
98
31
44
20
60
3
75
18
32
95
35
23
77
5
30
18
59
18
48
78
62
10
28
52
0
44
2
11
73
33
97
24
16
94
96
77
49
71
95
34
18
82
57
47
87
39
17
46
9
17
77
23
27
57
75
79
1
29
91
26
63
40
2
79
86
98
8
36
21
55
70
91
37
79
38
24
70
55
23
79
72
0
3
51
57
30
31
10
60
74
88
75
66
91
6
53
41
15
89
63
22
11
54
60
42
45
84
12
0
59
43
25
59
98
28
68
29
59
78
41
85
19
68
52
10
74
57
51
41
46
66
64
9
73
76
51
18
12
15
70
72
58
47
31
57
76
52
38
87
82
31
25
1
99
29
11
25
86
15
19
84
33
35
93
6
11
96
76
23
11
99
47
21
98
31
30
26
83
68
14
65
51
91
19
2
20
82
28
6
97
99
42
83
34
35
89
97
83
18
72
94
69
20
67
67
51
98
94
86
18
60
51
70
3
22
72
23
5
52
81
2
51
23
85
37
10
27
34
93
97
7
39
66
79
6
85
82
56
31
68
75
43
71
97
46
94
21
69
99
74
2
53
77
25
91
15
35
18
1
80
67
60
19
85
39
78
70
73
34
2
41
61
97
13
58
44
59
80
13
58
54
16
63
83
93
54
98
81
24
0
61
91
60
33
76
52
11
99
25
45
53
19
7
50
32
17
94
43
97
60
53
3
76
16
87
21
71
37
2
47
37
64
39
50
97
67
54
60
66
79
57
71
98
16
22
82
34
68
77
31
28
30
87
56
47
74
78
70
11
32
69
1
96
8
3
45
28
57
57
46
88
15
18
39
31
92
21
17
60
99
1
89
81
88
97
28
14
75
50
77
8
20
30
56
80
33
54
8
42
11
7
31
78
25
70
62
69
43
79
29
94
80
70
76
68
68
56
34
95
59
12
55
79
42
64
11
28
18
72
70
81
79
1
60
56
23
74
25
19
53
6
13
34
77
89
54
45
98
89
40
57
53
48
88
95
12
99
23
30
23
46
63
2
99
75
10
23
49
35
42
3
42
7
89
71
49
43
16
47
84
8
4
37
56
92
85
20
43
60
50
67
6
66
21
6
41
32
81
91
19
23
46
13
82
35
84
31
30
52
78
67
13
34
56
69
78
93
90
22
54
92
89
60
10
10
18
52
94
99
95
14
74
93
27
57
80
64
40
62
16
71
29
29
5
38
51
84
31
93
58
85
37
47
98
48
9
16
52
4
16
47
70
90
92
97
99
72
13
40
34
30
11
64
11
68
54
62
52
85
7
10
71
45
9
21
93
19
37
45
75
5
44
45
48
36
94
47
8
8
39
94
38
2
10
49
71
64
64
75
50
71
86
73
16
47
94
61
18
83
58
93
89
2
90
89
90
85
36
50
93
28
45
83
30
55
84
1
20
0
77
22
72
15
95
40
62
41
2
81
76
12
26
65
15
17
6
57
54
43
8
47
23
53
82
53
8
66
7
80
67
84
2
91
99
49
31
13
90
85
46
67
98
25
84
65
42
91
22
96
86
30
95
9
35
77
14
44
95
21
76
14
57
79
5
8
28
89
22
71
74
20
90
24
45
26
41
39
17
64
87
55
46
82
16
82
11
83
78
7
4
54
21
62
85
79
70
66
68
44
89
94
17
79
71
62
5
12
2
75
28
89
30
27
24
99
9
35
82
39
94
38
45
68
0
31
47
23
49
67
19
38
13
36
17
84
99
74
49
53
49
77
94
32
4
70
83
65
6
65
4
52
3
2
72
56
85
71
31
34
38
50
72
4
87
41
88
38
67
