262
68
1
15
96
73
24
45
19
41
56
52
93
62
91
34
54
35
70
53
83
47
54
57
99
78
97
70
44
49
26
4
70
79
71
66
4
47
63
76
88
71
28
81
33
19
68
87
54
38
93
89
85
47
46
84
77
95
54
22
45
33
78
15
12
1
33
69
48
96
45
88
67
73
21
52
92
89
40
98
27
33
87
64
32
85
49
10
81
55
84
26
40
14
93
53
67
26
74
15
22
19
3
41
44
76
93
36
66
85
86
93
70
73
10
3
10
59
65
91
66
1
69
7
15
62
12
82
88
86
49
62
57
4
55
1
80
1
89
46
86
75
92
9
0
2
64
10
13
29
54
31
82
23
38
97
38
2
31
78
40
32
41
97
36
96
98
68
97
39
67
36
14
11
45
66
65
9
77
78
90
83
61
72
58
0
21
96
54
4
75
95
36
68
92
24
16
43
44
66
82
11
2
49
74
99
15
39
60
44
69
50
27
31
74
86
83
95
82
37
51
9
32
87
77
77
63
46
72
7
12
6
71
66
55
45
65
23
85
77
67
54
79
95
37
53
33
20
0
15
58
51
77
42
90
54
71
53
0
43
60
64
50
