634
96
7
66
57
86
59
53
1
52
99
39
5
85
34
33
53
75
92
85
83
10
58
39
49
80
0
38
74
12
26
38
60
33
56
69
71
16
22
73
20
74
64
77
11
50
62
17
26
7
2
61
69
12
0
18
93
0
56
19
12
34
58
24
67
14
93
90
82
16
63
54
42
28
84
53
78
46
70
56
5
72
17
74
37
17
92
30
18
48
1
82
82
59
7
1
26
52
92
60
68
7
15
62
87
51
16
18
97
38
74
55
63
92
29
0
61
22
82
31
22
83
66
57
95
73
10
21
77
54
33
98
62
0
60
1
51
76
19
49
67
94
4
30
38
85
30
51
59
12
83
82
47
49
91
42
74
1
15
51
8
49
49
22
49
10
23
1
38
43
2
5
89
6
87
79
43
69
30
3
33
65
85
81
14
28
23
40
81
39
92
89
88
93
63
37
3
87
90
94
82
92
51
23
50
39
2
94
60
84
97
94
2
34
75
68
62
98
9
95
89
53
85
77
46
48
67
2
87
57
96
69
50
99
44
0
38
46
94
99
83
43
93
85
77
20
53
91
18
14
87
8
67
24
37
14
24
56
16
64
14
64
85
16
63
30
68
54
28
15
53
11
58
98
48
88
70
54
79
88
68
18
48
36
94
38
2
19
94
18
35
60
34
20
76
97
50
45
51
79
60
56
42
70
6
91
58
76
97
90
17
65
8
17
53
55
55
55
26
50
25
61
62
59
81
39
57
32
36
60
63
96
17
5
66
23
48
77
0
45
67
69
63
27
86
16
82
42
24
8
44
1
69
6
13
3
97
22
87
33
82
50
81
99
7
48
75
8
77
75
5
44
96
68
71
82
37
6
76
13
14
72
14
36
31
27
91
28
49
78
62
32
80
43
83
39
43
58
47
20
85
53
16
81
73
40
64
10
46
92
23
12
65
90
0
96
69
91
24
71
21
38
3
1
34
38
41
29
97
40
50
34
45
18
16
19
58
32
81
56
24
57
21
89
47
21
85
16
65
62
39
86
0
42
40
86
33
33
16
82
73
18
16
71
36
32
90
47
16
71
3
41
28
76
82
27
98
68
96
15
82
35
1
34
30
93
21
63
26
37
45
52
55
61
23
91
46
65
90
62
36
94
55
17
22
38
44
20
58
40
87
40
76
89
74
6
34
47
21
61
84
18
65
39
79
88
83
77
53
73
92
41
19
47
58
42
85
3
14
95
95
2
35
23
43
62
81
77
61
2
90
46
20
55
37
52
95
20
29
0
46
21
42
17
21
52
59
6
55
26
54
3
80
41
26
75
3
8
4
65
10
95
63
83
2
0
35
50
73
16
50
19
90
44
88
11
97
48
69
52
26
23
7
58
65
34
33
20
42
37
37
4
84
0
39
87
53
26
37
26
95
39
97
85
84
85
96
81
85
17
33
63
41
93
21
