629
81
95
26
48
94
56
29
18
45
32
60
6
94
32
45
24
50
57
85
91
63
77
31
62
64
51
74
9
32
58
2
13
54
81
13
48
89
43
19
87
27
31
93
21
64
39
97
66
96
82
9
12
11
40
26
75
43
52
36
75
10
91
89
64
72
54
65
13
97
36
0
24
67
94
97
83
85
94
49
81
28
10
45
92
50
23
67
94
75
56
21
38
47
62
54
71
17
71
84
66
7
37
43
75
31
40
58
68
87
60
1
67
70
47
59
21
22
79
67
98
35
88
88
34
3
42
5
20
66
89
86
73
26
29
48
9
22
59
77
61
19
31
80
89
78
92
62
52
71
29
2
58
70
90
92
73
85
49
45
51
38
31
76
17
13
25
78
87
36
8
0
55
39
80
96
69
72
59
21
95
88
24
5
10
66
49
83
51
98
28
2
89
12
79
6
77
56
36
64
44
44
16
99
35
48
95
4
73
6
78
68
95
2
26
5
68
75
41
72
74
21
26
63
33
57
21
10
65
9
26
9
6
94
60
41
43
8
98
16
14
76
36
61
30
62
19
50
90
60
22
16
81
1
31
67
58
52
29
24
13
56
33
19
2
46
61
45
54
59
13
68
87
50
30
69
64
49
19
54
61
94
70
94
95
53
61
53
5
91
29
71
99
63
90
1
61
51
99
15
62
12
83
1
62
65
70
79
66
90
85
79
36
8
74
31
61
87
36
19
78
66
90
29
81
80
83
42
84
82
57
98
46
92
0
61
10
70
40
76
12
25
56
0
33
82
31
95
69
68
66
0
34
56
29
67
36
64
9
20
98
66
19
45
10
71
6
20
93
98
49
58
75
5
58
61
39
90
56
8
10
74
8
96
30
90
63
66
6
72
39
5
90
10
2
52
33
8
73
26
58
22
84
33
79
43
94
70
85
2
78
47
76
39
43
6
29
58
25
35
82
16
92
24
78
94
76
11
54
1
37
64
23
74
98
54
69
44
24
6
47
55
53
75
94
48
82
75
6
59
62
40
75
55
64
5
1
40
16
56
42
5
20
17
79
70
24
48
15
0
6
14
55
59
89
49
59
23
24
17
82
39
57
9
94
21
14
95
62
82
3
56
88
76
25
67
46
49
68
13
50
74
27
57
86
69
7
97
92
83
15
27
74
72
88
68
46
55
16
60
37
71
16
25
47
41
45
46
43
13
11
93
39
91
50
77
60
9
27
52
45
42
79
19
66
20
40
12
75
8
72
12
79
40
90
79
82
35
77
77
0
88
70
91
79
72
69
39
34
96
44
31
90
75
2
56
95
94
21
70
2
93
35
82
86
25
13
20
12
90
97
12
78
19
3
10
91
24
49
77
72
45
8
14
21
63
23
16
57
44
39
60
37
26
94
75
51
7
95
15
97
92
79
27
11
82
37
55
59
39
