942
55
39
0
76
95
26
74
52
3
92
13
3
81
50
30
13
95
34
1
92
81
72
42
90
43
45
87
59
93
33
57
48
72
9
24
67
35
98
19
91
43
84
94
24
34
25
37
29
11
38
21
45
62
64
87
6
61
74
17
54
7
74
54
79
36
31
98
71
81
69
62
24
53
9
0
87
86
37
68
97
27
90
94
90
6
81
48
19
8
65
26
15
91
32
47
27
63
97
99
97
67
13
21
20
22
74
60
8
11
28
58
91
18
52
81
76
86
81
96
94
46
74
61
37
6
8
65
22
6
16
19
73
81
92
45
56
66
5
16
30
34
74
21
4
79
54
33
17
35
81
11
33
55
24
70
61
33
87
35
91
3
6
16
37
99
61
93
17
19
9
99
53
36
72
9
67
26
42
84
13
23
47
46
78
71
69
92
56
56
79
99
12
86
15
49
85
29
94
54
48
55
54
53
43
26
14
10
5
57
94
70
32
93
17
63
17
38
7
73
94
86
73
6
72
40
7
9
69
53
64
69
9
70
74
52
48
41
63
53
98
9
24
30
55
93
45
72
31
52
97
25
39
70
84
63
63
43
73
84
97
89
54
58
59
80
10
59
21
25
13
71
87
89
54
94
82
99
66
13
52
63
90
43
86
26
6
49
70
79
33
67
20
39
77
31
72
39
91
45
65
4
17
4
93
23
98
27
74
16
40
26
31
82
21
17
9
28
18
79
59
52
98
80
43
27
11
15
66
2
13
31
58
82
87
3
5
37
30
79
53
22
58
37
5
79
6
66
59
25
97
19
29
47
99
72
74
62
40
40
65
53
24
75
35
11
31
92
49
61
23
54
36
81
43
93
13
50
59
72
75
8
91
4
55
42
28
29
5
20
69
22
25
93
97
12
57
28
56
58
42
80
64
78
13
8
23
26
58
34
51
33
42
42
89
97
85
69
78
90
42
47
12
19
93
61
32
2
42
40
60
84
20
24
14
34
32
89
12
42
23
63
27
65
6
68
14
43
38
92
85
32
91
49
51
36
10
35
38
4
76
98
88
48
75
54
82
59
43
95
2
18
58
29
83
16
98
49
59
88
41
96
72
85
45
75
21
8
11
60
12
39
58
53
87
85
59
22
45
3
17
99
21
27
28
57
44
78
6
55
18
0
52
42
85
49
18
58
57
29
18
70
20
29
23
59
14
82
81
11
37
50
10
11
78
91
20
74
21
78
81
92
30
85
34
67
35
52
26
92
81
44
62
53
73
37
13
40
72
94
51
61
97
14
24
27
5
44
1
26
23
34
18
5
20
5
73
55
57
99
47
91
43
62
44
69
51
9
9
23
4
12
37
53
26
61
80
83
6
33
62
81
67
32
86
87
37
59
42
95
58
42
86
54
4
82
23
55
92
84
31
48
48
68
1
27
29
81
62
87
66
24
20
33
9
59
73
46
18
15
93
29
57
31
35
13
14
10
21
58
46
52
6
46
20
59
73
1
92
36
41
58
12
13
91
73
72
64
72
43
32
65
24
41
49
59
7
15
69
28
73
67
80
31
13
52
90
87
5
82
75
98
92
39
12
35
13
84
52
85
27
84
2
51
77
51
10
84
66
31
12
91
98
44
22
12
48
12
51
54
46
78
52
38
69
64
74
82
1
26
19
28
62
22
32
91
25
42
76
44
26
40
35
76
37
58
40
85
70
43
39
17
21
44
7
91
60
81
25
61
59
97
90
21
71
22
13
96
16
41
40
94
81
28
71
70
86
63
56
8
7
47
77
80
91
85
23
4
66
49
65
26
46
7
99
17
81
64
65
50
5
58
44
39
86
67
9
24
31
65
32
38
65
10
18
56
95
42
12
13
43
78
91
41
37
43
10
19
7
27
69
65
85
65
4
23
85
65
47
16
83
32
6
48
42
76
56
89
70
69
54
65
99
98
6
36
41
68
7
0
96
28
65
81
94
21
57
79
87
4
47
70
36
53
18
30
81
74
71
52
95
26
17
94
76
76
31
17
44
90
69
92
19
35
26
13
56
83
44
43
39
91
65
76
96
83
58
29
10
30
81
57
8
51
52
84
79
35
1
75
25
22
68
44
57
94
9
66
77
5
61
16
96
27
44
44
62
3
74
24
85
7
82
