455
30
78
36
20
23
65
73
54
30
23
76
39
51
22
95
34
57
70
63
81
19
63
8
46
82
28
81
55
21
45
15
3
23
3
23
98
20
96
4
50
71
33
42
75
55
89
9
65
11
24
46
30
87
7
76
22
87
58
29
60
55
44
63
78
0
38
28
72
34
33
75
58
66
17
33
73
58
42
38
70
19
37
0
6
44
77
28
31
87
58
91
94
54
6
72
6
44
52
79
30
37
6
88
3
23
73
77
33
68
67
3
87
56
56
45
0
85
74
83
24
84
26
18
90
32
90
97
76
94
28
59
32
34
47
87
9
21
16
42
89
84
98
28
40
54
73
93
91
47
28
15
83
55
33
26
39
75
75
68
69
3
27
1
89
74
89
50
47
5
44
88
41
42
16
34
48
90
27
39
89
55
6
25
62
39
51
2
14
26
70
84
81
49
37
70
23
78
72
23
36
16
11
29
11
80
63
59
70
42
51
11
98
9
36
60
49
87
14
15
13
36
51
46
85
89
16
61
19
88
84
7
57
47
37
68
27
0
79
49
43
82
61
93
92
97
5
41
37
20
56
2
8
8
49
94
49
17
55
20
6
91
28
15
38
65
83
18
17
62
67
12
45
28
5
37
78
63
30
15
35
38
69
43
98
18
89
99
36
96
20
94
87
48
9
78
65
92
96
34
6
63
47
3
44
4
92
22
67
22
89
2
13
58
98
63
77
87
63
65
84
83
11
23
83
20
1
0
64
49
34
22
65
81
26
61
38
18
83
5
93
24
60
6
82
58
69
11
97
84
28
81
67
39
5
2
11
58
2
27
60
37
50
25
70
28
86
60
46
21
18
39
45
30
97
79
88
19
43
37
3
71
19
23
11
76
25
74
86
28
2
98
17
4
23
39
32
61
52
78
34
70
70
31
0
67
63
40
38
6
77
42
77
48
65
40
76
90
15
15
70
69
13
39
25
89
31
57
50
83
87
37
5
9
20
5
29
83
45
67
89
74
9
67
75
74
7
51
17
74
66
39
43
80
79
68
