812
37
4
29
66
13
83
36
83
85
52
6
6
83
55
67
73
95
96
99
20
30
59
24
43
34
36
52
45
79
72
69
69
29
98
35
42
81
71
77
18
76
36
24
59
43
43
85
39
40
84
59
70
43
35
13
77
71
17
74
3
42
43
72
71
93
7
65
74
30
42
44
6
78
21
18
22
64
3
61
56
39
72
78
82
7
43
11
30
13
85
33
55
28
57
78
21
64
43
47
47
37
43
53
16
64
23
90
81
26
3
89
65
27
20
99
34
63
10
16
28
95
50
83
75
7
61
48
24
56
95
23
94
91
28
62
55
52
52
88
30
7
78
48
34
98
47
20
13
10
36
42
5
38
25
33
98
39
81
22
95
29
45
89
20
73
51
75
77
55
16
8
62
94
56
48
92
55
68
5
65
57
47
23
95
25
56
93
16
37
67
11
18
64
53
38
90
56
66
67
64
82
75
78
76
83
27
20
39
47
77
4
4
25
27
0
2
35
93
18
25
13
81
43
77
86
82
67
95
48
35
59
82
62
89
10
46
68
30
37
16
7
93
20
84
73
72
86
8
18
56
33
31
38
77
8
76
11
28
71
11
63
82
93
25
72
3
23
40
33
12
56
92
6
29
77
79
53
15
87
71
72
73
54
62
50
15
38
61
43
10
72
58
92
17
83
64
20
59
57
5
71
65
97
77
94
26
8
48
94
96
71
66
69
78
28
71
93
66
84
88
28
8
46
21
25
81
37
45
40
94
2
64
60
51
93
6
78
2
6
72
50
30
90
71
8
70
42
53
36
26
41
17
86
39
90
11
20
79
56
13
74
10
77
86
61
22
44
91
24
3
63
26
33
5
97
93
75
91
98
64
69
39
81
55
30
71
66
50
50
74
63
76
84
40
14
46
15
11
37
39
14
53
18
99
58
15
44
86
7
42
50
76
33
83
32
63
54
50
13
56
25
77
85
61
69
51
7
84
62
97
76
28
2
94
79
60
61
23
46
68
65
48
97
98
31
81
61
37
31
27
46
8
4
31
70
25
34
77
62
49
26
38
77
28
84
9
41
45
32
39
14
98
88
63
48
19
44
62
57
27
89
55
36
45
86
6
70
20
35
32
69
14
22
99
42
6
8
83
52
92
23
18
42
63
81
91
82
77
5
91
4
94
46
92
39
84
50
61
57
86
94
78
52
68
29
94
75
89
30
79
82
5
49
24
68
82
67
2
59
72
46
15
18
44
60
9
29
10
71
38
48
17
16
0
85
46
47
60
35
77
91
69
82
40
94
50
22
13
4
33
38
50
49
56
95
9
66
76
71
89
14
20
6
82
20
91
28
67
4
16
96
95
85
78
36
31
80
58
45
85
92
35
35
93
43
82
54
61
58
25
50
24
45
56
7
18
48
87
37
52
3
34
47
89
64
35
72
97
46
17
82
38
4
69
83
48
4
37
9
62
14
60
87
12
68
46
82
68
33
71
20
37
57
20
78
22
7
50
19
53
20
53
43
24
74
26
24
78
15
34
93
82
46
32
94
14
78
28
83
11
99
55
0
57
27
30
31
35
81
50
40
53
55
84
29
81
62
54
60
30
40
5
12
86
37
58
52
67
38
35
30
37
43
31
94
22
61
77
57
94
79
50
47
34
34
77
16
48
83
28
78
23
33
42
61
22
52
13
89
90
1
19
28
96
2
74
18
64
52
28
10
31
78
58
18
12
87
86
12
22
66
91
45
51
85
58
73
38
71
14
28
24
33
8
20
88
35
39
4
39
67
14
70
45
72
40
9
11
78
73
33
44
64
30
95
2
88
20
40
12
34
20
88
20
29
9
60
16
0
64
55
67
