332
24
54
52
75
16
52
0
42
57
33
12
61
77
5
11
15
14
71
61
17
42
38
26
81
78
54
46
44
95
77
87
19
83
40
46
0
92
47
94
1
80
7
63
9
64
26
24
78
97
85
48
91
75
74
24
53
80
70
97
76
99
85
47
83
77
94
35
69
41
29
23
73
88
86
82
4
12
58
83
61
95
83
53
70
9
29
24
90
0
73
18
51
58
65
86
87
59
21
57
52
3
32
77
43
18
11
48
82
69
83
95
64
66
48
35
75
30
11
17
30
84
35
33
95
53
20
82
64
93
39
17
48
23
46
92
41
58
92
75
27
27
71
92
45
71
79
72
1
90
90
83
74
77
17
69
82
89
52
47
34
43
16
83
67
62
27
60
20
71
88
48
98
59
92
95
30
71
67
84
61
9
67
35
39
36
57
21
25
61
68
60
56
84
95
75
47
22
36
67
93
24
67
43
35
59
38
17
30
57
1
43
67
21
79
6
57
88
79
35
49
48
47
57
84
42
33
83
16
69
3
61
45
70
4
80
82
94
49
12
51
3
56
18
24
87
76
33
27
56
68
76
56
15
33
40
57
18
76
25
87
79
86
84
49
90
16
31
36
66
96
88
69
4
58
93
91
87
78
18
95
47
46
51
62
31
43
72
50
19
97
89
50
84
74
52
26
42
83
63
8
31
3
29
35
13
22
78
0
1
48
95
0
46
46
14
78
42
38
80
13
88
21
64
24
47
16
50
90
51
65
98
83
