285
65
92
71
59
2
24
97
58
4
76
85
35
32
0
64
73
28
51
47
79
74
77
25
75
59
40
6
82
68
77
57
85
21
28
96
23
4
93
33
9
69
18
96
53
71
60
26
99
11
25
31
38
2
8
13
14
0
19
96
20
48
53
5
69
33
1
44
38
47
77
99
68
48
47
22
19
7
48
70
70
74
53
8
28
61
21
42
13
93
91
33
41
96
38
63
82
92
59
72
39
37
71
59
37
18
81
8
77
30
30
47
56
84
8
84
97
29
79
11
22
70
44
64
18
35
79
0
79
38
72
70
27
95
29
64
65
11
72
42
41
55
42
49
39
50
85
36
79
64
47
54
86
44
70
57
79
49
57
58
87
82
28
67
77
57
31
95
68
56
37
61
11
31
62
2
81
48
38
13
64
38
19
3
82
89
60
13
90
17
71
29
51
51
96
81
60
80
76
81
36
65
94
99
97
57
1
30
5
91
95
21
29
14
24
11
55
84
24
45
54
47
27
57
98
23
38
11
3
14
92
91
80
86
42
29
43
95
59
0
87
55
22
16
21
98
80
77
35
56
74
41
56
1
98
6
77
37
17
32
3
9
24
83
96
18
64
91
14
24
92
53
31
66
69
4
16
1
81
51
10
8
44
66
61
43
