847
12
74
35
74
12
59
56
38
32
58
33
21
96
66
66
96
42
58
85
24
38
51
83
45
47
67
88
96
15
17
65
27
92
53
1
56
12
9
46
96
68
31
18
16
98
36
64
92
95
2
16
33
53
0
30
0
19
71
49
34
88
66
13
80
19
66
89
31
76
87
28
96
19
98
64
17
34
29
9
81
83
25
14
36
77
97
37
96
68
38
82
56
4
95
89
24
62
30
7
90
17
35
38
36
85
2
5
72
83
66
53
66
92
20
3
21
17
92
70
37
30
52
93
34
0
34
58
62
64
66
4
34
53
42
70
91
44
28
63
80
94
16
46
38
36
1
60
5
93
82
42
23
34
88
10
34
74
68
48
91
86
52
25
92
46
47
83
43
75
46
23
22
62
21
60
51
23
72
56
16
54
51
92
89
91
2
75
65
22
76
56
9
80
33
53
27
81
36
22
8
82
45
30
96
18
43
47
41
15
56
10
22
7
2
63
98
56
38
15
78
14
24
39
95
57
92
74
90
28
96
99
62
93
81
59
11
24
6
5
92
14
15
14
21
69
29
71
25
19
39
55
34
63
47
81
20
39
7
11
20
3
62
82
48
95
93
59
20
0
16
64
66
31
30
88
0
59
11
77
78
50
85
64
65
32
97
86
23
4
49
43
59
63
78
7
58
71
19
30
23
35
46
90
19
76
30
71
87
93
1
18
96
86
34
61
18
32
99
41
88
0
37
0
63
15
59
74
38
78
4
62
66
51
4
37
79
86
8
19
79
9
37
75
47
23
37
17
55
36
59
96
37
48
96
52
15
7
26
53
38
31
67
4
34
23
93
65
9
53
84
89
15
73
64
62
97
1
80
4
90
91
0
79
39
48
31
54
56
10
59
46
93
27
2
79
2
95
44
12
48
29
1
63
54
65
26
51
19
58
56
61
49
8
40
40
9
23
46
17
85
5
63
78
84
65
57
87
60
2
99
60
83
52
24
37
69
2
89
88
12
97
1
13
5
93
53
14
69
51
31
54
8
46
33
45
11
42
32
23
44
83
84
79
87
60
17
56
14
58
97
26
55
98
39
12
92
44
79
61
95
62
15
55
9
0
0
72
43
84
96
39
19
32
19
6
44
88
63
58
46
60
36
53
58
27
65
2
23
44
15
70
59
83
25
68
83
26
40
78
10
88
18
30
20
37
88
64
25
51
74
23
63
62
76
74
89
93
28
12
90
44
34
49
27
60
69
10
86
61
41
48
50
59
30
22
48
19
39
25
22
13
48
38
76
76
64
17
21
92
82
11
36
16
12
63
76
81
26
14
43
67
15
45
78
97
67
26
68
6
51
91
72
51
81
0
27
45
17
48
37
51
12
26
68
24
89
96
58
67
63
53
86
78
98
64
75
65
90
44
72
93
87
96
44
20
96
23
65
13
24
54
17
36
80
85
12
22
81
70
89
44
23
76
74
73
92
2
39
83
46
63
28
85
59
73
5
55
96
22
20
20
76
37
8
9
74
21
31
8
43
72
4
19
0
79
92
93
81
31
76
79
46
4
16
5
29
21
12
78
43
85
50
71
74
59
80
49
32
11
57
27
36
61
46
36
92
91
29
25
74
57
4
21
14
20
78
43
93
43
21
36
28
24
60
2
83
40
51
67
4
60
46
40
74
93
76
66
36
58
92
10
15
48
83
29
69
62
73
62
5
46
51
33
70
63
87
5
55
91
24
11
51
71
51
25
16
80
44
52
90
36
14
5
84
98
35
5
60
60
20
17
58
23
2
29
86
89
86
41
80
11
53
84
34
56
61
50
88
5
54
78
41
68
84
78
66
71
83
26
31
55
95
89
78
97
70
64
87
9
58
19
20
63
55
6
19
17
56
60
74
62
38
68
30
74
46
97
97
81
75
28
37
71
70
15
68
92
