739
9
74
77
23
47
14
99
99
97
64
96
87
33
2
81
32
16
7
53
44
77
50
2
25
72
5
59
89
9
82
38
70
57
68
93
56
34
45
55
83
61
3
70
94
57
3
79
74
62
32
18
39
34
72
64
6
77
23
48
86
58
38
56
67
58
2
23
92
99
30
75
60
33
97
6
91
52
85
17
14
70
35
5
56
59
21
63
89
97
63
75
55
53
84
22
12
38
97
4
89
27
32
1
12
29
7
3
34
45
72
0
67
7
6
23
19
27
38
8
24
53
35
31
7
71
5
19
61
2
75
50
29
7
3
42
89
63
97
75
8
70
75
27
29
33
2
48
13
41
8
89
94
44
21
53
15
26
72
77
29
0
79
10
59
83
4
0
46
2
75
6
24
3
33
53
36
35
54
1
28
62
91
75
6
64
28
74
90
53
3
71
53
82
34
64
65
38
65
63
92
40
69
68
95
54
22
32
42
28
85
70
90
76
97
49
40
26
75
83
31
78
6
84
12
40
48
30
31
65
93
23
58
15
92
53
69
66
37
11
46
23
34
36
51
83
37
92
9
64
75
92
94
81
28
7
74
77
37
5
94
82
80
52
97
24
58
67
90
95
30
36
70
16
25
22
0
14
14
61
31
41
54
25
74
82
32
48
11
21
53
6
4
34
10
1
10
68
68
1
64
51
89
86
67
66
8
67
33
74
29
64
15
83
89
90
65
22
90
77
43
44
35
99
30
45
1
40
14
21
93
30
72
35
16
40
1
77
7
34
51
36
98
19
71
40
9
37
62
51
66
57
47
53
57
77
98
10
70
64
31
15
94
4
50
63
44
4
40
51
90
91
40
89
10
11
81
71
0
95
75
18
52
22
71
61
52
22
71
22
38
55
89
33
59
40
48
3
96
88
6
86
31
46
27
94
58
8
17
10
3
92
29
8
67
52
21
19
26
45
93
65
0
82
98
59
74
98
14
70
38
20
9
69
67
36
15
77
45
33
87
0
77
68
8
44
21
30
63
99
27
8
64
27
91
14
86
65
12
0
88
50
72
97
72
91
85
87
68
30
72
8
83
2
28
43
46
49
73
62
1
52
70
65
79
13
80
17
31
92
69
19
43
42
68
67
33
53
54
54
36
27
62
19
29
90
62
27
92
88
41
93
40
64
58
72
77
90
89
8
83
59
79
78
53
47
45
86
53
51
40
89
78
54
60
59
45
22
39
89
62
32
34
55
96
44
27
74
35
16
34
18
27
14
48
80
13
45
67
66
96
59
7
27
14
67
38
11
42
77
52
56
10
86
11
58
30
38
32
17
7
19
35
34
33
35
15
98
80
34
65
77
93
24
56
59
92
94
22
86
24
74
42
86
12
6
44
95
96
29
12
3
48
0
90
81
35
57
31
68
91
96
97
36
73
53
48
65
47
70
3
23
97
97
9
9
3
54
4
0
83
17
55
31
17
45
64
4
2
95
72
45
44
21
82
17
74
30
34
74
52
89
97
49
86
7
59
90
13
15
42
96
32
97
79
1
95
95
6
49
42
30
95
38
4
77
55
78
59
41
4
11
30
54
61
17
61
72
59
26
87
53
74
72
2
5
73
97
0
31
47
94
14
94
33
18
71
40
48
82
82
53
45
12
7
58
81
20
30
92
46
70
45
72
42
48
77
15
97
29
