976
40
41
77
18
41
23
6
25
30
39
14
1
53
50
29
35
50
9
85
79
57
35
57
18
67
12
57
83
20
31
28
12
24
5
30
17
29
36
43
11
28
9
65
81
11
94
68
14
55
54
93
65
89
2
35
8
67
92
91
39
24
20
51
0
77
33
18
58
22
61
22
50
22
87
83
33
33
52
47
88
6
93
5
47
95
41
7
14
33
50
53
9
22
56
62
0
90
80
10
64
93
32
14
15
71
97
48
4
1
96
45
7
41
50
6
36
91
13
3
77
64
56
86
86
13
48
38
55
80
1
19
73
33
85
40
57
82
89
13
84
37
58
43
78
9
2
66
0
15
21
29
31
78
16
70
43
16
8
50
97
9
21
22
95
6
63
4
40
4
17
24
93
76
20
71
85
22
89
37
89
11
67
21
41
35
91
36
3
51
38
0
13
59
75
8
65
38
12
5
42
81
82
35
57
54
58
94
28
99
32
17
62
51
90
55
38
81
91
41
85
81
94
98
40
69
6
57
7
70
15
1
51
49
88
61
3
46
55
31
97
39
0
60
42
91
67
80
24
11
74
61
92
68
59
85
89
17
42
96
87
57
49
91
6
37
52
61
35
59
44
84
99
97
96
41
40
64
74
64
75
48
26
19
68
37
4
57
55
47
5
94
56
6
37
15
43
89
28
30
1
73
14
0
70
11
93
10
27
19
26
2
67
4
21
87
42
78
96
49
77
53
43
33
59
81
0
54
22
29
84
23
54
51
75
24
14
21
86
41
40
64
95
60
69
68
47
63
46
44
12
23
97
55
9
9
88
9
63
11
38
0
86
92
51
62
68
65
83
6
58
75
71
53
35
92
73
83
7
20
79
19
95
28
26
4
37
67
66
1
78
4
1
16
49
4
30
69
21
65
28
31
41
99
84
76
43
57
59
50
29
90
21
25
19
99
29
56
66
95
9
96
52
62
13
53
18
95
74
39
61
2
70
2
53
6
78
48
16
90
50
45
80
71
22
99
23
4
8
89
99
69
38
3
84
3
8
2
98
35
94
59
89
16
61
43
23
92
43
91
82
94
36
14
65
59
66
88
63
26
30
14
95
68
70
79
23
30
34
21
17
28
81
7
44
94
2
19
86
45
10
20
39
99
35
5
10
1
45
25
27
27
91
74
47
13
6
70
44
40
92
13
20
25
20
16
19
22
36
58
68
98
78
7
49
13
64
11
66
62
36
45
41
80
20
89
93
26
59
89
18
3
3
38
28
23
54
0
98
42
58
66
41
88
25
42
2
42
54
20
4
42
66
45
22
86
86
68
64
98
57
82
1
12
20
82
88
26
34
86
69
92
4
62
80
81
4
34
23
10
7
27
53
73
25
27
11
11
95
27
9
5
61
63
69
81
45
57
7
31
95
28
23
51
90
55
33
47
42
56
57
1
36
62
26
61
90
37
24
37
16
34
42
77
49
12
10
94
21
69
25
17
98
0
20
40
7
53
87
1
62
45
2
98
7
28
11
49
17
87
87
33
21
81
62
22
45
72
16
67
94
93
36
92
45
56
32
5
62
72
6
24
17
61
74
76
89
37
26
59
24
65
44
98
46
7
20
92
31
89
59
77
34
47
21
80
55
6
37
17
78
43
41
95
56
67
23
98
4
49
57
29
14
53
27
13
60
47
5
44
36
16
21
71
15
43
3
70
49
40
88
79
35
81
26
92
49
49
90
53
51
99
34
17
52
61
30
65
61
87
61
97
3
34
20
18
77
23
41
78
15
29
9
51
62
35
95
63
85
37
69
36
36
3
5
40
17
36
5
78
23
66
27
79
53
48
49
82
23
90
61
91
71
70
94
34
58
89
49
43
78
18
31
66
22
36
6
39
72
64
69
48
82
96
79
35
96
28
18
72
71
31
63
94
53
57
80
11
98
30
6
76
48
37
42
22
74
0
13
98
64
82
46
47
79
25
34
27
6
52
99
29
35
62
23
89
71
4
52
69
34
59
45
34
96
39
57
70
40
70
21
4
53
67
3
84
45
38
11
3
42
63
32
30
77
55
19
49
11
23
18
45
82
16
80
79
55
89
1
95
59
22
52
12
42
7
48
39
97
12
42
92
27
26
22
4
33
93
53
45
16
24
42
99
92
74
30
47
63
83
95
23
58
99
87
0
6
88
91
56
0
85
48
27
11
70
83
44
63
89
41
31
13
36
30
57
10
