297
4
51
36
34
56
69
91
66
7
97
63
45
73
95
23
35
24
90
53
2
81
4
33
89
77
71
33
64
24
38
27
80
42
63
15
50
84
6
69
43
55
84
88
29
79
11
64
55
54
18
58
35
74
91
76
51
14
9
15
38
48
94
71
42
9
86
92
93
44
13
88
99
97
77
28
76
40
93
32
94
63
42
30
89
85
58
40
0
68
7
90
68
2
61
10
11
99
54
57
43
68
97
43
17
74
23
94
67
68
78
61
83
72
43
72
57
2
12
9
22
72
0
90
74
13
52
37
13
58
46
56
78
44
51
96
70
75
42
37
95
72
51
79
44
46
3
1
0
68
11
22
40
63
12
14
76
16
3
89
75
50
98
53
46
49
49
16
76
91
54
24
63
57
3
59
3
58
13
4
26
24
78
66
39
43
32
15
59
36
57
34
38
55
88
84
56
89
0
85
33
6
9
48
63
64
8
19
22
21
75
49
97
53
67
88
96
0
3
56
88
12
42
78
67
82
62
76
72
14
61
57
73
70
5
88
34
65
7
56
38
82
57
87
36
25
75
84
25
31
92
65
43
35
43
63
17
57
39
41
71
0
98
96
22
56
85
56
21
92
64
12
75
22
99
63
99
75
47
76
6
40
41
49
27
84
12
96
93
3
38
64
3
88
61
77
96
46
