588
47
99
66
55
51
39
48
16
63
60
91
40
28
85
43
37
88
94
9
86
85
46
48
65
32
25
65
11
43
27
75
91
78
93
46
81
33
94
98
48
6
41
40
87
27
83
24
67
29
85
53
66
83
53
31
67
78
48
78
22
27
5
13
6
99
11
39
84
5
89
84
64
31
24
51
10
7
27
77
36
64
82
3
99
36
34
66
66
83
44
88
10
49
53
68
0
64
60
36
22
49
20
86
80
44
89
42
51
68
71
40
32
54
43
31
42
29
97
8
64
93
49
27
42
2
47
95
19
7
31
41
57
52
79
89
96
20
32
0
88
3
40
20
9
35
3
3
64
52
12
81
45
13
8
39
15
7
34
86
15
66
79
24
18
58
65
66
30
49
66
18
5
58
90
14
93
45
18
10
97
82
91
94
95
51
34
62
10
20
1
25
86
80
1
56
91
67
75
21
16
41
40
21
52
82
88
45
28
58
55
25
40
98
20
87
1
6
1
12
26
2
37
65
83
91
73
26
58
48
47
26
42
39
0
94
22
88
39
50
46
47
27
38
45
99
77
47
57
78
59
84
81
48
1
16
91
74
42
49
23
41
28
65
81
28
59
55
68
50
57
66
97
36
4
95
88
81
94
45
59
53
81
92
53
82
8
45
57
50
46
32
44
26
49
77
54
60
32
74
10
41
40
60
77
44
55
65
77
49
63
89
54
44
81
59
79
90
4
36
92
3
20
36
29
69
13
36
29
97
10
91
90
51
51
68
47
58
85
25
7
48
14
13
45
95
73
24
37
29
12
82
32
32
70
14
53
36
50
82
33
60
25
24
63
77
44
11
35
81
36
95
82
2
60
27
49
33
51
39
63
63
21
47
47
91
61
0
79
11
34
13
24
59
89
39
88
85
50
76
66
38
23
48
92
83
75
42
17
78
81
32
41
54
79
40
97
41
40
77
4
26
90
80
38
31
20
26
16
70
54
34
61
77
83
53
13
58
95
82
89
28
14
30
82
45
23
80
86
63
9
43
42
51
23
80
82
43
58
50
66
13
84
27
42
67
32
7
78
80
89
67
8
55
49
43
1
72
75
39
88
84
34
30
35
58
10
69
53
68
19
19
33
3
46
76
23
31
83
1
11
25
20
19
80
69
14
33
94
89
25
82
25
59
64
12
17
74
81
71
94
0
90
28
56
89
56
79
20
39
80
83
64
52
54
97
21
69
30
67
10
55
1
36
67
65
48
84
39
82
7
86
82
50
14
38
91
70
17
63
61
49
46
78
1
0
75
75
69
57
42
32
65
96
68
32
61
68
68
53
50
76
39
85
26
53
23
17
75
