633
69
53
71
39
93
38
18
47
48
5
97
89
99
56
99
91
17
21
29
19
9
31
75
76
72
89
82
92
17
18
56
38
23
79
78
16
17
48
16
66
5
65
7
4
73
58
95
91
79
76
10
88
59
85
16
84
27
98
76
96
69
84
35
92
64
65
61
33
13
77
51
18
94
10
74
67
68
21
10
0
49
72
88
8
10
57
92
37
55
20
33
24
57
68
17
73
33
78
6
98
7
58
68
53
20
42
72
89
15
83
89
64
55
29
73
65
86
17
54
42
90
88
18
47
8
35
20
94
65
78
44
24
88
13
77
9
7
50
50
23
85
39
87
92
20
12
10
7
82
64
1
72
4
19
71
65
7
43
59
24
73
55
49
62
68
78
23
76
80
73
99
65
64
38
10
84
51
20
91
85
84
44
9
41
64
80
6
23
75
17
47
0
72
48
62
41
27
37
69
59
62
68
77
26
58
87
63
61
7
6
46
43
51
55
84
67
87
90
90
14
7
89
15
80
38
29
73
17
67
42
76
81
62
53
60
20
40
23
82
99
81
80
43
84
88
79
51
27
70
41
42
29
83
57
9
21
38
82
38
57
76
14
39
38
20
99
59
12
74
93
12
55
25
7
92
13
86
43
41
56
37
35
86
20
92
47
41
82
82
31
40
58
97
79
97
17
30
8
30
56
53
94
63
78
1
55
44
39
99
85
48
88
20
86
8
64
33
1
98
15
84
38
26
81
69
75
51
51
35
33
7
88
27
23
18
80
78
62
19
29
99
19
17
71
5
77
87
39
78
86
6
14
76
84
96
46
59
99
97
94
32
57
34
11
80
53
43
58
67
14
40
19
34
57
90
39
35
30
30
65
16
89
80
44
73
28
90
33
27
40
79
11
97
14
22
29
67
65
87
86
79
27
5
13
37
48
5
24
78
35
41
46
24
21
90
98
1
33
83
28
73
62
39
22
28
13
51
95
78
90
82
10
70
39
75
7
87
80
83
65
68
24
63
92
46
54
42
99
87
77
28
12
92
19
34
20
33
37
68
11
27
50
73
97
41
49
56
29
29
39
46
49
64
10
42
62
16
36
61
55
66
41
19
58
61
53
30
46
90
98
9
69
0
83
67
42
32
75
71
13
67
69
63
31
79
57
45
47
45
58
2
11
0
21
21
13
26
52
59
68
50
68
38
51
3
57
93
87
84
16
1
51
85
16
34
17
25
31
16
70
90
19
34
42
92
55
55
71
59
66
39
10
86
29
13
42
38
58
29
23
74
82
26
11
50
61
80
75
92
97
98
82
68
32
76
60
39
83
83
99
49
23
9
88
4
22
30
43
32
11
18
6
94
44
69
44
5
50
72
50
99
70
84
67
2
61
79
41
44
63
92
46
38
53
86
94
75
16
89
7
79
7
65
73
4
87
70
61
89
42
11
88
64
