183
66
7
95
43
86
0
5
77
89
39
13
81
3
71
63
25
41
81
52
66
80
96
84
44
16
90
62
86
46
54
23
64
61
18
8
99
70
13
77
59
5
42
40
8
13
55
85
7
36
89
73
68
85
10
12
2
0
27
40
98
81
15
62
42
85
22
93
55
88
22
14
93
16
7
53
30
62
39
89
51
80
62
19
18
72
84
72
24
63
12
74
44
27
89
38
64
11
83
19
99
6
85
44
22
92
98
4
7
89
93
58
21
8
29
39
32
13
11
9
76
75
83
72
54
72
62
18
36
46
37
87
52
23
32
26
67
82
31
74
23
24
84
44
84
14
84
17
27
47
26
56
23
9
28
77
34
43
96
70
41
85
9
45
8
93
71
28
75
2
2
50
79
87
95
63
1
31
32
80
78
58
88
1
