948
69
1
2
37
94
54
95
14
47
43
91
65
81
88
65
25
7
49
36
63
70
31
7
64
7
76
29
2
5
4
13
74
57
68
11
51
22
58
17
69
53
60
86
34
1
52
59
8
1
48
23
23
79
30
87
38
58
16
40
63
72
6
89
29
74
53
32
96
11
49
17
65
62
55
99
63
7
11
23
60
11
46
84
42
76
23
81
86
40
73
2
64
31
91
94
57
44
26
53
8
28
22
73
42
78
24
5
37
87
28
50
50
26
34
93
54
9
26
40
49
51
42
66
83
34
60
40
30
38
46
38
18
20
63
60
98
88
17
88
27
45
38
78
23
24
23
77
33
1
18
35
52
12
1
35
46
13
76
29
51
74
67
22
94
83
82
45
71
0
85
50
97
23
28
21
99
3
98
84
4
68
19
57
81
72
44
79
85
72
8
89
46
28
63
41
11
97
38
34
49
23
84
47
98
65
20
97
20
70
81
25
39
53
82
72
77
78
51
63
51
12
4
97
92
19
90
3
16
28
89
66
51
25
65
1
90
85
98
63
7
32
88
98
37
22
70
14
0
74
29
51
86
85
49
30
4
91
33
21
20
74
87
23
99
52
25
42
89
75
5
96
59
45
95
96
67
65
11
67
91
40
71
77
26
72
7
30
63
92
51
35
18
90
59
18
94
36
12
83
63
17
80
23
62
27
19
81
92
30
0
36
23
71
13
49
95
73
31
59
17
35
46
36
77
57
6
72
93
18
55
57
87
35
32
1
62
51
34
7
34
34
43
57
58
8
58
53
33
41
64
3
76
11
39
54
68
97
26
14
15
33
23
54
21
55
7
35
58
41
94
92
75
37
49
33
98
59
39
83
1
3
86
29
66
77
35
87
74
61
1
41
47
24
47
68
31
54
3
89
95
98
82
23
87
83
8
37
95
47
21
96
3
59
77
21
37
13
8
63
26
9
5
73
85
52
41
68
59
45
58
54
43
92
29
82
27
38
20
22
85
41
70
40
52
48
62
89
61
70
5
87
32
10
61
69
14
2
38
25
99
96
80
94
40
61
77
67
99
97
90
37
90
60
77
42
60
39
84
21
62
89
9
46
51
70
15
65
24
53
43
76
1
75
70
93
36
47
61
36
96
3
73
86
15
50
81
76
42
65
97
56
54
58
2
57
80
17
74
5
23
17
81
76
92
3
70
29
51
31
65
47
86
38
86
1
40
67
77
34
32
27
90
38
85
92
95
18
62
69
23
85
39
56
13
31
59
83
60
62
66
25
62
52
15
48
54
8
15
83
42
99
62
33
89
0
77
36
18
39
57
93
76
96
1
90
28
12
25
40
75
92
18
37
44
33
37
50
41
4
86
36
55
0
69
96
0
46
32
70
86
41
63
14
90
64
4
70
77
30
10
4
74
28
93
70
14
30
21
7
86
59
43
41
59
12
37
12
11
21
82
49
14
98
63
4
62
20
74
91
2
37
47
76
65
40
46
79
22
19
39
8
30
82
1
42
47
38
54
58
11
88
7
26
86
22
82
1
42
57
44
96
94
92
72
11
32
71
43
7
90
82
15
21
16
17
63
63
7
69
73
71
9
80
97
96
55
31
49
49
88
93
46
34
85
18
98
70
89
41
77
32
75
44
5
91
13
20
7
21
89
80
92
50
13
41
46
68
72
47
17
13
41
63
99
78
34
49
48
75
90
77
7
17
74
12
61
87
84
68
60
25
48
4
76
61
97
22
29
70
70
99
35
63
14
34
41
48
84
42
76
26
71
83
96
97
48
57
85
32
25
97
58
25
2
34
87
99
8
68
21
30
67
56
45
82
43
39
82
79
81
58
57
4
94
53
2
94
62
39
26
87
36
36
65
38
22
52
90
83
72
11
65
92
20
63
74
63
2
8
42
35
19
99
39
13
5
41
7
67
32
85
7
69
74
72
59
48
76
49
83
48
13
49
40
33
12
66
48
66
27
42
1
46
93
40
11
98
34
18
18
66
55
25
87
29
97
47
30
25
48
13
25
13
14
18
98
78
36
46
44
63
40
45
61
34
86
72
84
72
42
2
38
98
27
78
79
76
25
9
53
25
75
79
39
89
97
37
68
33
36
64
49
28
10
10
62
48
83
99
20
25
1
10
75
81
88
55
57
