507
81
78
30
45
41
84
93
7
66
87
0
39
40
68
71
69
91
67
6
63
19
57
76
18
51
90
19
51
43
31
1
76
9
84
22
50
68
15
10
86
54
62
77
95
30
0
16
74
68
74
37
87
32
65
57
83
55
76
86
50
59
88
27
69
24
49
71
44
16
81
31
71
95
60
66
26
61
34
52
81
61
41
20
93
58
78
28
65
6
14
16
66
54
95
87
78
96
58
75
12
92
58
83
87
18
1
65
31
88
17
12
49
10
33
94
68
63
22
34
69
88
2
35
43
97
22
73
45
33
48
57
25
6
93
64
77
46
30
8
86
99
73
35
10
58
29
30
21
3
16
90
92
18
78
87
67
52
60
12
85
61
22
62
19
15
27
96
13
57
57
0
8
30
87
18
88
17
1
61
72
17
51
64
88
81
3
55
34
64
68
71
77
90
34
96
57
61
93
22
70
2
22
78
32
10
49
72
79
50
33
51
19
36
68
7
18
71
63
4
87
83
75
64
25
61
61
34
22
6
56
44
8
31
23
92
41
72
64
72
74
49
75
93
85
43
53
3
67
16
59
54
51
87
19
76
48
32
62
23
90
18
67
50
49
42
94
42
66
58
14
92
7
42
38
44
85
91
0
52
59
59
59
10
46
30
38
47
14
0
22
56
70
89
6
20
84
0
14
50
10
81
43
69
23
81
13
60
24
13
13
83
25
24
45
23
54
83
70
68
35
92
24
5
34
82
77
70
34
92
20
44
73
15
13
96
48
78
8
72
92
21
7
69
97
52
92
51
87
63
71
74
7
47
80
93
29
9
63
63
1
36
59
26
51
24
74
52
3
83
76
47
56
84
16
54
36
60
57
76
23
29
50
83
28
82
76
10
92
92
73
45
28
85
72
31
9
98
35
64
33
12
63
90
96
31
96
84
92
53
12
67
34
63
50
15
97
79
25
89
23
50
35
51
35
59
34
97
9
22
13
43
34
77
85
82
60
81
18
52
86
83
20
73
46
22
40
43
53
65
85
76
15
72
79
51
83
66
0
92
88
13
87
74
42
72
56
3
5
26
7
44
9
27
69
7
2
9
3
55
74
88
84
89
12
15
92
95
81
44
39
69
58
27
95
52
99
51
55
57
30
63
1
39
42
70
99
96
