842
58
95
75
20
72
76
30
26
24
94
78
49
80
32
13
51
99
8
70
19
67
74
82
0
60
97
42
18
9
19
30
67
14
58
40
38
34
70
65
58
65
43
59
97
27
24
48
79
32
19
50
99
45
32
99
5
82
94
23
43
13
6
62
27
64
2
66
50
25
83
60
90
26
19
87
5
95
35
84
27
6
35
78
51
19
30
9
1
24
32
96
37
90
59
16
6
13
34
56
38
17
16
28
95
35
67
1
82
55
85
9
13
72
40
65
92
70
26
45
94
58
42
83
1
1
51
7
66
86
64
5
3
80
85
99
68
5
0
2
60
37
12
73
10
4
90
2
74
16
47
20
27
41
55
80
94
6
87
61
92
3
66
96
36
3
95
56
8
47
58
68
84
70
94
46
26
36
0
0
5
0
72
84
41
27
64
36
34
51
97
26
7
15
74
43
18
21
99
27
68
57
47
5
80
93
51
6
82
4
59
87
4
31
71
45
59
87
81
93
90
30
71
97
45
98
40
64
19
91
43
40
49
42
97
81
36
48
87
18
4
46
57
8
78
80
54
89
67
87
34
57
18
5
7
63
55
47
79
75
91
22
67
40
65
64
21
53
64
60
71
69
7
80
77
37
60
83
26
27
71
60
36
89
17
43
4
25
43
84
0
34
58
19
74
75
83
47
28
47
7
51
16
66
31
94
55
91
29
33
70
0
93
7
41
63
50
46
40
93
82
40
27
92
59
53
68
94
52
48
41
12
0
58
78
83
4
34
27
85
19
97
86
65
4
27
28
7
25
68
0
59
60
80
52
71
85
72
65
38
20
58
50
20
68
80
56
24
66
83
10
86
80
96
51
37
75
31
44
53
51
96
64
63
28
16
86
14
88
3
4
61
61
6
33
30
38
89
6
57
24
16
43
5
64
46
94
92
29
38
97
80
86
61
95
15
30
81
81
18
36
37
31
97
95
65
79
33
6
86
90
31
54
85
36
19
83
82
63
12
20
60
44
58
21
91
25
51
24
6
22
60
95
53
10
90
70
89
76
77
27
18
8
34
56
96
5
39
78
68
4
50
28
48
8
1
92
34
5
16
92
27
77
88
32
87
30
3
28
6
80
8
25
40
42
81
36
47
72
14
67
76
64
47
77
24
48
69
58
5
85
3
32
62
91
17
1
21
20
30
80
52
38
57
92
32
90
80
31
62
94
98
39
10
45
16
34
45
37
45
51
22
48
35
37
91
52
38
64
24
20
44
28
10
1
72
42
91
52
73
54
46
23
45
8
68
13
95
66
50
40
69
72
40
4
61
31
9
0
95
85
72
92
14
83
93
86
77
37
39
3
43
37
26
88
46
47
53
41
13
3
33
34
27
73
90
41
56
99
93
3
85
65
95
51
0
41
37
78
78
28
81
73
66
59
13
64
6
66
5
71
21
90
5
0
63
96
41
71
47
34
74
84
52
70
35
52
63
25
30
93
53
63
66
19
23
79
35
81
97
40
53
70
30
10
70
45
6
12
16
6
98
91
90
50
13
26
3
28
51
85
21
56
1
39
28
24
70
63
57
67
4
10
37
86
21
59
84
79
23
0
85
22
43
28
24
8
6
27
36
9
65
9
65
66
48
93
90
18
57
99
37
13
10
74
51
83
86
35
14
9
88
52
31
83
80
56
92
86
35
80
95
0
90
60
66
90
6
8
9
63
8
46
76
70
73
79
53
11
15
19
20
3
71
4
38
51
60
30
89
47
63
84
48
5
97
66
95
3
27
56
18
87
55
46
57
80
25
62
91
40
81
11
95
53
15
34
56
27
16
46
75
31
30
75
36
79
93
84
82
20
40
0
59
47
46
16
27
72
78
70
64
12
82
12
65
49
98
21
29
14
19
56
46
50
83
34
29
76
18
64
49
11
