280
37
50
23
50
12
37
94
50
32
73
90
77
65
51
33
2
44
79
8
7
9
49
10
22
50
78
66
90
96
50
67
34
52
90
36
17
79
82
19
11
55
9
88
20
60
73
74
56
53
34
63
62
35
74
84
85
4
2
76
0
5
95
86
57
38
23
74
17
57
94
81
13
3
21
85
16
95
12
72
0
46
36
62
82
62
98
19
18
53
47
18
58
43
57
67
33
32
94
50
89
88
31
2
43
5
40
59
0
52
32
0
50
20
14
32
34
64
4
52
69
51
22
79
46
79
47
79
11
41
82
1
81
65
55
24
70
95
36
22
99
20
22
50
40
88
34
74
5
38
78
74
42
0
6
40
80
53
20
91
46
54
44
79
19
52
55
90
47
91
12
47
11
87
49
3
27
83
29
84
74
7
11
16
60
17
56
40
22
28
83
20
82
80
99
2
32
54
44
79
98
8
78
61
95
79
65
75
63
46
59
89
6
22
5
66
39
13
6
61
42
41
33
76
21
32
30
53
39
74
85
89
83
15
50
30
47
67
57
62
14
69
51
72
91
8
38
31
21
44
44
15
37
78
44
59
62
74
64
53
1
1
42
84
69
45
66
16
64
76
78
78
45
29
50
36
37
40
19
10
36
