660
34
91
12
96
70
30
1
55
11
50
32
34
0
99
57
50
17
86
14
12
43
25
23
89
50
87
79
20
78
65
52
12
57
64
9
79
47
62
34
10
12
19
96
12
18
54
14
88
92
29
0
35
54
23
76
56
11
7
76
89
73
81
2
82
97
63
61
44
25
48
55
37
67
3
1
37
9
15
25
1
44
26
89
50
49
65
59
12
73
35
2
98
68
56
80
66
19
93
62
96
93
69
85
60
73
86
98
82
1
75
36
98
1
25
0
3
90
11
15
15
99
69
65
67
25
45
33
96
91
96
44
84
65
29
97
90
15
47
73
69
22
9
19
76
34
71
79
76
83
94
44
82
16
9
49
93
7
35
90
98
83
34
34
48
16
83
39
31
30
64
52
5
25
71
81
11
95
60
39
78
6
83
60
22
93
61
16
52
96
58
50
79
92
36
80
8
20
71
92
50
87
44
55
12
68
88
23
63
48
62
93
55
98
5
77
91
66
45
95
15
3
45
46
96
33
26
56
53
49
0
56
36
97
63
48
65
52
23
80
52
38
25
7
36
30
37
79
48
82
74
63
86
71
10
34
4
88
42
10
90
43
18
26
40
81
27
57
85
50
89
38
40
14
97
76
44
34
55
44
17
81
8
55
52
70
89
57
10
83
19
0
26
37
27
66
18
6
23
56
8
12
46
49
78
43
77
74
78
33
19
47
14
79
54
19
49
95
28
59
78
47
12
5
84
91
71
54
97
47
62
5
11
8
6
90
52
84
64
82
69
83
29
35
62
35
54
63
30
82
75
8
29
87
65
65
30
89
20
27
36
82
84
99
91
91
89
95
75
6
77
44
89
58
79
4
93
34
19
23
68
94
83
50
33
49
15
63
38
87
42
26
70
27
25
13
18
15
60
93
21
37
89
62
95
68
18
88
54
38
63
75
84
98
25
18
47
40
33
85
28
76
63
50
3
89
15
21
4
75
66
77
64
55
91
59
75
10
99
82
48
14
9
32
12
34
2
60
26
36
97
6
12
61
56
15
2
23
88
58
50
6
35
14
61
26
73
88
88
24
22
88
38
31
21
51
65
75
63
44
11
12
50
75
25
7
42
27
82
30
85
33
36
72
47
49
51
73
90
39
49
64
28
88
96
1
91
13
76
6
57
40
18
60
15
44
67
58
71
1
40
9
86
29
81
34
30
32
59
20
72
8
37
52
48
85
53
91
98
81
97
8
73
16
68
89
12
87
99
35
40
91
44
27
20
26
13
3
10
72
75
82
32
12
86
33
97
91
24
48
73
22
8
46
90
76
87
54
15
38
89
55
30
34
82
2
12
95
5
22
19
33
57
4
45
43
37
95
35
13
43
60
87
51
6
77
79
46
31
94
84
73
1
66
7
36
21
71
83
78
93
55
11
50
59
9
46
48
4
81
61
99
93
1
50
51
78
81
97
62
27
34
35
28
0
94
64
21
65
0
0
10
55
63
13
14
72
59
14
76
92
