236
33
86
8
42
70
24
27
52
5
95
56
4
98
69
30
75
61
64
54
54
1
94
40
16
56
35
86
54
77
32
56
62
70
64
4
40
41
32
44
98
79
52
54
77
73
84
52
86
1
58
41
2
4
33
70
61
68
56
67
97
41
24
59
63
40
16
56
81
0
52
79
79
5
86
57
30
70
61
17
23
20
10
25
24
43
48
85
64
4
5
61
97
29
73
61
69
41
69
3
93
21
34
72
26
20
81
9
43
95
78
66
15
88
44
39
83
92
77
47
48
34
61
98
63
86
11
84
27
80
39
20
1
74
44
80
46
78
89
89
73
67
8
88
7
52
79
90
96
8
90
44
42
51
42
57
37
5
94
16
85
33
88
39
7
32
19
54
10
60
95
35
79
3
23
86
7
55
28
3
15
18
0
10
21
94
67
58
0
61
26
85
95
14
24
54
99
95
60
61
55
56
97
86
11
72
72
19
79
53
22
95
71
74
5
93
69
24
3
69
86
82
54
33
96
31
39
47
26
0
9
34
8
6
20
19
30
