695
57
17
30
80
20
64
65
30
76
36
11
59
18
64
52
27
29
26
14
89
19
29
66
4
25
13
54
94
86
51
82
43
68
12
75
40
77
41
22
5
29
34
64
47
50
68
74
79
47
88
20
66
70
86
22
95
99
77
89
37
28
72
33
48
84
60
41
13
53
63
18
82
97
35
29
47
3
55
78
2
96
51
69
66
37
43
13
89
20
2
78
0
26
11
1
63
24
42
28
77
5
47
60
55
34
41
54
89
97
85
92
93
36
13
11
25
56
24
14
29
78
45
81
5
56
82
20
80
76
48
10
82
47
70
89
81
63
43
23
60
28
15
5
16
28
16
42
36
40
8
17
19
53
99
76
62
33
48
94
10
96
4
44
96
26
33
29
90
76
52
2
57
67
8
73
47
76
67
36
17
28
53
88
33
52
64
95
86
12
90
96
60
46
92
56
73
25
38
15
1
90
17
10
10
25
36
9
2
55
45
71
83
99
59
17
3
75
64
89
39
54
37
99
53
29
8
78
6
46
93
60
88
10
70
50
88
58
60
42
14
57
13
97
8
24
66
12
99
31
53
38
37
91
89
90
72
97
20
79
95
13
91
36
24
61
86
12
72
98
54
86
8
19
35
16
43
2
28
94
33
82
32
22
25
21
13
97
71
33
28
66
99
19
54
23
33
41
87
5
91
93
43
99
64
78
16
7
80
44
1
65
78
85
88
3
58
53
53
29
38
33
48
37
5
2
12
90
95
51
95
39
96
90
38
60
68
6
19
1
3
72
66
81
57
6
37
68
11
42
49
50
75
49
39
32
4
4
22
99
55
69
90
52
59
29
12
28
87
32
29
90
4
47
24
14
6
13
82
17
55
83
19
82
33
11
15
37
15
37
88
70
7
79
74
66
60
87
46
47
71
75
90
27
75
66
93
33
79
75
2
86
11
22
68
44
85
83
81
0
21
69
22
28
0
97
46
60
36
93
60
59
20
2
86
47
68
32
80
99
59
83
37
70
57
5
14
42
89
47
94
62
69
68
42
69
65
88
82
53
33
42
12
54
44
51
1
64
83
34
15
42
17
52
13
26
9
79
20
50
27
14
12
48
34
6
17
0
47
51
5
80
45
70
86
41
21
40
5
56
74
72
50
43
76
15
21
86
95
41
36
74
7
49
74
41
7
91
93
54
95
99
35
40
69
21
82
42
13
39
50
39
12
0
82
88
16
3
26
63
96
63
89
55
64
63
97
71
6
42
26
1
41
13
94
62
86
76
56
0
67
6
39
31
7
74
72
75
29
98
90
78
61
31
33
77
94
82
1
52
25
27
6
18
92
0
81
78
28
37
30
95
44
70
27
3
96
99
30
77
49
20
55
63
51
89
40
97
71
41
1
96
20
7
15
64
59
48
43
87
37
73
35
81
95
14
36
43
65
66
21
14
38
76
77
89
17
70
38
89
63
40
37
84
99
4
0
59
4
43
98
42
69
85
75
16
99
12
60
16
78
81
31
69
9
60
10
27
30
49
68
94
41
5
30
40
62
30
99
66
26
50
8
95
35
84
11
87
48
23
3
78
56
86
47
66
