912
11
99
5
62
15
93
2
80
13
87
63
97
98
74
89
20
42
29
47
70
52
39
40
12
13
44
63
3
20
48
20
83
99
77
45
14
23
47
46
36
87
9
33
37
83
75
57
78
4
56
0
9
96
92
21
61
37
36
64
9
36
36
45
35
14
90
1
37
90
47
25
77
8
11
66
44
86
23
22
90
32
22
99
80
14
72
41
3
61
58
13
97
94
58
85
60
0
38
49
90
38
75
19
46
86
85
42
72
61
64
14
93
38
66
73
53
90
66
56
51
24
21
1
71
31
38
83
32
28
33
74
66
8
94
65
46
79
7
18
40
72
84
85
10
50
10
15
41
77
24
44
53
97
97
76
29
87
60
13
16
93
87
82
53
33
47
99
13
7
69
5
31
53
91
41
56
53
9
49
30
85
45
36
82
43
12
63
30
24
28
98
69
68
81
74
1
80
73
66
87
94
72
18
48
15
12
56
68
73
5
51
10
50
39
92
45
3
8
28
28
36
26
97
56
7
72
58
40
97
24
79
44
48
50
92
63
14
0
84
87
5
35
97
7
26
41
53
29
1
81
57
90
7
7
46
67
31
4
59
80
81
38
24
29
88
68
93
54
68
77
93
73
64
42
33
90
36
86
19
37
19
29
27
78
36
26
97
19
30
56
99
11
47
24
41
35
92
86
42
61
15
35
86
31
78
19
73
14
57
92
51
28
73
31
7
61
57
56
80
39
13
80
3
60
56
44
47
0
82
89
61
97
77
0
28
55
71
53
21
81
97
72
9
71
55
68
32
64
25
65
4
90
97
7
2
53
3
49
53
85
91
67
34
68
19
14
75
90
67
96
23
64
20
33
35
76
53
20
92
30
85
96
72
34
55
74
87
58
76
92
95
67
59
29
87
30
95
62
21
62
10
96
79
30
81
14
58
35
86
51
17
23
99
90
57
55
64
96
65
40
89
61
59
0
42
46
31
38
60
4
52
70
0
31
1
82
98
11
69
84
62
86
60
62
76
17
69
93
14
34
33
3
95
93
55
90
91
86
28
52
90
80
22
91
12
75
25
10
87
94
46
49
80
6
63
9
76
84
2
90
19
87
45
66
32
0
56
24
39
36
76
29
69
50
72
33
26
49
95
65
43
41
66
76
0
30
85
76
14
87
66
85
74
63
4
7
15
12
83
54
49
11
36
70
61
60
3
39
10
98
4
53
39
71
81
91
53
66
67
19
5
85
57
32
48
61
91
16
73
74
70
74
85
58
44
98
19
47
90
81
97
94
86
89
17
68
80
22
34
48
42
92
33
99
24
34
12
15
2
37
89
24
12
26
83
56
24
54
56
14
35
53
61
21
42
30
89
23
53
76
23
47
68
8
98
44
42
10
59
96
47
0
21
11
26
4
68
2
10
76
69
45
81
82
18
76
12
60
51
17
88
74
64
56
82
62
52
77
24
11
73
24
11
94
35
89
50
55
43
60
31
12
57
65
94
28
41
59
88
92
76
76
66
93
84
0
55
36
77
32
99
3
56
62
49
91
51
0
47
46
12
30
59
22
95
5
50
36
16
90
80
45
18
98
38
54
99
45
90
28
77
41
83
33
3
33
25
6
85
24
52
49
54
63
23
50
21
73
38
37
15
19
82
33
17
20
87
68
66
29
49
95
70
32
29
25
17
6
31
2
30
36
4
84
99
27
34
20
53
25
58
68
44
92
54
13
65
93
34
83
23
83
78
45
67
7
71
37
13
54
91
43
90
95
80
90
75
66
62
28
91
72
48
87
65
2
53
30
96
87
13
71
22
91
16
41
51
39
78
16
46
70
12
36
17
92
78
92
58
41
20
2
13
21
89
30
23
42
12
71
81
25
42
3
69
11
97
72
50
75
88
48
97
0
85
15
44
15
59
55
8
32
57
74
53
98
4
76
93
17
48
74
94
42
30
15
53
27
87
56
2
28
4
52
28
89
19
73
57
78
28
65
10
37
39
15
35
44
44
28
13
92
55
59
86
85
75
40
12
14
96
66
42
0
18
23
42
37
96
99
68
76
16
30
13
56
46
0
52
90
81
17
