850
36
57
16
21
6
73
22
35
74
24
82
42
91
51
5
91
95
16
61
57
13
23
72
53
11
68
31
46
68
28
7
56
85
24
29
43
97
52
31
24
28
13
18
19
16
23
62
11
91
23
21
5
98
45
10
9
13
41
56
33
69
63
41
7
39
70
50
37
22
81
13
51
46
31
22
14
6
85
78
97
60
99
54
11
96
64
20
61
58
28
94
79
92
35
86
83
5
89
72
80
22
85
83
21
16
57
35
74
94
65
72
7
16
26
18
12
43
90
73
1
19
19
32
11
54
19
46
12
60
19
44
34
4
79
7
73
36
95
47
83
60
71
90
77
98
60
89
93
50
15
46
69
34
78
32
89
49
79
53
61
98
97
96
54
76
55
79
64
50
27
47
63
50
89
92
0
1
81
93
52
48
39
73
83
70
58
24
19
37
77
81
87
26
29
93
54
84
73
70
87
52
70
2
2
11
94
3
13
75
48
17
76
40
90
59
10
48
83
81
37
12
62
76
90
43
70
44
80
95
66
67
47
36
21
1
48
15
56
61
42
5
30
18
97
20
77
7
21
12
88
58
24
3
87
14
46
57
10
26
4
77
45
51
65
66
4
13
33
13
26
76
70
56
94
67
29
24
26
50
36
14
60
61
69
47
27
68
56
38
46
60
67
44
63
32
62
68
98
96
33
24
72
3
33
18
70
62
42
96
64
79
62
24
92
32
24
19
52
32
9
98
93
76
42
8
61
5
28
59
53
61
35
25
64
68
43
34
82
38
82
46
17
45
23
9
29
99
80
81
31
90
31
76
18
26
85
79
31
13
90
84
75
26
61
39
46
56
26
29
94
8
27
63
53
50
24
34
49
5
15
33
47
99
9
17
25
94
97
8
60
39
44
35
17
5
26
64
13
52
45
8
61
72
23
66
23
48
1
24
5
68
9
4
19
19
21
44
65
70
52
25
10
96
12
79
53
39
43
67
43
88
27
4
13
50
23
88
50
76
12
55
96
22
59
16
93
33
60
58
3
13
36
65
61
48
45
15
87
40
82
83
81
61
39
94
11
62
82
62
38
46
17
35
20
29
51
65
14
63
76
69
28
12
87
90
60
84
57
0
24
91
83
57
52
22
3
63
37
37
77
75
84
47
62
56
28
65
74
42
29
50
11
9
62
50
99
74
34
8
74
11
99
9
68
3
84
72
19
21
9
96
48
45
43
63
54
71
28
28
65
9
30
29
19
92
79
70
66
14
79
93
25
30
54
45
86
38
17
5
11
79
53
60
24
49
23
30
72
3
10
38
13
40
67
84
32
98
54
51
12
85
96
89
68
50
35
6
41
4
63
52
83
16
64
60
17
87
42
90
43
53
28
56
93
47
92
78
45
98
29
10
84
77
51
4
79
38
10
72
43
25
25
78
41
89
90
59
29
33
1
72
86
81
80
79
28
24
57
25
22
38
87
58
67
39
62
47
77
24
19
72
49
96
51
43
38
41
54
19
74
55
43
12
36
75
92
16
99
1
93
21
92
33
80
59
72
94
58
1
71
30
26
72
26
77
15
64
70
21
83
97
28
78
9
16
53
53
84
52
7
78
74
99
11
6
10
35
0
21
88
23
51
14
96
77
43
63
94
14
37
29
63
65
8
72
34
61
78
18
14
85
48
40
36
11
98
98
98
50
19
87
74
70
53
70
0
97
85
94
63
22
75
78
88
83
50
22
45
80
92
11
65
41
3
53
52
1
52
51
51
71
90
25
94
43
47
94
92
33
88
7
55
63
85
95
99
36
17
96
16
10
59
34
51
62
87
55
15
91
6
66
63
96
44
57
92
91
51
84
76
91
92
32
6
77
27
57
65
97
53
34
59
12
20
62
26
59
17
41
51
76
8
14
72
4
23
16
95
26
1
72
69
45
56
75
74
83
33
40
32
