796
24
3
11
13
58
85
56
48
33
84
36
44
68
13
48
53
10
45
60
13
32
17
12
16
40
51
43
68
55
82
78
32
85
89
97
96
26
5
44
60
89
32
4
57
97
4
62
7
1
22
21
33
91
85
49
31
88
45
51
44
27
30
28
65
71
25
61
98
30
57
58
19
89
14
28
38
19
43
45
72
65
66
6
9
4
7
92
92
4
44
88
84
74
16
49
97
41
62
95
71
71
5
42
12
72
23
50
43
66
95
15
83
14
73
44
70
33
37
62
37
81
51
73
7
19
74
56
61
36
4
84
59
9
79
71
33
54
21
76
72
69
92
55
35
65
52
5
50
89
19
88
22
70
13
81
42
88
37
3
76
41
39
36
3
70
7
36
24
81
65
96
2
57
4
37
74
56
42
25
97
13
65
19
84
78
0
78
66
89
33
43
31
72
31
34
95
38
22
19
71
87
68
25
96
72
62
23
80
56
48
77
70
65
48
6
95
0
84
14
89
69
57
20
41
40
6
88
78
29
8
2
68
28
27
65
52
42
40
32
98
40
61
20
5
9
78
0
9
14
66
98
83
75
71
77
15
77
65
94
58
25
48
79
53
27
96
5
69
36
89
20
76
50
40
33
11
71
33
72
85
52
23
69
27
94
46
43
23
11
89
34
37
37
13
42
64
61
48
86
97
37
6
73
40
98
6
51
69
91
76
55
95
99
76
23
45
22
66
68
85
55
54
74
92
19
17
8
80
17
94
77
54
0
2
46
51
60
98
20
4
26
27
99
25
3
22
70
77
40
90
15
95
45
89
39
16
58
48
97
75
94
26
82
47
81
28
98
93
78
18
97
4
98
49
81
1
23
51
31
64
94
46
11
91
87
51
7
46
51
4
73
45
83
55
92
64
36
42
9
14
13
7
71
11
8
52
64
83
4
95
47
98
93
59
89
33
62
48
79
13
5
4
10
88
12
55
4
48
97
13
62
10
72
33
73
80
38
38
16
42
85
63
92
79
74
33
64
36
33
95
49
38
99
60
26
11
15
82
59
64
96
74
75
20
59
48
53
97
38
69
91
24
32
35
55
59
20
19
95
54
66
97
92
65
9
71
77
76
53
88
40
1
14
67
22
74
68
75
23
6
96
15
82
28
2
89
39
23
60
35
29
26
84
21
44
93
44
73
69
50
61
61
3
76
29
77
2
97
4
25
55
0
40
90
81
95
79
20
18
92
55
47
70
39
20
14
84
17
87
5
19
49
67
22
77
96
0
79
45
4
4
0
57
97
90
38
92
22
58
62
66
66
61
36
57
81
51
42
50
38
47
69
39
14
92
68
62
44
47
7
0
4
60
57
53
50
95
97
24
6
59
90
72
72
27
29
5
78
71
56
68
71
25
60
37
69
28
0
65
28
7
66
84
19
75
37
22
23
86
46
29
97
89
1
69
16
30
74
46
54
30
66
25
8
26
14
29
7
14
95
35
74
13
19
93
88
8
15
11
94
14
40
43
3
93
12
71
24
38
69
30
69
35
7
29
14
21
58
21
36
5
56
62
18
27
55
7
35
23
70
81
37
63
24
92
56
88
63
32
26
32
62
47
19
21
76
85
43
87
6
31
92
14
93
11
41
0
70
28
75
40
61
12
3
85
4
60
73
19
44
52
3
7
99
23
28
28
60
23
67
67
54
59
33
99
22
27
52
44
55
27
85
17
92
40
54
48
0
80
68
45
84
23
4
83
46
84
63
59
8
30
26
14
42
11
14
16
38
18
61
46
45
46
15
37
38
69
38
39
1
58
36
85
81
92
21
