596
7
35
60
88
32
56
71
46
16
8
53
20
90
58
98
68
12
31
34
59
64
25
99
0
80
15
14
34
19
7
9
78
43
69
67
27
77
90
73
94
50
78
14
92
89
12
60
1
95
46
61
59
71
12
11
3
27
25
37
98
85
47
77
80
68
96
7
46
38
32
92
41
11
6
85
52
70
98
53
65
44
66
77
68
78
88
71
57
66
9
56
3
8
85
83
76
33
42
22
23
74
66
64
37
72
2
89
94
0
95
12
44
61
89
12
92
29
84
49
47
45
57
50
53
94
33
81
27
75
56
51
2
22
67
91
95
69
33
41
69
28
53
66
41
94
78
33
24
14
35
71
59
44
22
64
39
7
46
66
35
2
69
89
24
37
32
71
58
65
13
28
45
18
94
87
13
24
72
89
39
59
12
50
4
34
15
43
94
13
61
81
15
83
70
91
72
2
63
30
20
28
10
65
98
4
4
11
81
29
52
20
88
65
22
92
51
89
87
45
2
1
78
17
36
48
61
8
3
24
38
23
4
1
40
2
57
45
66
38
26
18
10
14
83
33
59
35
22
98
32
77
99
11
94
35
11
55
95
14
31
86
89
87
87
82
90
44
79
8
83
5
26
45
19
62
30
30
49
53
29
81
30
80
44
76
68
56
84
63
22
67
1
64
55
88
46
45
85
25
53
20
30
31
65
1
93
96
32
42
1
13
76
83
93
72
59
13
28
95
29
3
63
30
19
18
19
65
15
4
42
68
76
24
51
41
25
97
89
9
39
90
74
67
73
68
40
85
33
20
80
62
23
43
93
42
13
12
59
28
68
53
48
44
77
0
37
55
97
27
16
88
17
91
56
43
11
48
28
44
68
8
7
44
4
0
38
17
64
50
46
84
3
94
80
33
46
17
40
43
44
56
32
14
99
40
57
10
40
37
7
8
97
14
4
1
66
43
71
82
45
69
18
48
15
98
33
62
15
73
5
12
30
89
78
29
81
35
92
21
72
99
82
69
65
86
23
83
81
46
65
26
15
35
27
30
33
60
44
0
34
2
64
16
43
42
45
25
77
89
98
1
88
80
23
5
19
98
88
0
44
5
27
11
40
6
93
73
66
38
26
0
40
90
16
83
33
14
60
62
55
59
16
96
91
39
1
10
89
42
63
85
47
90
96
40
48
89
65
14
79
91
67
71
82
35
7
67
1
67
29
57
78
97
53
22
88
6
32
77
48
95
62
48
37
10
40
85
0
5
52
31
49
19
3
83
54
10
50
56
29
31
65
8
29
70
30
69
76
14
47
77
10
61
77
99
72
17
37
24
74
89
55
23
8
58
6
14
20
8
22
50
92
87
58
73
57
