369
1
29
92
18
48
81
89
99
20
81
64
29
64
57
95
48
31
74
12
66
50
45
60
5
72
37
52
9
73
75
92
74
4
37
44
52
18
33
3
90
66
19
72
30
29
67
78
60
93
42
78
95
39
38
53
11
76
57
20
49
32
65
75
88
2
19
92
72
4
95
62
70
14
86
52
43
54
30
3
47
24
81
95
63
72
48
74
48
5
94
49
37
11
76
77
13
95
69
37
51
64
52
73
78
38
25
74
44
7
29
44
31
63
39
94
35
87
20
35
44
66
36
33
78
12
10
43
59
79
81
62
43
85
35
73
23
12
99
20
19
29
64
2
44
3
48
79
42
68
66
38
34
2
71
64
66
81
8
25
12
41
39
55
26
74
80
1
86
32
21
57
61
85
11
57
40
59
88
34
27
54
72
13
8
43
30
74
76
38
51
88
79
90
95
57
16
28
58
54
60
32
11
73
17
22
30
10
33
18
44
12
72
17
25
32
12
7
6
89
45
57
29
76
99
25
33
15
53
44
69
13
76
32
86
45
6
68
55
39
86
52
51
10
21
28
42
85
88
0
74
33
9
4
62
8
81
47
75
34
91
96
99
19
28
37
65
86
5
72
77
43
76
80
53
97
8
47
83
48
47
9
82
56
65
96
16
98
43
91
32
87
87
83
6
67
20
71
5
77
96
82
20
72
62
25
22
22
72
57
71
71
18
5
79
84
1
95
34
44
38
19
83
77
2
90
44
75
13
49
52
9
83
73
34
45
50
56
68
23
13
91
46
31
96
26
67
97
73
2
93
12
21
77
89
75
19
86
50
32
87
3
42
71
28
76
68
78
84
88
