638
58
87
42
16
24
5
71
82
0
40
26
67
86
35
21
8
56
54
74
99
84
73
21
58
60
12
56
28
87
90
75
98
77
17
66
54
74
37
36
75
77
15
42
15
50
15
75
58
69
50
57
5
23
79
16
35
43
72
63
83
14
90
81
44
7
99
98
34
36
86
9
65
1
3
33
3
19
8
61
40
58
19
98
33
50
14
68
93
38
84
76
52
74
9
48
34
8
98
68
96
85
29
62
86
32
95
42
3
55
3
96
14
74
94
99
76
8
20
22
46
56
50
50
82
60
99
16
20
49
36
17
34
17
31
73
2
26
15
57
33
18
53
99
45
47
99
21
7
19
43
5
75
94
56
9
6
7
26
26
56
14
43
43
84
74
16
86
52
31
43
86
1
97
85
46
96
36
20
4
7
15
9
34
9
65
44
15
24
70
94
33
36
37
76
20
64
92
6
16
75
2
54
28
51
92
27
47
28
47
51
36
62
61
70
24
78
14
91
3
36
85
88
73
23
64
45
39
8
4
7
83
6
62
11
57
54
38
4
34
37
8
70
0
69
93
76
99
7
67
54
44
53
42
69
28
58
66
67
66
70
74
49
28
88
13
37
94
3
94
29
93
2
51
93
23
44
21
22
4
88
29
0
41
23
69
69
82
87
88
48
58
15
50
86
3
63
76
50
18
70
79
11
72
82
56
47
27
77
21
31
66
50
31
59
74
52
81
56
39
69
56
49
84
6
88
40
69
64
90
40
34
21
51
58
3
60
5
82
37
78
13
55
29
96
15
55
0
96
63
92
17
19
41
54
78
81
94
47
45
36
39
31
57
91
41
60
51
46
43
40
77
8
96
58
57
63
65
9
11
28
1
28
99
95
34
77
76
28
77
74
16
16
57
73
59
99
86
62
97
81
3
74
41
51
32
50
14
97
60
25
77
13
5
77
60
40
6
89
20
83
15
37
52
72
62
63
71
0
26
69
33
81
43
27
84
28
77
98
25
89
75
3
3
32
32
15
72
38
56
93
74
71
82
78
44
96
41
15
97
19
36
82
0
80
9
84
8
87
34
85
76
61
88
31
94
72
99
18
63
55
11
37
27
45
67
71
42
8
38
91
28
75
73
80
7
83
17
15
70
51
52
98
65
41
82
59
13
81
77
28
36
41
65
15
38
32
38
32
93
29
23
73
4
49
53
63
32
22
30
54
26
82
4
91
75
86
2
89
19
31
69
8
24
35
23
63
19
14
95
64
43
71
37
99
20
43
62
4
65
92
58
91
26
14
82
2
53
36
43
72
68
12
80
92
99
56
7
19
70
55
35
65
26
73
64
98
68
78
2
33
22
12
77
48
26
59
2
79
48
45
4
16
58
36
60
57
92
68
28
14
23
64
31
1
89
47
99
57
25
53
90
99
65
19
0
43
31
2
75
79
48
31
95
58
67
7
67
12
