514
95
7
90
68
50
71
54
73
16
87
53
33
50
58
53
63
18
88
41
15
34
26
23
88
34
45
84
25
0
16
99
47
23
41
67
25
64
73
51
80
60
4
13
11
14
66
26
33
6
68
0
40
46
75
81
80
21
65
6
21
33
57
69
8
98
88
34
62
62
37
94
22
41
7
85
55
26
12
40
32
80
40
25
78
16
6
58
37
23
16
10
57
73
31
65
23
20
51
85
82
88
79
56
81
39
42
89
65
6
29
49
38
70
74
16
38
32
74
27
56
91
37
13
64
21
30
88
93
34
25
27
22
57
83
4
96
77
93
13
83
74
14
21
96
89
37
34
73
64
61
29
7
51
94
71
24
77
11
17
11
89
44
85
46
79
89
94
9
34
59
44
61
73
66
57
14
55
92
88
71
5
17
78
8
64
2
84
41
65
53
52
54
49
37
52
29
79
98
90
65
57
34
78
31
52
36
45
8
80
85
31
37
55
10
98
19
12
82
12
77
36
16
84
85
5
88
66
36
87
56
2
44
91
80
27
43
68
25
3
48
62
87
86
17
97
84
36
61
18
0
90
54
16
26
92
22
15
58
58
2
67
12
98
58
45
78
53
13
3
9
14
65
96
0
83
45
36
71
6
6
24
48
13
40
75
5
14
90
15
73
44
82
37
42
92
82
20
98
48
75
7
62
41
55
14
76
0
2
99
58
8
75
6
21
16
81
26
82
23
94
7
67
76
45
10
69
79
82
67
27
58
26
41
51
81
55
27
33
57
78
91
18
54
97
39
22
31
18
4
6
12
12
74
88
9
36
9
88
18
28
68
28
54
9
79
87
17
58
20
74
89
11
44
43
61
84
17
44
54
21
2
66
85
28
6
94
64
68
83
35
96
51
63
3
12
95
90
29
53
63
56
42
26
0
37
39
36
6
83
90
28
38
8
65
66
15
60
31
35
95
18
31
98
33
86
10
80
77
92
34
92
48
28
18
48
18
58
85
24
93
27
4
31
36
22
50
51
82
33
86
29
51
69
79
36
56
41
17
85
33
3
77
81
83
47
82
1
57
19
78
3
46
34
86
82
56
36
85
90
69
23
19
20
45
98
9
53
40
78
38
25
81
67
59
64
14
41
18
24
12
96
27
10
82
13
93
39
50
30
29
19
6
1
92
