792
19
25
1
66
28
68
61
3
49
78
9
79
40
28
66
68
1
99
45
8
76
95
88
5
21
24
89
25
88
66
27
7
43
28
74
24
48
87
79
97
65
88
28
6
69
94
74
70
93
71
30
22
66
19
27
40
43
16
17
31
34
44
91
78
24
17
54
73
4
33
22
70
74
51
28
43
45
2
65
91
73
96
13
91
67
92
83
62
8
0
46
42
44
37
72
21
54
26
94
10
12
68
80
86
19
60
29
17
14
46
60
87
94
25
31
61
17
66
76
25
67
22
19
63
11
44
84
17
22
30
27
34
99
60
72
70
20
1
87
35
0
99
74
94
24
57
8
41
24
84
18
43
58
38
6
21
34
43
38
56
25
65
43
76
77
15
47
98
17
86
85
69
86
59
63
10
17
71
4
93
7
22
36
17
60
94
38
46
89
76
3
15
94
46
91
71
61
38
21
30
77
6
99
63
18
15
25
87
38
29
80
46
52
68
63
64
62
2
11
52
30
14
67
24
12
10
48
25
1
69
56
78
28
7
93
98
22
18
85
61
48
17
59
52
85
22
16
47
76
27
51
7
93
70
83
57
81
31
83
82
1
91
12
81
50
5
79
25
75
16
38
23
33
97
75
70
71
44
17
0
23
21
7
69
91
90
26
72
22
61
6
75
4
18
8
55
75
87
80
51
3
18
26
88
67
2
58
38
98
27
38
21
48
97
42
40
40
69
12
14
82
71
89
87
41
97
42
17
36
22
68
39
92
94
79
59
48
37
49
98
64
40
20
65
37
62
5
77
83
69
91
18
40
32
5
82
81
47
51
17
21
71
8
65
17
87
76
66
76
25
16
93
65
36
58
3
51
15
32
86
84
76
4
77
60
9
11
42
8
62
11
81
33
72
98
50
11
74
68
88
0
85
33
17
73
91
72
76
6
5
15
42
33
19
19
93
81
30
87
41
44
99
75
29
71
25
32
82
0
0
22
52
37
55
69
63
98
94
39
56
51
54
99
84
26
70
77
59
53
17
0
97
16
27
79
39
53
11
73
5
11
48
9
1
55
78
64
54
24
55
10
75
10
61
59
88
84
89
47
37
6
99
86
74
27
65
13
32
76
38
37
40
86
46
93
42
76
57
48
53
12
10
28
74
24
88
14
8
29
61
45
35
13
83
61
40
49
26
24
77
64
13
69
3
11
62
97
39
19
97
92
84
7
21
10
31
61
25
91
90
38
36
77
51
20
38
43
21
64
67
98
80
32
68
35
43
30
32
35
2
29
27
38
89
0
0
72
61
25
64
3
16
52
80
67
24
18
63
97
34
82
48
67
15
16
2
10
98
87
45
52
68
25
42
9
25
43
82
39
20
98
42
36
2
23
56
79
93
19
76
80
1
24
47
16
92
1
79
43
88
24
47
9
1
42
18
79
85
52
18
5
50
12
94
5
35
50
36
81
69
12
61
70
89
60
39
33
61
18
28
2
94
28
63
96
70
81
75
7
86
45
12
88
57
58
93
45
8
29
26
29
94
39
0
35
99
91
20
12
9
49
66
3
29
29
51
99
63
26
6
49
23
70
37
81
81
83
78
89
64
4
71
58
95
71
45
94
62
66
58
23
67
25
26
96
6
78
47
21
56
5
70
32
27
60
13
8
95
43
50
59
47
21
70
42
92
15
88
6
81
98
29
48
75
7
44
82
37
91
3
94
48
26
78
76
38
91
84
33
86
34
92
33
55
14
27
99
30
67
57
11
65
38
60
41
46
56
75
35
0
30
81
48
56
59
24
46
2
9
79
88
95
