381
85
53
54
56
52
82
20
62
87
45
78
52
31
49
78
81
48
67
38
17
98
31
73
1
32
17
51
36
99
89
30
85
42
36
93
94
18
65
9
57
11
87
61
42
89
40
75
37
7
65
6
57
97
31
10
81
48
62
17
0
51
99
37
45
87
82
39
58
48
0
15
11
88
77
5
29
69
81
66
28
46
25
85
95
56
95
28
57
9
98
9
12
49
98
57
37
80
49
95
80
49
62
91
89
39
97
18
60
30
37
88
28
62
25
76
18
73
4
27
82
2
36
95
52
34
52
41
67
1
36
99
51
98
91
92
90
40
11
50
22
48
91
2
10
16
78
80
89
35
60
24
89
96
19
41
83
23
82
2
77
70
1
80
69
44
72
11
36
83
13
10
31
4
13
93
73
43
26
14
78
86
38
68
34
57
61
69
81
96
71
58
66
25
38
87
69
62
98
58
46
12
68
29
68
33
23
41
77
49
56
7
87
46
27
21
4
89
91
37
85
14
47
3
39
37
91
61
99
41
71
97
5
39
27
74
73
2
67
50
3
75
9
90
22
37
63
78
26
54
67
63
21
66
18
12
3
9
73
54
3
44
4
8
36
31
34
9
85
54
11
88
81
20
30
55
57
93
33
35
0
52
50
73
18
69
85
73
30
11
28
33
7
84
94
43
15
28
4
52
34
15
92
16
88
22
71
97
67
5
85
19
9
35
92
28
56
30
1
87
41
81
72
48
65
66
44
32
95
48
84
81
16
76
97
4
50
69
1
70
26
86
41
35
74
34
63
30
16
17
69
57
50
42
57
16
8
1
0
55
2
37
37
18
65
34
22
16
55
75
38
81
14
79
69
88
65
84
70
81
53
40
