482
19
32
50
62
47
83
14
28
57
65
56
28
17
73
7
6
12
4
74
84
53
91
1
65
45
74
56
66
36
33
89
55
66
39
17
65
74
84
45
32
49
1
12
18
26
19
76
38
76
50
22
29
94
75
46
39
49
54
5
85
39
46
92
5
38
10
23
12
46
20
96
47
22
8
66
0
28
42
39
56
45
13
37
39
89
83
30
90
89
36
28
28
34
20
86
72
82
61
85
28
81
81
76
3
90
42
4
70
36
95
78
33
8
15
72
49
50
3
40
39
91
68
19
25
88
5
98
23
66
35
51
0
68
27
55
58
21
59
80
10
6
10
43
15
25
16
16
27
71
56
18
62
76
38
39
17
95
89
40
14
24
43
14
93
71
69
3
44
81
36
54
87
46
98
54
72
66
71
51
89
79
70
3
8
8
42
25
55
32
17
69
8
60
83
1
83
5
57
28
86
93
34
25
39
84
80
63
2
3
15
91
34
37
94
42
45
89
19
0
21
88
22
29
49
5
83
84
10
40
64
48
85
99
74
76
35
6
92
38
9
59
81
95
96
28
38
41
17
9
93
38
98
15
19
47
73
2
31
35
94
96
84
79
47
10
56
34
68
48
72
77
59
6
24
55
34
62
48
51
24
41
89
22
9
8
21
82
63
4
69
57
52
5
37
99
15
45
34
83
45
58
12
4
64
37
59
98
51
7
1
27
0
90
49
61
51
70
95
66
75
65
23
27
70
12
79
38
57
65
73
54
75
38
58
92
27
69
42
78
28
44
58
81
86
7
42
89
30
38
55
5
55
79
84
25
43
15
15
53
32
89
7
8
27
18
0
54
39
42
84
20
38
42
1
25
2
43
14
32
33
70
89
88
1
25
66
44
41
81
97
25
22
57
33
49
27
85
55
66
80
40
86
18
34
87
43
36
83
10
68
68
80
57
57
33
83
75
77
76
56
27
1
79
84
87
80
11
24
36
29
56
28
16
75
62
55
70
99
38
32
19
59
12
29
16
45
12
43
75
40
99
2
93
30
38
32
63
1
57
99
30
13
79
98
40
41
54
63
92
44
95
64
3
60
93
71
57
57
14
32
97
66
