552
82
24
34
60
17
10
62
46
50
7
54
86
63
62
14
91
23
4
42
76
46
26
50
89
15
77
70
37
26
55
81
8
79
16
20
48
78
83
94
28
90
1
15
53
63
81
96
38
85
38
66
83
64
16
24
80
46
95
69
72
2
50
81
82
18
53
82
48
36
77
77
26
30
44
32
45
77
80
84
15
19
50
98
35
19
75
67
17
70
36
89
24
39
22
58
57
76
41
6
12
18
35
91
0
31
75
45
8
55
81
23
26
84
74
62
3
49
81
20
71
70
61
95
9
36
54
18
12
95
76
76
65
63
19
65
94
94
62
55
2
44
78
28
28
4
42
83
53
76
3
24
46
16
72
55
52
26
25
16
73
2
93
38
17
64
55
12
11
17
67
13
61
97
93
41
2
88
24
7
64
79
84
10
96
56
17
0
34
94
17
59
48
62
97
66
26
4
78
37
73
97
2
35
46
96
28
48
36
53
8
0
84
92
62
80
0
31
33
34
77
50
93
26
12
42
92
90
98
22
28
71
71
30
58
17
78
87
18
14
92
26
66
76
70
80
9
70
63
42
56
41
44
1
67
56
95
11
46
93
33
26
64
56
9
23
73
87
62
43
54
54
69
72
30
39
53
39
61
16
33
17
9
77
18
76
85
13
39
84
58
24
10
23
80
19
98
6
59
60
49
13
14
19
85
96
10
90
88
72
59
21
41
68
51
12
97
36
25
36
20
84
61
31
59
93
2
57
99
61
69
49
26
83
20
64
31
30
6
19
54
65
93
96
86
44
8
83
80
85
71
1
21
84
84
32
78
38
89
29
0
58
78
78
93
50
94
77
33
1
48
87
18
41
35
4
37
95
39
18
33
11
71
54
47
7
39
77
45
28
7
97
39
37
28
84
88
22
61
21
23
10
60
42
3
48
98
41
43
38
11
28
1
82
35
0
41
74
78
86
54
85
36
93
74
64
30
62
86
91
35
62
53
48
56
57
96
54
50
91
92
61
72
45
95
7
46
36
81
24
22
35
61
10
81
35
74
11
50
13
54
37
75
8
37
31
17
33
37
19
77
30
80
49
27
75
56
73
11
89
49
85
76
62
96
9
50
22
20
0
35
27
89
62
87
27
45
4
12
83
23
89
65
55
90
92
30
98
18
93
39
67
78
16
30
26
25
32
1
98
32
36
25
73
51
12
0
96
68
65
79
43
6
44
98
97
89
80
95
7
25
87
26
55
3
56
82
80
40
35
30
72
71
