429
57
96
0
91
9
52
52
20
49
19
74
75
41
95
81
78
93
21
79
79
48
24
50
36
87
59
73
98
58
46
87
67
42
40
58
52
92
62
24
94
81
50
21
23
46
2
53
39
76
84
70
24
8
20
60
47
31
34
45
89
32
85
8
74
77
67
78
69
29
54
15
63
5
36
86
3
39
91
94
67
75
64
91
35
36
3
82
67
89
79
9
21
16
17
48
93
84
78
15
66
33
30
29
38
19
67
93
10
58
87
77
85
51
68
20
39
71
2
6
13
33
67
34
50
85
34
95
21
13
10
87
46
41
68
36
12
35
29
22
45
68
99
30
71
67
50
10
90
4
68
3
90
36
90
92
21
76
87
94
89
98
82
87
91
2
75
3
90
56
25
35
24
76
18
95
43
20
5
85
77
74
41
67
62
83
59
83
59
46
77
1
96
11
88
87
66
16
42
56
72
19
91
49
95
61
44
90
82
2
28
59
28
69
26
90
4
37
25
63
83
54
16
32
18
5
19
84
73
14
40
45
85
83
94
81
45
91
23
27
45
51
38
25
20
64
67
76
1
92
40
36
98
56
68
68
13
40
52
38
6
44
84
91
80
30
72
77
73
96
56
70
99
94
95
20
58
62
96
11
6
88
99
5
97
68
25
62
60
78
1
66
74
37
9
6
19
82
83
45
30
39
15
81
33
11
1
43
73
50
54
80
90
6
37
39
26
62
2
86
92
55
4
19
44
13
25
63
47
9
8
29
48
76
11
82
87
64
25
12
66
32
92
9
90
81
48
16
44
2
54
36
9
58
7
53
23
33
69
23
42
29
52
90
5
15
24
92
32
2
5
98
34
49
59
24
31
8
92
75
62
46
63
72
4
23
77
79
56
46
2
98
76
7
40
81
74
65
26
6
67
83
57
53
32
16
77
15
76
21
42
39
67
58
63
23
81
40
2
37
39
57
35
15
16
27
48
90
92
26
