618
91
47
94
12
65
89
52
26
82
8
73
18
38
80
88
57
35
78
42
38
83
83
63
96
29
46
22
1
99
83
22
43
31
69
55
96
58
7
74
92
67
47
63
5
28
51
14
15
81
57
6
17
92
69
13
22
15
35
75
66
70
50
9
1
19
64
50
29
24
24
73
43
72
36
49
52
40
15
19
21
24
25
38
69
46
3
43
13
90
18
80
61
20
89
62
39
6
64
20
82
89
94
25
13
30
26
65
22
42
84
44
18
62
34
39
8
38
82
22
28
53
54
41
73
95
56
65
1
20
85
35
9
79
61
22
62
87
39
84
81
76
80
0
38
15
39
98
5
74
20
85
27
26
27
52
22
83
17
75
3
55
11
65
86
24
39
48
11
79
85
93
55
17
45
45
32
36
43
89
10
16
75
89
42
54
42
16
37
11
44
92
66
55
9
53
79
49
53
42
28
38
87
35
8
32
32
40
21
75
82
83
43
57
73
38
11
67
54
0
78
98
44
97
5
54
50
36
55
3
79
35
94
66
70
2
51
54
94
72
81
76
7
25
85
80
63
48
99
69
48
78
20
45
75
77
51
77
14
6
32
45
41
26
11
11
28
14
17
75
38
98
51
46
23
89
78
38
37
78
60
38
8
32
83
35
9
86
12
75
92
44
20
33
23
84
96
51
98
13
78
89
11
82
35
35
71
13
25
60
91
85
50
99
17
85
34
79
71
98
54
63
43
27
96
66
63
92
69
61
5
0
2
17
82
37
4
5
51
81
65
94
67
16
46
36
1
80
67
73
31
74
36
74
1
33
92
64
77
13
77
83
13
80
52
95
69
8
0
72
89
18
67
8
34
13
97
87
45
64
60
76
38
49
2
91
34
46
7
11
60
37
46
73
69
98
21
38
6
21
11
48
39
30
56
25
95
53
13
92
70
73
21
60
22
75
4
8
22
11
20
82
48
18
7
69
69
28
8
27
50
71
75
41
53
32
67
48
37
80
92
7
5
13
20
80
89
24
88
63
87
60
45
88
79
4
57
48
33
17
75
35
88
3
28
41
35
95
41
24
27
34
84
85
99
4
17
40
28
57
3
67
18
0
55
49
5
13
49
90
30
76
25
19
79
53
12
66
1
6
43
80
92
27
17
91
83
34
84
63
92
87
30
62
40
86
11
45
99
12
35
29
40
12
0
20
17
65
38
18
71
81
51
15
60
68
58
43
3
42
6
95
82
37
9
22
23
72
19
74
84
54
3
24
18
56
96
35
73
87
6
44
20
57
11
81
77
69
24
80
12
83
27
94
20
36
16
95
8
35
69
44
41
24
21
11
32
69
46
5
56
4
1
29
61
12
10
39
82
86
71
46
69
51
40
41
39
8
88
48
95
9
44
36
34
17
99
18
87
