515
51
51
53
4
43
31
94
69
12
61
28
28
27
21
46
3
33
94
30
95
77
44
88
68
46
71
97
65
29
50
9
32
2
62
36
45
93
82
66
57
95
46
86
74
67
84
78
52
79
8
48
8
4
88
76
50
11
25
68
40
76
29
72
30
44
60
75
89
42
94
47
89
40
85
64
8
69
94
12
0
2
12
8
59
53
36
61
64
62
81
5
90
11
29
20
7
42
47
96
36
41
43
26
82
28
90
42
50
36
54
50
38
19
11
49
72
47
63
36
61
44
93
51
7
75
71
14
17
19
63
53
60
6
79
94
87
21
36
37
57
43
39
48
62
50
49
86
98
12
22
59
9
68
63
16
43
34
83
60
5
46
65
18
4
45
12
43
18
1
32
28
44
72
76
58
74
25
96
72
90
70
84
99
38
99
67
33
85
50
45
91
48
11
61
5
8
25
48
26
26
81
54
22
5
82
32
79
60
28
4
50
99
88
1
37
87
68
23
24
19
68
15
19
31
28
24
39
54
73
18
80
6
24
3
11
59
35
42
19
16
46
21
15
86
74
4
25
42
27
50
13
48
65
33
79
94
9
71
48
82
89
80
40
65
35
3
24
71
46
95
39
92
68
54
79
42
58
4
85
38
54
50
38
72
83
17
18
45
40
66
27
81
98
20
47
34
23
23
57
69
19
96
62
39
50
41
82
60
97
19
50
52
21
88
24
57
58
42
2
98
60
29
80
10
1
79
44
25
2
1
94
73
49
8
65
51
49
47
12
99
18
14
51
39
3
27
96
61
21
98
11
33
80
43
43
33
22
88
58
77
41
5
50
43
13
15
94
15
14
58
14
84
73
17
76
28
44
24
41
17
23
52
50
55
96
45
40
18
85
99
95
27
4
98
22
17
65
16
32
80
75
98
16
0
15
92
28
11
17
69
28
92
73
78
99
69
24
39
40
9
38
87
88
94
37
62
64
3
79
48
35
6
47
51
6
14
44
86
26
13
7
54
5
80
85
4
2
61
95
94
22
86
33
63
80
71
25
96
26
56
45
13
62
44
64
20
58
60
6
84
73
65
91
30
98
76
34
52
89
30
98
63
68
31
26
48
54
4
45
32
60
42
45
23
86
10
43
44
22
2
29
48
19
20
78
17
48
65
21
37
95
19
0
63
3
