586
73
18
32
28
87
4
82
51
26
68
40
61
21
27
60
93
86
76
76
32
98
26
49
70
74
54
35
67
94
54
57
20
25
89
48
64
45
83
16
71
51
56
85
73
83
97
18
21
73
95
6
23
73
7
93
99
61
80
66
8
87
75
80
12
17
28
76
62
63
44
34
15
0
71
40
35
68
58
9
93
5
15
16
79
22
9
30
35
90
97
43
29
24
23
41
41
4
69
4
67
14
90
34
66
61
74
54
81
33
15
74
90
30
42
69
4
51
0
91
93
49
87
22
73
62
15
15
66
37
71
86
51
61
72
69
74
47
75
55
32
90
81
22
72
23
44
76
26
96
68
72
97
55
46
70
17
62
37
36
99
8
74
2
21
46
23
95
45
99
2
29
89
83
4
14
58
48
90
85
96
10
57
93
17
3
15
87
17
53
75
68
13
1
70
87
99
46
82
45
45
37
26
86
20
30
0
79
30
43
16
26
5
73
19
75
28
35
62
46
40
89
14
5
90
37
92
89
83
27
86
80
64
13
18
36
43
19
67
26
14
83
52
19
56
24
94
85
11
8
83
51
97
97
56
39
34
1
29
69
28
15
49
92
28
68
28
24
39
96
50
5
79
54
24
88
78
71
25
89
31
8
92
81
5
1
20
92
2
1
61
30
17
11
74
97
31
2
73
70
50
75
75
30
30
51
70
60
74
95
50
58
55
94
39
60
95
11
4
49
13
66
31
82
29
5
31
60
60
5
82
10
80
57
92
62
60
62
23
87
9
25
45
64
19
36
77
67
47
81
68
12
99
0
94
28
57
78
88
17
35
70
28
15
79
72
30
92
87
53
79
96
30
76
13
49
12
42
68
11
75
37
24
75
37
70
3
94
0
92
64
35
14
44
3
94
16
33
86
3
38
17
52
68
93
17
69
5
59
38
68
86
75
92
61
64
15
65
10
15
9
74
51
75
70
54
21
87
39
7
42
77
76
94
97
69
63
66
26
74
4
95
61
31
87
22
47
54
39
10
22
0
36
73
76
7
79
97
94
70
57
36
47
33
83
44
55
46
62
81
73
19
76
34
50
16
56
50
70
48
60
92
0
48
17
76
55
48
26
49
18
35
38
17
68
73
13
23
71
76
57
44
95
33
78
97
49
87
47
72
87
59
16
87
8
34
16
15
34
42
17
5
77
7
22
97
80
36
73
51
64
30
48
59
15
78
8
65
17
8
37
4
19
5
92
79
91
8
95
26
2
12
31
31
19
5
28
99
93
53
2
57
83
2
68
51
81
29
16
98
37
5
55
56
10
99
36
2
59
31
80
61
95
63
44
14
68
