690
17
89
17
30
26
38
84
89
20
92
39
61
25
36
73
12
32
52
38
43
32
41
11
8
72
22
87
22
80
21
77
49
62
94
80
41
84
16
30
4
9
22
18
34
10
91
99
42
95
89
37
28
31
1
36
55
23
75
29
55
49
6
56
63
52
36
4
36
5
87
93
14
9
11
0
19
54
99
14
50
41
3
30
72
4
18
79
27
94
8
34
95
14
91
58
66
79
15
54
84
2
47
50
11
10
51
82
65
2
48
67
43
52
49
15
56
67
94
36
13
54
22
8
68
13
19
86
45
34
93
81
36
40
32
99
3
35
81
20
37
82
87
81
34
88
48
90
55
95
78
69
49
1
29
70
66
48
8
63
34
1
45
70
94
29
21
97
64
55
17
53
37
56
34
71
44
83
13
99
78
92
20
79
45
50
49
11
50
58
75
85
59
72
7
5
1
81
2
17
36
71
70
73
27
57
96
23
92
61
75
22
5
95
1
50
97
51
14
48
61
89
85
72
13
44
78
66
25
32
83
13
4
5
38
83
14
34
7
6
96
82
80
1
29
82
4
27
85
18
27
46
59
64
18
72
8
48
38
86
81
73
99
37
30
38
20
45
24
79
3
72
13
84
26
43
18
30
22
3
0
49
1
59
65
71
31
73
20
69
11
1
94
63
38
24
53
10
21
77
90
25
2
3
61
28
98
79
10
20
34
10
69
35
21
34
6
52
60
26
73
23
79
19
86
69
43
39
80
65
69
22
42
71
25
3
51
24
34
61
96
68
23
18
3
44
52
9
48
64
88
73
88
19
92
26
89
87
66
69
52
35
91
46
58
68
1
9
44
35
22
41
3
45
59
58
41
63
20
41
80
8
14
20
27
58
46
68
45
64
37
50
51
80
96
9
1
98
18
45
33
40
38
89
37
49
47
30
65
67
71
45
27
37
17
55
95
15
23
41
80
13
91
31
45
39
93
46
37
11
44
23
4
34
12
41
84
59
24
1
79
95
98
6
85
15
13
80
30
89
73
10
54
16
94
99
56
87
98
93
50
42
68
54
28
80
48
12
92
24
65
23
19
63
29
56
78
43
37
61
32
62
23
38
79
17
37
35
56
35
80
7
29
49
13
58
81
13
22
25
37
88
48
9
51
78
65
82
73
54
95
57
17
18
95
96
88
84
83
44
20
15
3
1
64
69
59
98
82
82
75
72
22
24
81
25
54
98
59
79
53
54
36
70
73
83
18
61
67
53
57
87
68
13
89
85
82
0
35
16
34
10
88
56
34
21
82
40
72
41
19
25
48
7
47
21
90
17
34
58
70
43
97
90
56
38
75
38
39
62
7
73
73
47
82
59
21
16
0
93
9
71
18
57
79
17
78
69
34
64
79
56
8
77
46
64
67
74
55
6
36
62
32
61
61
14
21
82
30
73
75
39
44
45
97
23
62
27
45
96
44
24
4
52
53
3
68
21
77
23
79
65
37
11
27
99
77
0
81
59
73
9
99
17
54
48
93
17
27
38
65
71
14
70
75
68
73
44
41
2
67
20
67
57
84
46
56
61
46
89
21
