216
31
16
96
92
70
97
81
41
12
94
40
67
18
1
75
21
60
48
36
82
38
49
80
43
25
96
20
32
66
5
9
49
21
57
42
43
54
75
36
18
69
29
38
40
30
13
13
91
61
49
25
0
50
5
95
27
53
67
12
20
24
21
69
97
78
63
40
84
38
29
55
60
58
93
0
40
58
65
31
19
66
8
71
69
65
18
96
19
38
60
39
62
33
60
60
11
24
52
48
62
81
3
74
39
48
26
80
6
91
63
77
58
24
1
79
89
71
27
8
9
88
47
72
21
8
32
85
84
84
33
46
18
88
73
9
88
99
41
46
91
5
75
1
81
28
80
70
0
7
79
61
47
78
33
69
38
17
54
22
54
39
21
24
79
94
33
19
45
75
65
36
32
92
89
13
21
21
83
73
81
14
34
28
45
68
97
35
37
3
58
43
94
31
67
25
77
1
44
22
76
61
11
60
6
52
73
27
74
8
0
55
75
34
83
20
54
