769
19
53
54
75
96
14
46
82
15
59
13
83
37
86
35
58
54
8
20
11
35
37
0
2
10
42
64
26
91
15
70
63
21
76
38
17
91
85
99
6
44
65
42
33
51
77
91
58
85
11
69
20
49
21
74
11
63
90
89
7
6
11
70
27
88
8
44
79
93
96
37
90
13
31
75
16
9
19
74
46
30
95
19
31
17
45
95
32
88
84
39
94
48
9
73
36
18
69
67
63
17
56
5
30
88
81
99
49
52
73
47
34
21
66
66
90
64
13
22
52
49
62
98
97
23
71
85
93
40
4
57
58
61
14
40
49
47
39
50
99
65
97
34
38
16
52
28
80
17
2
84
66
64
82
16
40
5
1
33
97
6
42
7
19
57
48
20
4
39
70
56
4
67
42
94
35
46
22
15
63
25
51
81
41
85
97
81
90
51
15
88
57
57
95
28
66
95
48
23
35
18
79
91
37
73
86
73
19
60
40
82
37
44
63
31
29
13
12
20
64
79
60
73
89
55
1
7
3
49
30
90
19
61
81
8
34
19
33
53
32
26
35
69
70
51
0
99
64
65
71
28
96
31
1
85
87
54
93
42
55
75
32
74
37
13
34
71
85
68
25
17
46
12
86
16
63
39
67
79
4
39
7
0
70
60
38
9
66
83
51
21
58
83
47
47
49
82
19
86
2
96
3
48
8
41
16
24
80
83
3
36
74
63
37
45
75
27
6
42
10
58
63
20
93
63
68
94
97
87
32
51
35
35
99
43
29
67
19
61
2
23
98
77
38
87
74
13
14
80
55
76
90
71
96
36
86
16
82
83
55
15
34
90
50
85
34
31
4
53
93
6
28
43
83
66
30
9
32
96
90
39
24
32
62
72
68
48
89
51
31
44
66
17
87
68
2
21
52
58
26
45
65
7
40
0
25
22
10
9
18
52
49
94
84
11
66
5
12
7
8
95
4
74
13
91
94
67
64
98
26
42
43
43
49
35
43
27
57
5
36
27
57
85
21
94
49
40
99
61
47
7
56
51
33
21
42
79
41
6
78
19
49
73
62
50
9
5
77
66
63
14
94
72
51
67
66
52
7
65
13
55
24
22
58
9
95
1
89
36
59
67
55
60
92
17
11
1
75
40
20
90
6
14
62
10
33
29
62
41
46
76
48
23
50
6
32
45
59
73
34
19
40
89
79
33
59
42
86
86
83
6
28
41
72
90
51
6
71
14
99
18
42
47
93
92
53
25
89
13
99
23
84
91
65
63
76
24
58
63
62
93
21
90
34
46
32
86
52
4
0
51
22
94
98
15
86
3
92
75
16
91
51
52
35
16
68
11
92
26
26
6
19
0
96
5
46
80
91
98
84
43
1
6
37
51
73
75
54
18
3
23
9
54
75
96
22
43
8
14
21
86
72
92
86
68
98
32
0
41
82
85
85
35
43
74
86
17
2
93
35
57
68
96
11
95
93
85
91
53
99
12
91
71
5
78
91
55
62
91
96
97
28
33
32
72
60
71
89
62
16
76
19
84
24
82
31
69
67
22
74
18
87
66
41
44
44
84
99
58
27
95
55
56
29
88
28
41
59
69
3
27
97
74
63
73
8
94
43
27
69
17
97
8
83
90
52
79
74
3
38
53
98
93
61
79
33
41
20
44
62
75
71
59
1
34
33
61
81
28
88
50
45
85
58
81
27
62
12
1
65
50
7
15
96
20
47
81
62
67
78
24
95
49
36
48
36
21
10
69
