250
95
50
61
77
29
93
29
51
62
45
78
28
62
41
52
22
45
96
55
15
81
61
11
20
16
45
36
82
73
73
22
21
75
84
98
5
29
79
56
92
24
34
72
38
27
24
61
72
20
68
88
53
29
51
74
98
96
62
80
21
35
55
42
10
39
93
67
20
72
23
12
97
10
37
87
37
61
48
10
34
17
50
87
98
53
13
96
1
75
29
22
62
84
65
25
75
58
92
47
82
16
12
31
78
49
19
15
10
67
77
96
36
79
84
35
32
97
83
33
73
64
8
35
0
73
60
27
83
5
75
65
73
87
49
51
36
68
66
98
35
44
95
72
75
79
59
8
28
94
93
53
59
1
41
59
74
53
87
9
58
62
27
31
1
76
82
37
44
1
35
31
97
30
55
72
61
14
80
42
9
26
95
68
27
36
79
54
90
66
15
48
80
42
32
81
70
66
70
66
67
6
98
64
88
53
37
2
20
69
44
81
95
39
1
23
28
80
29
18
47
44
18
79
87
50
13
9
17
83
76
36
41
26
1
30
31
90
84
51
11
28
84
7
19
85
82
47
66
63
65
