825
11
62
29
93
28
51
49
33
8
7
1
45
97
92
8
52
25
4
65
53
40
45
11
37
8
97
21
92
89
17
29
0
80
59
46
60
62
95
93
71
54
46
16
4
39
77
56
16
81
74
21
74
71
84
63
80
82
85
24
71
54
53
23
86
64
69
47
27
17
92
50
71
91
66
75
30
95
84
98
29
10
20
55
81
4
18
13
38
55
37
9
62
91
85
48
7
54
47
34
23
92
84
47
83
3
22
65
50
58
63
79
68
35
34
50
40
5
63
78
12
53
40
74
96
25
23
3
31
22
90
7
14
74
54
97
29
28
14
80
87
78
11
55
65
98
57
5
3
73
36
67
26
76
42
22
53
17
77
36
39
67
43
54
94
97
3
23
26
18
55
13
48
67
20
13
65
30
71
20
3
7
87
81
35
29
55
88
98
84
24
38
52
68
44
98
17
47
21
43
17
29
8
17
96
81
83
13
11
6
85
66
13
72
99
0
54
6
88
52
90
64
42
94
84
86
92
2
86
14
97
55
95
58
25
91
39
8
56
2
66
41
20
79
65
71
79
71
77
19
76
67
83
18
14
20
57
6
74
95
20
71
50
15
81
75
58
72
35
66
74
1
7
46
32
25
17
63
96
46
82
24
66
18
43
80
38
52
86
64
47
59
35
97
26
69
25
37
41
60
3
68
14
63
14
46
88
84
10
36
82
44
61
48
62
56
80
52
8
67
16
7
78
4
4
56
73
81
93
14
94
97
82
8
12
49
54
52
85
16
40
67
61
1
68
75
9
48
28
69
67
96
76
97
0
33
54
25
14
47
40
8
96
74
16
8
23
23
12
60
91
53
28
4
6
96
80
16
96
60
85
16
56
62
13
9
47
67
34
61
15
26
70
63
53
38
24
28
13
36
89
5
41
69
9
48
65
89
64
13
1
1
29
10
15
43
19
62
62
5
24
29
84
46
93
37
36
69
17
50
5
6
55
47
75
16
47
92
58
11
6
59
64
87
21
80
82
40
42
45
98
18
74
34
16
19
71
53
88
88
3
46
47
10
93
22
78
40
67
36
3
25
48
67
12
69
99
47
62
94
92
12
64
18
46
81
38
69
34
26
57
89
72
56
51
17
31
81
9
98
70
12
75
70
32
39
39
83
86
53
77
78
65
42
49
63
75
87
32
61
65
42
2
38
98
5
7
29
86
17
79
56
81
54
26
65
94
18
49
32
23
78
63
41
72
12
4
47
99
37
60
64
31
62
54
29
67
14
11
54
83
90
62
64
97
41
82
43
59
83
75
34
61
38
75
34
50
32
33
1
69
94
18
0
8
72
81
76
86
92
82
21
35
96
86
32
37
20
27
48
3
2
83
64
93
58
50
43
42
36
97
63
82
15
15
90
87
97
18
26
41
52
47
76
49
85
60
86
5
87
87
60
42
70
25
35
80
27
30
23
15
27
86
97
42
2
40
82
51
58
8
92
11
7
21
12
45
81
50
2
21
37
63
63
59
40
50
40
67
80
15
83
8
53
32
2
7
72
84
10
83
44
3
94
52
76
58
49
9
8
51
30
98
14
45
57
54
47
49
74
80
16
9
88
70
41
42
29
66
27
40
49
71
95
95
75
71
53
76
80
13
28
63
11
94
60
69
49
8
18
75
88
35
84
28
57
77
22
38
43
49
78
44
73
73
39
0
96
44
77
29
58
5
92
69
99
4
90
0
64
9
75
4
96
11
32
5
89
7
43
84
56
74
81
81
47
20
82
96
65
11
25
75
68
17
44
19
73
35
20
38
96
47
42
44
11
27
1
52
34
44
36
42
18
69
24
18
90
58
14
7
21
91
82
89
8
78
8
33
13
80
71
61
80
14
5
