376
70
90
57
22
65
13
69
96
31
34
46
24
58
20
86
23
78
51
12
34
67
7
77
97
15
26
75
98
58
69
40
28
12
97
2
77
63
24
25
46
10
71
70
68
43
57
92
21
8
4
56
27
63
33
24
78
11
52
29
21
21
69
50
85
18
4
14
81
80
39
27
91
10
50
59
6
7
3
27
67
59
35
94
23
21
70
53
32
22
82
54
96
3
56
81
22
12
96
55
93
87
35
84
50
85
95
56
44
99
35
63
58
71
57
81
44
79
87
76
2
69
30
98
25
38
31
99
51
79
54
44
67
89
80
17
26
75
25
70
26
60
33
85
83
42
18
27
22
5
56
76
27
38
26
52
77
57
3
80
89
57
24
56
99
56
25
25
31
2
96
58
14
81
95
98
24
65
77
46
23
33
74
2
24
0
6
1
9
9
81
98
66
57
6
17
65
83
43
96
85
91
6
0
72
53
50
48
19
79
46
94
65
20
96
89
72
2
42
82
11
75
32
29
84
39
47
49
22
42
45
60
85
4
12
9
9
14
58
28
93
4
74
58
77
70
99
49
72
41
31
83
16
16
65
0
55
12
1
29
6
47
41
91
3
53
52
12
67
10
93
13
67
67
71
44
38
23
93
62
16
77
98
33
93
63
85
0
27
87
81
85
86
23
76
41
76
80
53
96
91
98
9
58
66
32
54
56
55
47
18
72
76
16
57
21
31
94
21
58
33
3
43
71
26
71
12
54
52
18
2
95
68
11
5
34
96
59
42
3
58
13
75
87
81
84
8
13
31
82
23
16
37
19
88
63
42
52
69
46
22
24
93
91
35
98
25
83
57
20
87
68
33
14
55
14
99
