291
62
5
0
18
83
36
44
96
3
7
33
6
78
16
63
37
8
61
54
18
62
37
77
88
18
75
51
82
35
0
26
49
57
26
67
93
15
11
89
18
70
22
24
48
91
39
37
51
52
44
69
15
81
98
3
51
74
54
85
9
6
64
58
63
42
77
8
57
40
97
75
10
72
51
11
63
90
48
66
95
92
35
10
25
86
13
28
60
19
14
21
77
30
31
92
72
8
1
30
0
50
5
10
22
9
73
37
51
74
3
46
18
91
56
44
77
21
24
37
92
90
10
69
20
41
14
93
49
15
23
49
65
80
11
40
89
37
77
41
11
33
39
29
24
96
25
1
69
50
90
14
40
0
35
13
41
49
6
42
64
81
43
82
13
6
22
3
43
51
96
54
84
87
84
60
35
9
61
5
11
3
19
4
55
54
17
48
4
75
42
20
8
85
54
21
44
28
76
39
80
24
94
16
12
30
77
47
91
90
52
3
94
23
59
1
30
76
50
86
3
92
58
11
30
13
32
26
41
9
65
73
33
59
90
97
41
19
45
33
9
49
88
55
73
47
57
55
75
59
41
78
3
99
89
33
64
73
11
58
82
77
31
68
36
73
65
30
92
10
15
54
12
3
61
37
2
70
92
77
29
33
7
85
84
96
18
49
69
30
7
4
