378
75
5
19
6
87
15
27
27
17
48
35
2
19
70
44
45
10
31
15
5
52
11
52
20
21
34
22
54
73
58
54
48
16
73
7
3
89
34
82
58
82
69
12
53
39
9
99
1
40
66
7
45
29
11
17
2
45
40
56
18
50
10
19
66
36
26
21
25
12
55
35
46
24
48
52
15
57
51
17
49
69
76
46
51
87
16
53
85
56
62
55
6
72
74
25
60
52
46
37
16
2
73
63
78
73
67
94
82
70
11
83
39
87
30
90
74
46
96
11
54
58
67
12
82
41
37
43
46
36
80
62
90
5
77
68
78
44
62
12
14
73
96
6
12
78
48
39
76
44
50
82
54
17
94
37
11
84
32
9
72
64
71
62
70
1
30
0
45
45
65
12
70
61
18
83
39
66
74
67
11
24
49
65
94
43
54
57
79
86
66
51
3
37
13
25
38
96
25
36
93
42
48
63
3
66
98
94
32
72
61
95
49
62
61
43
58
67
0
37
54
66
89
57
55
54
34
94
2
59
30
95
54
30
11
57
96
9
4
80
34
17
76
83
80
89
26
38
56
78
75
62
44
16
71
99
23
5
45
25
17
27
73
71
57
36
80
5
97
84
86
31
2
62
66
82
3
92
20
59
70
47
74
66
16
45
66
39
51
63
16
20
91
41
91
48
77
71
54
27
8
92
58
10
6
77
44
9
69
16
20
92
15
94
10
31
40
28
70
43
92
39
15
83
80
6
83
10
29
89
37
37
81
47
99
87
24
95
48
46
63
69
90
79
63
0
10
55
29
33
50
73
72
65
56
52
23
91
62
5
81
51
94
14
99
46
54
23
41
2
69
57
71
59
36
87
12
98
94
