665
95
11
17
72
89
4
89
60
52
68
35
46
56
33
81
88
75
11
79
77
23
88
99
88
19
32
9
20
64
75
78
11
39
95
35
80
51
24
40
4
44
27
2
52
12
83
93
87
94
72
16
70
12
68
58
83
0
67
4
16
95
82
27
34
29
62
14
80
39
6
36
35
34
38
88
46
74
81
86
20
5
54
90
17
22
49
1
74
68
57
90
63
91
69
49
20
84
15
52
75
74
89
10
8
79
50
6
5
83
44
26
88
99
16
58
21
17
11
48
86
68
90
1
59
60
3
31
96
70
83
23
44
24
33
4
56
36
63
61
19
7
87
60
6
56
70
80
73
81
28
59
1
70
13
12
82
68
95
78
38
78
1
35
55
87
91
11
23
54
24
94
14
12
6
20
20
76
52
93
9
32
5
62
3
18
74
85
38
21
16
76
0
17
11
7
56
3
70
31
9
94
78
23
58
84
96
78
13
0
72
74
33
29
89
88
99
15
25
37
37
41
13
89
11
77
96
67
32
66
51
93
60
29
17
19
65
65
49
30
65
21
5
50
50
46
90
49
61
16
86
98
9
52
87
72
29
83
40
13
1
43
6
14
72
75
85
37
40
34
20
58
8
25
60
58
23
3
60
84
71
98
83
80
2
70
53
31
6
45
96
7
88
3
21
60
78
58
49
71
93
69
29
1
46
41
11
69
44
23
54
15
22
89
48
24
11
1
8
17
98
4
77
86
59
50
98
38
9
99
9
54
21
90
55
67
31
66
89
28
90
95
43
64
84
91
40
95
44
48
65
42
5
94
80
64
44
30
2
5
30
63
59
51
5
14
70
37
33
59
17
75
6
60
39
90
4
31
38
0
80
55
95
37
49
27
1
93
58
56
99
40
71
58
91
77
25
13
66
58
25
83
33
31
95
24
22
51
55
12
52
87
67
47
24
16
74
78
9
84
34
60
24
5
71
67
34
96
81
0
54
6
35
39
37
31
15
11
82
22
23
86
10
90
33
86
58
60
64
20
96
98
80
21
56
51
88
42
99
69
43
5
27
78
96
65
61
11
76
44
34
0
30
96
42
16
82
1
28
99
21
24
49
53
97
57
57
86
0
56
7
95
62
35
73
10
0
87
22
28
31
8
28
13
56
23
81
90
76
9
89
49
86
91
2
83
48
59
69
48
68
29
43
82
64
69
92
64
56
66
44
39
26
73
4
82
48
86
25
24
47
66
73
33
57
27
69
6
39
90
6
7
19
50
41
83
71
33
99
79
52
44
18
78
69
22
13
69
8
38
93
8
4
18
41
62
45
62
20
84
53
26
43
24
28
84
60
99
70
59
78
22
55
48
0
76
71
13
45
31
3
90
39
60
60
33
22
58
47
94
94
0
20
38
25
1
74
85
0
44
96
31
66
4
79
67
32
2
32
30
86
88
72
25
48
33
10
70
43
58
16
37
10
88
27
87
89
2
24
42
46
73
25
13
77
4
32
61
59
16
91
45
4
16
22
52
