900
22
23
84
37
14
4
9
69
30
65
91
38
51
94
69
27
95
23
63
43
4
32
19
11
36
14
49
88
25
47
16
0
22
0
37
37
57
47
58
87
64
50
78
15
44
47
94
91
70
58
34
26
42
54
37
30
20
38
19
98
37
87
98
60
87
35
97
44
34
55
84
99
57
14
66
54
61
61
45
83
71
80
9
65
86
46
95
6
36
66
56
74
53
54
34
93
42
83
89
76
90
73
27
48
39
46
54
0
59
99
83
82
79
44
47
17
42
94
76
79
61
32
53
14
87
39
7
29
22
97
57
64
22
37
64
62
83
18
14
42
18
50
76
49
94
23
67
37
17
43
16
30
75
21
45
14
60
4
95
34
53
5
50
76
42
15
90
77
85
56
71
3
6
47
5
53
22
72
90
91
67
58
22
42
79
67
9
91
23
4
77
77
9
27
5
3
94
95
32
80
3
3
35
10
50
40
63
24
64
5
16
31
15
38
26
94
57
35
37
80
91
66
57
1
45
62
56
40
9
89
72
13
92
7
75
95
48
90
71
12
95
87
96
10
25
22
56
82
57
45
15
48
11
72
1
56
87
58
48
48
99
20
13
43
28
40
90
28
30
62
92
77
49
88
87
27
10
95
61
19
92
76
68
3
1
21
12
88
31
60
88
30
33
54
74
13
94
64
41
77
26
85
54
28
26
94
55
88
89
16
8
34
93
28
37
94
49
1
34
81
14
74
63
47
28
37
60
75
54
53
52
32
90
6
60
16
0
67
5
42
84
65
76
29
93
65
75
94
19
61
27
33
35
91
32
16
80
44
91
34
49
95
19
39
1
79
56
54
47
13
48
83
78
76
12
23
93
87
17
12
48
97
97
35
88
81
51
20
25
94
7
74
89
26
66
43
5
74
49
4
87
97
87
17
25
99
40
18
38
9
31
38
6
80
26
46
62
29
19
39
24
26
66
65
52
32
60
9
6
9
14
93
58
1
62
83
53
2
2
43
63
85
82
22
65
8
68
79
37
39
19
13
65
37
31
17
69
91
79
75
1
93
20
59
46
34
43
99
36
45
43
51
82
77
73
47
37
94
79
26
33
50
40
99
87
71
68
8
14
47
35
15
92
55
27
39
89
22
90
77
19
85
28
1
62
2
0
51
48
79
78
81
81
18
32
68
41
53
76
55
0
11
23
45
18
50
84
59
72
26
88
43
12
17
44
26
71
44
78
71
76
56
52
57
26
85
78
19
90
54
74
42
18
49
87
36
51
23
48
75
50
36
18
14
5
62
40
28
59
70
99
35
26
52
44
4
89
22
23
79
29
50
21
47
99
61
35
51
84
83
26
86
72
97
0
77
59
93
58
18
63
57
5
90
61
50
46
2
24
70
33
53
20
7
0
71
68
88
22
4
23
1
91
95
98
91
25
9
84
83
80
0
92
37
90
6
87
36
8
64
58
42
17
78
1
70
2
69
58
76
73
81
77
16
77
27
60
54
37
96
89
69
96
81
6
86
87
46
75
48
10
85
42
79
16
43
49
18
64
7
94
89
41
24
6
18
51
66
24
40
62
13
61
59
46
68
97
34
14
24
34
76
10
76
55
26
71
5
96
35
64
90
24
5
14
30
75
18
48
99
58
11
64
20
22
11
40
71
97
6
96
31
82
58
7
89
84
78
94
80
65
11
22
89
16
37
72
44
7
20
95
17
83
60
89
57
71
29
29
68
35
25
51
69
83
10
59
19
40
5
51
5
68
25
46
37
62
18
81
21
91
76
39
74
88
28
32
59
10
61
79
97
38
82
67
73
92
78
44
84
35
95
89
56
20
88
93
35
6
26
8
97
2
47
24
43
76
8
2
86
21
34
83
59
68
2
84
13
32
28
97
68
75
39
76
47
27
69
34
33
95
43
83
49
90
7
92
18
67
47
56
88
33
92
99
1
94
83
14
27
63
64
47
38
3
75
37
30
44
24
63
91
67
98
40
9
57
85
80
24
32
88
64
65
80
63
18
27
46
85
6
61
49
5
51
52
80
89
82
24
