831
67
79
99
40
82
68
16
57
68
5
74
86
37
25
98
93
36
59
81
18
62
60
3
97
27
4
64
85
39
23
23
58
2
22
99
85
42
15
94
62
72
20
49
61
45
99
54
34
10
87
52
72
48
55
21
27
59
85
12
51
61
88
9
63
10
8
0
5
23
46
67
47
66
68
8
64
67
15
98
30
2
50
2
2
57
24
30
17
61
42
68
22
82
77
38
93
86
38
50
61
85
17
61
3
38
69
67
57
84
17
87
39
67
42
41
25
18
23
94
31
18
14
54
0
43
44
93
81
82
43
95
19
13
56
75
3
77
94
60
14
12
48
53
31
42
46
56
60
70
2
91
88
68
97
40
12
41
34
93
76
29
40
47
94
96
22
97
74
17
10
40
81
10
93
12
52
91
21
64
13
23
7
53
92
5
94
56
98
80
1
26
61
42
74
8
90
48
5
16
17
67
56
98
77
1
11
29
93
84
45
58
7
53
12
51
10
58
59
8
38
61
35
99
55
61
7
45
9
65
62
79
32
18
77
62
72
40
43
65
24
89
75
84
42
39
87
52
97
99
12
35
60
99
87
15
60
46
12
22
11
74
1
96
45
30
58
17
23
1
34
99
42
9
35
84
49
75
88
98
74
53
34
86
52
73
53
13
19
65
87
31
92
40
79
37
22
37
54
45
90
40
97
33
1
84
17
50
59
58
1
33
11
35
19
63
8
72
28
27
90
67
10
82
7
89
19
30
78
25
27
69
17
76
2
18
61
71
21
20
81
22
6
92
57
77
8
17
2
88
96
92
56
59
26
15
48
45
97
79
22
77
48
39
53
2
57
14
25
78
87
7
0
45
51
9
22
11
78
24
52
75
68
60
86
94
75
86
39
25
65
13
2
65
4
55
67
62
22
93
92
61
52
45
6
3
54
28
67
33
5
19
60
73
79
46
68
6
32
59
31
50
73
33
15
29
41
35
91
63
28
36
76
32
81
82
35
87
62
54
72
67
73
84
41
52
30
61
59
15
20
90
65
45
76
32
75
17
67
18
32
47
54
8
79
87
90
67
75
52
21
99
72
47
84
13
99
66
74
10
81
46
53
98
92
29
31
19
98
50
37
30
98
44
38
29
83
28
96
10
32
70
10
4
17
94
69
68
60
95
79
94
42
84
92
34
65
75
5
63
26
42
93
76
38
31
5
22
11
2
32
95
24
42
0
41
88
21
9
49
17
40
43
59
24
87
45
89
63
50
4
41
44
97
17
35
80
22
57
91
76
89
39
0
84
91
93
72
12
3
73
29
43
16
40
20
56
37
61
71
39
66
12
36
15
81
71
96
3
28
39
32
69
78
84
5
69
78
78
82
81
51
63
76
20
56
48
76
93
10
47
85
28
11
21
43
92
44
39
47
72
79
79
93
57
16
99
79
94
29
61
75
80
24
3
52
32
52
28
26
14
27
63
42
38
36
37
82
80
77
30
4
8
61
97
17
77
96
96
71
77
57
98
58
34
2
62
66
6
91
44
72
70
7
66
9
43
3
91
75
80
73
79
40
35
77
58
12
25
54
36
3
12
34
13
98
88
75
16
46
18
61
18
89
20
36
50
16
40
93
91
72
67
71
13
54
0
71
66
77
77
2
80
41
89
45
39
77
21
56
76
39
69
46
80
41
83
82
9
23
76
1
95
95
24
60
49
76
83
67
53
61
22
34
2
11
31
42
40
52
50
16
44
71
63
76
12
98
59
22
21
35
75
68
30
51
29
31
79
12
98
32
73
20
18
76
83
50
70
24
54
72
92
50
43
7
27
7
5
86
81
26
73
8
47
55
11
76
86
90
40
36
23
66
57
41
94
40
43
64
16
98
36
9
48
31
16
75
38
22
13
20
