406
12
9
58
33
58
7
6
49
67
23
80
17
9
93
33
5
23
71
2
55
92
29
96
88
60
24
42
36
33
89
52
98
98
62
31
8
70
37
58
89
60
90
6
70
83
39
27
6
62
29
13
55
10
9
95
70
85
37
58
19
79
62
17
29
25
48
38
47
37
48
88
49
38
94
19
74
85
98
32
47
27
46
54
89
7
50
11
93
39
70
64
18
84
33
0
61
33
38
8
70
38
96
19
76
42
91
50
27
89
83
27
69
81
81
58
88
83
70
81
75
92
45
93
76
78
93
38
11
83
98
81
21
47
53
50
89
44
52
69
33
35
96
54
16
29
13
5
65
35
38
40
27
84
85
55
14
31
93
26
66
44
59
40
91
12
90
32
8
42
53
94
30
49
48
98
31
13
3
96
48
94
88
27
30
73
83
44
56
28
22
23
72
34
63
15
98
53
0
7
47
53
1
77
55
49
76
86
15
31
34
63
25
22
91
7
47
26
52
56
54
74
79
79
60
42
94
59
47
46
66
94
0
67
24
55
68
52
41
83
83
27
99
61
1
42
68
0
68
72
56
22
99
35
53
59
29
0
18
76
46
84
23
46
3
99
1
24
51
94
7
86
21
58
47
74
0
68
75
20
92
31
95
91
19
48
3
48
48
21
77
95
58
0
93
13
99
95
37
2
41
97
88
15
55
88
89
8
56
16
28
0
48
23
92
67
24
47
67
72
20
44
19
78
96
13
44
47
8
81
49
1
30
90
16
38
78
58
46
86
74
26
86
22
50
30
41
26
77
61
98
98
5
18
28
54
31
72
53
91
54
3
92
36
93
61
74
23
19
20
9
93
99
95
16
1
78
9
27
55
70
25
5
28
95
34
82
26
6
35
69
12
90
14
1
35
75
75
58
94
48
67
87
47
15
55
48
