907
75
66
70
1
7
18
69
7
30
18
29
85
63
58
6
90
43
3
65
22
39
57
47
90
5
82
15
86
14
11
87
42
29
9
43
36
27
64
44
57
83
25
42
98
35
1
88
30
56
5
52
96
15
51
38
20
33
5
6
48
16
46
42
46
55
85
34
35
49
30
44
84
7
39
83
42
40
23
72
96
29
77
44
96
28
35
16
62
40
74
62
57
20
4
55
28
41
89
63
42
72
59
27
79
98
10
22
90
85
46
39
14
23
35
10
52
70
78
14
11
53
28
20
73
84
75
53
25
16
68
67
40
28
46
20
78
8
94
21
94
40
12
60
64
99
71
16
70
1
82
33
54
10
5
80
94
32
33
71
48
2
38
89
82
85
61
12
45
55
33
39
95
97
0
59
97
23
27
19
24
9
52
31
71
57
11
65
41
96
36
89
50
27
30
32
64
43
45
9
98
30
49
46
28
49
57
25
24
85
44
48
46
48
79
18
57
42
35
98
39
24
39
89
3
22
74
67
65
19
28
16
49
77
14
29
78
71
54
2
8
50
3
7
50
34
25
7
77
12
57
16
36
49
57
39
71
31
58
88
2
87
4
4
16
70
33
47
42
40
1
2
42
4
9
93
91
86
52
68
99
62
36
87
11
45
79
82
77
89
22
31
76
27
35
45
97
21
92
91
61
45
94
3
2
55
48
93
42
53
13
93
15
49
80
26
94
11
60
23
1
82
55
29
61
42
74
11
63
18
2
76
64
48
32
18
56
80
11
98
33
24
91
0
25
23
26
71
35
38
47
36
21
54
65
34
96
92
45
12
10
0
88
26
0
20
96
56
53
7
54
38
83
97
39
60
21
17
32
8
56
79
44
29
33
61
15
81
53
61
93
16
13
34
94
13
6
91
22
59
50
28
98
86
26
89
46
99
6
78
7
14
9
3
43
94
16
59
76
22
72
21
38
85
55
84
50
62
75
72
21
78
53
71
64
79
60
10
78
19
41
37
33
50
40
29
97
56
40
73
78
12
94
68
49
2
5
51
64
80
76
37
10
29
9
74
8
21
85
38
40
78
27
26
28
19
55
25
75
95
50
6
59
97
26
8
99
31
11
63
64
87
52
74
16
61
49
76
35
86
66
27
64
93
53
44
64
60
22
92
55
72
98
14
21
76
74
20
60
86
83
24
25
36
50
94
49
51
22
36
89
41
16
53
86
69
50
51
30
72
43
37
96
93
4
18
69
30
90
81
16
26
57
94
14
8
40
15
59
62
52
49
3
68
54
90
89
4
41
71
28
84
9
77
29
65
47
50
95
37
32
64
63
89
58
77
97
98
93
9
12
45
10
16
65
16
58
54
73
99
78
1
35
39
78
16
4
77
66
99
15
98
63
78
88
73
56
37
23
1
46
36
98
8
52
63
25
62
69
98
61
99
51
48
38
82
64
42
59
30
94
74
81
9
5
69
83
13
58
58
14
5
94
12
65
98
27
42
60
48
92
73
48
44
73
86
78
89
81
89
72
75
64
53
36
21
74
71
34
32
30
0
89
24
64
55
75
91
97
87
91
42
61
39
86
86
26
16
76
59
5
48
34
21
1
70
42
75
42
28
7
24
28
97
0
44
4
75
35
53
63
27
95
76
18
33
62
96
49
38
55
55
86
41
76
39
64
71
14
6
51
74
82
80
71
82
24
27
58
12
80
73
91
76
1
9
9
63
6
11
54
13
66
92
55
94
32
19
17
98
77
69
72
59
1
95
41
77
22
51
89
3
76
32
31
77
94
92
93
52
3
99
65
21
91
72
16
75
91
85
74
20
54
46
79
55
94
73
85
16
76
26
71
53
59
54
82
5
47
27
57
50
26
74
24
70
47
40
45
38
77
71
59
32
70
90
39
64
63
24
32
92
3
56
97
62
10
31
67
57
59
76
60
37
50
84
59
97
76
5
88
5
76
99
89
46
89
29
62
5
5
95
97
8
51
46
22
13
77
41
71
88
17
83
26
68
19
85
17
47
42
5
52
71
4
42
69
46
23
32
51
80
79
0
41
82
46
15
