741
28
0
59
16
21
63
67
54
30
47
23
9
19
14
56
91
37
98
13
56
33
33
10
5
90
32
37
38
46
0
80
74
52
40
42
73
55
10
79
85
9
3
46
28
17
2
71
6
52
37
15
86
22
25
43
12
9
81
2
55
81
83
82
33
75
76
59
82
38
90
67
48
45
66
28
14
68
0
21
73
89
88
59
11
65
2
75
74
35
77
29
68
12
63
54
39
40
13
21
30
55
41
78
1
59
59
15
27
11
88
52
0
76
11
63
93
66
38
67
1
67
49
70
80
64
24
71
4
89
45
35
44
38
65
97
97
24
13
76
87
1
29
87
30
92
50
23
10
40
43
12
8
44
34
40
8
10
11
65
51
8
0
47
46
17
45
95
94
10
72
81
11
53
21
93
45
23
69
56
64
12
20
72
8
6
12
16
16
75
81
67
84
33
14
82
3
59
78
97
69
2
30
33
55
51
78
0
27
99
8
91
63
28
15
71
34
27
88
2
54
21
69
90
55
36
73
58
47
3
7
69
5
37
54
60
41
84
12
68
84
21
11
47
1
26
19
88
5
59
90
59
80
12
2
35
48
75
45
47
30
4
68
35
94
22
95
35
7
7
55
91
80
66
90
82
44
9
70
49
68
60
60
1
24
62
88
24
89
34
72
19
90
40
54
84
15
1
19
74
61
26
17
41
92
7
23
36
17
45
37
37
58
98
38
82
60
27
59
50
13
31
69
3
23
76
88
90
77
59
64
38
86
81
80
30
89
55
19
58
53
56
47
11
6
38
45
67
17
4
69
82
87
38
85
63
66
25
53
44
37
18
34
23
51
66
5
92
22
24
2
27
33
50
90
39
40
35
58
57
92
27
39
31
18
76
94
84
54
48
28
91
18
15
66
21
81
71
14
55
48
68
82
33
18
72
72
10
60
83
67
52
10
58
35
28
87
30
13
41
30
93
84
0
8
50
21
42
73
87
97
73
56
80
6
26
4
31
37
64
14
56
68
76
67
4
5
54
86
70
47
16
15
31
16
76
33
89
18
6
77
15
80
85
47
38
11
4
69
0
20
35
57
41
12
24
97
69
30
83
39
77
51
6
8
19
34
93
8
52
99
37
20
31
22
19
22
86
23
91
86
96
79
95
37
91
19
34
60
1
69
51
78
20
9
38
39
44
31
47
96
83
37
68
14
11
88
36
97
63
80
36
59
59
83
96
2
55
82
62
56
51
65
35
71
74
73
62
18
5
62
67
40
99
87
54
10
27
43
60
91
75
48
2
34
31
51
88
86
33
2
43
37
67
30
60
93
55
23
64
12
85
83
52
36
70
7
98
98
2
10
41
77
10
43
63
42
46
51
80
80
53
75
69
72
5
29
17
61
4
81
73
41
16
26
29
87
85
28
37
39
90
30
16
1
73
31
43
20
34
75
52
39
51
73
11
8
54
80
21
59
14
95
52
30
73
82
69
10
62
58
49
52
88
65
53
14
48
48
86
82
76
38
21
27
63
84
35
17
64
57
28
78
4
33
61
29
67
30
39
29
89
88
33
77
5
39
91
53
87
77
87
63
67
8
42
82
92
30
52
56
39
80
87
43
65
48
24
32
78
63
61
19
3
95
49
60
34
92
65
73
22
52
89
41
12
31
24
4
61
76
12
0
8
51
95
74
99
71
6
30
34
