735
70
81
33
4
85
86
66
83
29
34
13
7
57
58
43
98
4
90
5
11
76
26
91
95
30
23
73
22
75
66
68
45
99
53
1
37
91
68
20
72
54
85
79
11
43
75
61
99
65
19
10
41
45
53
89
27
28
62
50
3
80
70
1
80
75
2
17
18
70
89
91
76
26
70
88
21
45
1
20
62
72
82
56
70
35
97
97
63
59
99
18
92
69
71
24
96
74
41
15
96
82
6
73
8
28
13
81
26
66
1
88
39
83
96
61
70
93
58
85
5
10
3
97
31
75
21
28
1
14
43
97
48
1
22
8
29
87
89
55
54
90
96
45
73
92
6
43
86
16
80
43
26
83
40
58
10
13
86
11
79
81
61
27
82
35
35
63
23
24
19
77
66
67
22
91
59
80
86
97
96
66
40
23
49
32
33
12
45
71
23
24
52
36
3
86
72
38
49
95
14
20
72
32
39
46
23
99
26
9
48
74
75
89
49
77
73
82
89
19
53
64
95
57
1
99
43
73
89
45
20
56
17
92
88
57
38
12
8
16
73
56
90
1
97
40
78
71
74
19
42
28
83
37
85
84
88
81
9
30
78
29
38
95
73
26
52
63
90
60
79
16
17
22
17
66
14
95
37
88
14
79
68
49
69
54
86
9
87
47
91
65
77
29
60
2
8
65
66
50
25
97
66
94
71
83
13
85
30
50
74
96
82
42
98
51
48
84
12
87
31
4
52
60
85
65
15
93
30
33
96
7
30
62
54
54
98
67
39
80
69
65
29
51
60
27
54
60
63
19
48
46
23
52
59
60
17
74
6
99
7
2
59
89
64
13
43
14
32
83
47
53
0
76
5
60
55
11
73
18
30
21
16
5
25
75
18
43
49
24
94
8
26
53
98
42
18
93
9
2
28
56
56
29
84
13
41
39
24
14
9
7
87
25
64
65
53
82
60
54
6
54
63
84
60
13
27
78
6
88
81
35
44
37
16
28
50
57
19
26
24
80
85
63
5
50
28
10
84
88
65
43
95
80
27
55
45
6
85
51
94
66
38
90
55
6
70
57
16
89
84
92
69
69
55
27
71
36
89
56
76
54
51
71
86
78
78
31
37
64
35
83
30
25
74
38
32
44
95
48
86
31
40
55
1
47
34
24
83
24
80
12
30
83
83
17
14
14
48
51
78
35
86
60
61
60
98
93
57
46
41
43
77
33
50
78
80
85
55
16
61
87
28
91
71
11
60
85
77
61
88
55
96
74
16
57
35
66
50
92
12
43
35
90
76
85
20
57
22
75
73
83
63
1
27
34
64
87
71
42
48
59
49
45
33
17
54
20
84
5
12
48
48
99
90
25
37
63
34
59
38
59
95
53
60
74
39
76
13
62
70
14
21
20
11
55
37
65
27
73
70
40
74
71
91
64
48
28
79
82
40
70
41
35
23
53
9
15
81
74
77
52
88
51
24
99
58
61
65
85
87
35
25
61
6
17
77
54
97
57
88
37
27
81
24
2
34
85
69
68
60
99
20
48
50
44
48
8
57
13
93
96
0
19
9
59
88
87
65
37
96
54
75
75
35
99
29
22
85
99
90
45
98
62
93
48
6
93
8
15
6
1
12
7
72
21
18
60
60
83
98
56
37
25
83
25
24
65
47
61
64
89
58
14
51
52
