528
69
30
75
69
25
30
91
63
37
55
36
31
41
20
95
84
64
71
81
79
32
97
42
94
37
8
92
29
5
42
9
27
72
36
96
50
18
40
65
7
47
53
38
88
26
85
73
90
56
6
21
88
3
63
34
40
23
27
21
81
69
82
8
94
18
56
96
36
48
61
44
96
67
34
36
93
20
61
35
28
68
56
17
23
72
51
16
95
30
37
28
52
20
36
46
90
45
94
27
45
7
23
93
74
57
30
67
29
43
54
58
63
11
27
87
35
78
3
82
61
92
11
13
12
99
11
55
44
5
82
42
64
57
35
39
66
17
58
96
61
13
54
24
76
81
11
11
11
66
93
72
59
56
85
23
56
48
78
52
5
12
94
70
69
82
9
36
99
19
84
60
84
38
37
60
71
0
23
34
67
69
7
78
25
44
1
33
45
32
38
50
44
84
20
66
66
81
2
66
1
86
78
37
76
15
50
99
68
73
33
35
94
92
65
72
37
66
57
82
50
95
32
95
80
5
61
46
86
15
64
87
53
43
25
29
10
75
28
78
0
61
65
47
6
30
19
43
49
76
77
99
72
61
94
4
66
7
50
53
22
15
92
27
58
69
56
20
96
36
99
97
50
64
96
56
95
15
51
96
43
28
95
15
41
42
19
60
1
22
13
76
37
57
3
47
27
60
19
23
96
18
72
98
35
68
54
82
35
5
78
79
85
73
46
79
67
18
39
69
40
4
45
29
61
48
28
40
8
47
16
57
66
40
55
53
9
62
35
96
67
13
75
5
38
22
84
6
92
23
75
32
27
72
61
40
20
41
81
81
88
97
38
6
37
45
59
98
7
46
95
27
59
22
32
50
96
16
8
88
91
35
72
18
7
85
10
27
26
91
8
15
40
98
73
30
44
33
28
3
79
75
30
91
98
62
93
46
30
1
35
21
36
7
91
43
93
2
22
71
45
83
86
86
81
60
16
77
45
96
81
76
72
63
19
22
78
12
20
60
13
7
82
1
15
25
96
60
27
19
31
25
2
70
11
83
82
79
13
79
75
46
55
99
9
75
73
39
87
94
0
53
1
34
54
68
59
51
80
39
22
64
64
24
86
27
59
68
6
72
47
33
18
54
33
80
29
58
71
69
4
23
22
58
57
28
26
69
79
59
60
1
75
24
77
61
51
37
81
9
61
80
42
32
34
27
12
16
38
