726
99
38
99
74
97
2
83
37
1
53
13
41
16
20
88
24
63
35
5
87
81
90
15
41
91
69
4
78
58
73
50
57
11
49
83
8
4
66
98
57
19
11
51
36
83
91
12
47
26
69
34
59
59
50
1
51
71
5
81
81
31
31
38
42
32
21
3
88
39
1
46
11
64
49
99
47
40
11
94
66
80
81
77
92
31
78
95
54
36
76
35
67
7
25
61
91
98
16
80
37
69
78
48
33
27
99
81
19
10
27
37
43
8
14
35
91
45
82
45
81
58
32
0
17
57
13
8
7
30
88
45
51
18
45
85
45
45
18
64
7
97
1
50
6
68
37
49
13
19
47
46
29
79
98
46
89
11
7
96
93
47
93
45
66
39
82
11
36
0
28
43
97
81
46
55
49
35
5
14
7
52
60
36
83
58
35
72
22
42
21
15
41
66
60
7
57
42
71
93
94
51
89
44
32
87
99
34
22
56
0
29
60
61
18
44
71
53
68
45
47
41
61
88
8
73
96
65
68
19
59
62
70
0
58
2
87
10
88
61
66
89
43
27
2
61
23
25
14
91
71
13
33
84
1
41
57
49
6
77
68
17
92
38
69
50
93
8
60
33
70
79
74
13
58
76
74
81
54
40
72
77
5
57
61
6
98
70
8
57
48
28
26
92
67
48
42
12
56
55
97
26
86
72
91
44
0
65
25
54
57
49
83
62
7
44
21
57
67
81
66
67
9
45
59
28
93
1
92
49
8
90
28
94
62
19
38
14
37
15
21
46
17
4
9
76
1
82
33
68
63
52
35
72
97
94
53
90
47
45
91
56
35
19
50
49
39
41
64
28
56
85
74
73
41
35
1
42
69
35
10
32
39
97
57
36
91
10
26
39
55
69
47
43
89
97
92
80
90
56
8
47
93
34
72
35
70
74
29
91
61
40
24
0
37
33
88
81
95
66
72
50
35
19
93
24
68
38
56
59
46
64
58
40
51
30
27
73
56
56
64
69
48
40
21
38
73
9
71
68
75
43
71
11
14
16
87
82
54
44
93
1
60
51
93
11
34
72
84
42
28
1
12
29
41
33
19
15
95
90
35
70
85
6
33
99
75
21
33
29
65
79
82
25
30
75
89
64
47
25
7
28
26
71
9
20
56
28
87
51
70
22
22
55
81
55
6
56
28
91
85
45
70
68
71
53
95
12
17
95
37
76
23
16
47
32
36
56
12
23
7
82
45
81
89
78
89
47
34
17
90
72
63
13
92
86
66
39
98
35
34
87
12
57
3
11
41
39
67
53
14
27
87
12
8
28
90
97
75
77
15
18
1
30
31
45
16
49
84
66
84
19
53
48
28
57
12
22
48
31
75
63
58
15
75
67
43
17
16
71
94
83
41
95
13
72
40
29
21
25
47
57
96
1
6
76
10
70
98
58
1
74
73
12
41
48
31
36
66
47
7
12
31
0
8
44
72
0
26
45
77
73
55
25
26
13
2
36
83
0
47
36
26
20
48
67
21
79
4
39
79
63
51
10
64
11
6
88
64
32
86
41
58
41
67
84
54
69
21
89
21
68
25
48
40
26
15
61
57
71
0
36
87
4
46
51
15
5
91
79
37
29
73
47
70
92
32
76
61
5
17
34
73
95
82
65
21
