317
8
9
93
2
98
84
67
23
52
58
29
81
4
77
36
72
42
12
43
87
22
62
1
15
52
94
76
98
24
44
99
84
5
44
38
3
80
5
78
33
15
7
14
19
84
3
91
27
15
87
66
37
49
68
5
1
14
81
99
39
77
50
75
82
46
14
37
27
71
15
60
87
22
26
58
59
81
50
38
96
89
56
86
38
76
43
91
91
24
42
30
53
93
5
87
39
71
24
18
43
39
30
82
13
9
40
24
90
42
14
39
31
71
77
21
47
20
12
38
96
55
20
49
0
78
36
91
49
12
10
44
51
92
26
16
1
19
93
92
61
7
31
45
78
60
66
26
80
31
16
76
86
37
77
86
67
13
29
16
77
39
13
28
32
91
96
33
10
89
77
24
97
60
69
27
20
87
53
52
18
22
28
4
59
5
42
26
70
72
94
47
63
59
27
47
51
76
33
13
65
10
89
14
23
10
42
95
98
47
48
68
69
76
25
80
34
67
58
56
91
5
56
7
16
35
54
19
11
87
33
29
50
74
95
73
85
89
20
35
37
68
3
58
45
28
91
31
48
1
39
39
58
95
46
75
31
53
94
94
92
79
23
42
54
19
67
91
8
88
26
97
56
29
8
53
10
51
36
58
52
76
49
63
71
48
38
54
1
32
49
45
64
72
88
18
43
7
9
4
95
87
53
4
68
61
57
78
64
94
88
69
70
90
32
93
38
70
