385
94
55
71
49
83
39
69
74
20
8
13
68
93
0
12
16
2
91
81
47
32
79
33
74
20
9
63
21
58
39
34
4
46
57
53
30
97
75
4
17
83
17
37
76
69
1
92
23
93
25
70
77
4
55
4
24
64
19
97
74
58
83
79
57
41
84
87
38
59
91
7
42
60
45
18
81
46
62
4
91
88
26
69
44
82
25
21
98
44
18
73
55
54
4
12
95
88
99
33
48
42
40
90
54
37
61
35
36
23
39
27
63
17
48
8
99
73
29
50
70
99
23
25
53
79
89
48
67
40
33
15
34
26
58
88
63
19
75
51
94
66
79
58
83
27
18
35
53
99
85
23
50
60
0
4
39
89
4
58
81
90
74
15
68
84
55
83
55
30
35
49
96
14
59
31
93
77
66
46
28
3
69
79
63
21
35
54
62
91
13
43
81
39
10
49
23
65
33
30
47
68
79
95
34
39
27
27
68
93
74
97
97
95
76
12
69
11
67
31
2
32
27
36
23
37
37
46
55
22
28
2
42
7
98
76
98
77
56
67
70
82
16
19
77
44
32
98
7
51
30
61
83
9
97
6
46
87
4
53
9
32
8
52
91
58
80
90
35
36
9
5
18
25
77
48
21
9
46
28
60
28
89
95
89
39
53
88
26
57
41
35
41
49
39
32
7
72
74
94
8
83
0
79
60
29
79
81
38
25
9
50
6
51
45
95
90
98
83
16
7
77
3
48
78
95
32
38
67
7
32
27
90
84
58
3
13
37
84
51
15
46
1
73
49
98
68
39
48
4
7
55
33
10
55
11
57
88
49
76
47
82
56
37
66
14
92
80
52
77
83
19
75
37
92
24
87
12
15
36
16
22
43
1
84
51
