374
11
75
63
30
40
32
10
79
86
80
30
35
94
58
68
99
91
46
86
94
89
45
4
46
24
2
1
96
15
25
27
78
52
90
8
92
74
19
72
61
51
2
96
45
12
17
97
55
63
35
2
4
81
6
51
57
60
4
53
75
29
32
53
81
74
14
25
49
85
49
10
36
3
58
82
16
75
31
23
90
66
25
95
99
32
98
56
44
2
61
72
31
93
25
64
68
91
41
69
28
91
79
65
94
89
99
62
65
30
86
7
96
63
2
48
47
0
4
92
54
18
64
85
11
41
1
31
33
43
0
61
86
31
78
80
73
29
95
38
59
81
97
8
44
0
56
92
52
12
36
7
30
0
44
94
93
98
25
78
41
78
92
27
61
70
59
34
0
54
24
11
87
22
19
84
74
27
28
78
92
64
85
22
16
82
68
9
80
46
88
73
76
32
52
37
2
11
72
54
66
48
18
5
70
37
89
96
17
17
75
9
81
12
83
97
46
4
59
26
50
99
99
26
31
3
63
85
15
87
40
33
88
58
38
10
47
28
7
16
45
82
77
79
46
13
76
93
17
87
71
67
86
23
45
69
26
60
55
41
48
47
74
36
57
65
98
56
93
5
25
90
39
2
69
86
15
46
31
84
85
2
51
24
25
48
93
52
9
0
45
57
47
20
45
56
37
43
65
30
1
90
20
40
92
90
78
60
88
9
44
25
12
48
49
89
96
95
41
5
95
87
14
95
59
11
51
48
7
16
78
8
58
50
0
51
92
79
63
32
40
7
10
4
7
59
94
56
54
87
61
2
26
28
97
37
91
0
85
98
69
15
58
27
66
59
30
10
38
93
95
78
53
5
83
