848
32
7
1
90
79
73
53
34
79
24
51
87
84
78
49
75
46
80
49
92
29
47
25
4
27
62
27
49
78
96
42
62
55
95
52
34
69
57
69
0
81
72
40
66
50
89
41
96
21
42
40
50
41
66
7
69
28
34
18
58
82
12
72
38
8
24
24
29
33
93
81
15
18
21
33
20
11
26
69
84
20
9
35
62
27
94
31
8
28
1
66
63
66
91
53
26
67
77
55
1
23
36
68
41
10
1
13
21
79
82
57
99
92
44
61
19
38
44
27
19
98
46
82
64
37
35
90
4
64
97
57
87
85
25
80
95
78
94
68
57
76
26
9
68
70
22
40
61
67
19
32
17
65
14
81
54
1
23
11
17
72
68
5
57
94
85
5
24
31
73
82
8
51
43
28
74
65
68
35
84
40
67
1
5
33
34
12
86
9
75
3
81
43
60
91
89
98
96
66
29
69
48
37
73
91
66
47
8
86
34
93
26
53
46
84
38
81
96
76
90
23
31
24
18
92
15
60
90
11
26
19
32
26
57
57
69
75
56
77
61
90
70
40
95
17
24
85
50
72
61
92
95
93
16
65
37
83
25
27
46
51
98
31
77
7
88
46
82
45
76
96
87
46
36
35
15
12
20
17
36
34
10
31
27
78
48
64
14
74
43
60
25
41
91
55
49
80
53
83
77
29
79
64
28
67
99
95
31
20
13
67
54
75
50
33
5
99
49
19
73
44
32
50
85
23
57
86
55
63
22
32
92
53
49
72
21
48
68
4
20
33
72
26
60
74
11
17
73
60
89
98
56
21
1
94
96
10
80
4
73
2
88
18
8
37
90
81
86
10
85
58
95
9
85
7
84
96
25
9
9
14
60
65
87
61
59
83
23
92
87
97
46
28
67
54
65
9
35
3
20
73
62
67
82
99
75
66
95
0
28
56
14
88
74
53
1
33
36
24
77
76
73
24
4
92
30
21
2
18
25
22
91
39
41
73
38
16
92
85
16
20
42
82
60
16
35
61
1
24
37
79
52
63
55
8
55
37
29
57
55
54
31
98
93
73
72
83
89
16
69
58
88
11
92
48
79
28
61
80
4
50
11
56
13
66
64
21
4
93
78
11
0
10
10
45
35
34
29
76
50
98
34
90
61
27
38
40
7
51
20
63
1
32
19
67
50
35
88
6
80
66
18
80
28
80
26
15
14
7
92
16
5
78
6
66
5
96
6
64
99
78
27
0
62
46
67
65
33
7
23
14
26
93
94
54
73
72
22
39
79
14
55
36
92
13
2
50
61
60
14
60
91
94
61
5
92
80
70
26
88
94
40
14
87
86
20
13
59
94
52
90
8
60
27
53
73
81
55
35
94
21
47
37
15
8
42
8
41
65
86
81
11
26
47
50
64
19
63
75
14
68
66
74
28
45
79
53
78
34
40
72
56
88
9
71
48
4
31
41
69
17
22
32
95
21
82
60
41
98
35
55
66
53
81
46
98
61
51
29
95
44
1
51
32
63
75
32
67
6
74
88
76
48
20
71
70
2
31
11
0
19
18
18
72
99
64
23
12
68
52
8
12
5
11
96
68
38
28
87
97
54
75
73
3
47
44
25
50
28
88
2
47
6
73
71
57
37
94
70
57
98
30
69
4
93
65
72
32
94
12
29
0
87
54
55
35
50
80
37
78
20
91
77
26
64
1
36
54
47
58
11
46
40
81
50
33
46
74
17
92
86
98
45
26
52
0
13
3
33
2
33
53
45
63
32
10
64
20
16
11
78
27
9
70
60
59
55
59
86
73
3
24
71
48
2
76
1
67
31
34
69
16
87
15
79
19
77
95
39
93
59
69
72
68
39
85
80
95
96
18
20
99
42
43
0
45
71
1
12
2
35
34
19
74
1
50
46
78
98
37
23
57
7
95
77
98
32
9
