758
47
61
20
47
75
27
48
55
67
50
17
13
4
28
42
34
34
77
23
58
26
58
37
4
10
14
44
72
31
74
78
30
87
50
29
63
77
77
70
44
79
87
10
36
68
52
70
2
81
45
12
8
3
1
12
66
15
8
38
98
35
68
28
22
70
57
85
48
86
55
44
18
95
54
6
63
58
28
65
40
74
29
48
29
31
12
47
46
73
38
45
8
58
25
30
29
35
68
77
73
23
73
43
18
80
49
33
38
30
50
30
56
80
78
85
11
43
85
9
16
23
54
76
81
32
6
10
67
26
39
92
50
65
36
20
45
37
54
35
19
56
66
75
36
96
13
47
39
98
57
7
21
63
83
54
95
42
65
14
68
56
7
70
21
95
43
18
32
49
54
52
5
72
79
42
68
92
41
60
90
50
19
63
66
3
18
61
97
35
28
65
91
35
88
13
82
31
31
14
80
85
18
37
9
98
79
78
90
73
90
33
23
9
48
89
64
66
3
61
1
31
27
93
18
67
6
0
98
89
66
30
27
37
67
36
35
99
14
77
72
56
62
47
66
11
89
30
77
44
92
31
75
71
76
45
38
34
45
88
23
63
18
50
0
37
87
87
36
53
65
60
10
79
60
28
90
49
58
20
93
2
51
20
73
79
65
63
13
62
51
36
77
69
39
78
7
78
65
95
31
82
56
93
62
16
73
52
17
32
24
10
34
27
82
60
6
47
23
19
61
75
8
38
96
47
16
3
25
34
51
8
16
7
54
30
75
27
35
92
11
59
54
98
87
36
58
93
35
33
13
96
8
21
86
5
20
3
60
97
89
11
5
57
70
11
88
97
91
23
89
2
82
95
0
21
83
10
15
18
44
80
66
52
53
53
9
73
8
22
70
97
33
27
6
56
91
94
53
82
69
95
84
52
90
37
25
74
47
40
44
91
20
11
96
73
16
5
98
24
27
68
73
13
48
31
21
39
26
74
73
95
21
57
99
12
46
25
38
94
17
34
37
90
97
33
63
13
91
62
89
70
82
14
83
82
46
56
73
24
83
46
19
4
4
71
68
2
48
6
96
17
93
86
7
90
19
71
4
10
85
45
81
19
60
16
54
58
73
27
82
56
74
53
12
30
76
81
32
24
39
81
42
32
67
1
23
86
24
79
49
61
24
30
81
36
98
87
94
23
14
28
31
88
82
44
18
58
25
3
35
64
84
29
49
51
30
72
89
55
51
38
68
27
20
49
64
71
36
10
94
3
39
78
91
73
74
62
83
51
65
18
67
49
99
16
0
30
88
41
37
91
80
5
19
52
7
35
23
95
97
18
98
88
48
42
61
22
4
45
73
69
15
40
18
15
57
70
97
97
63
34
89
43
91
60
96
50
95
19
46
44
89
96
33
89
90
94
11
94
91
36
15
7
77
33
22
86
55
19
83
19
5
24
14
48
84
62
99
79
34
97
76
75
93
9
65
84
3
28
30
47
65
46
54
94
31
76
80
39
47
15
10
4
40
24
52
24
39
51
56
73
0
32
48
94
41
13
30
96
94
12
43
59
58
97
53
42
25
85
81
24
0
91
28
40
67
33
17
6
36
73
31
37
57
80
83
50
45
13
46
39
77
42
50
88
91
3
30
69
88
11
93
41
54
74
81
73
59
50
32
95
75
63
32
32
95
15
82
41
80
81
32
58
23
83
46
66
38
76
35
27
39
81
20
45
7
1
18
