706
97
21
32
60
20
25
87
2
45
56
16
24
89
43
73
16
80
71
83
29
76
16
59
10
65
68
34
84
59
82
14
56
3
47
69
75
24
56
30
70
64
46
46
5
41
71
21
73
42
56
55
70
24
14
81
90
82
67
26
93
50
41
2
5
40
71
81
64
79
63
86
43
9
32
48
3
56
21
76
50
77
31
21
54
97
54
44
32
73
22
25
23
63
79
81
55
50
14
20
29
77
58
24
38
43
24
41
99
45
70
49
75
53
22
29
51
28
25
35
2
47
12
77
63
92
10
18
94
24
90
76
53
49
0
92
92
25
85
43
22
7
44
49
61
67
30
64
47
55
99
49
55
63
79
18
55
89
88
50
14
79
78
19
28
78
11
72
55
49
15
30
56
59
79
17
78
10
81
78
17
32
27
72
96
6
42
3
96
31
5
62
10
83
81
90
14
45
62
69
94
29
51
50
40
31
20
71
93
53
49
62
38
28
35
34
35
77
89
83
60
47
97
70
30
30
12
96
75
74
18
21
55
69
72
96
52
44
67
97
97
68
60
35
96
95
21
31
24
63
66
85
10
15
7
92
46
20
89
21
94
7
43
2
76
67
98
29
11
17
26
60
37
86
48
33
33
21
17
58
84
83
95
94
99
2
87
45
22
76
18
69
83
61
71
11
80
21
92
91
90
71
4
27
9
4
60
43
25
77
53
10
13
48
56
64
2
43
61
25
71
31
46
6
93
17
18
25
90
10
69
80
33
73
59
43
77
19
38
2
49
91
64
14
91
21
30
45
64
43
22
88
74
68
94
19
37
12
45
27
75
14
59
8
39
18
3
16
90
41
70
91
84
35
57
27
8
87
73
24
30
95
12
56
64
7
76
53
71
21
81
98
87
92
59
26
11
62
42
53
4
64
44
40
51
1
68
59
40
41
84
22
88
48
78
4
55
54
58
27
27
91
25
14
83
84
40
46
99
34
99
55
99
95
95
2
48
15
14
88
8
98
62
97
98
41
1
54
47
11
33
75
2
10
89
86
47
30
32
46
16
32
53
67
79
48
70
28
16
84
68
24
34
31
21
32
72
75
38
19
86
71
46
89
82
36
75
81
18
59
27
86
43
80
54
23
80
24
51
96
60
71
21
94
2
94
78
26
21
17
98
60
40
44
49
22
32
76
3
2
87
82
89
31
14
43
54
47
19
57
43
31
28
16
77
31
63
55
9
36
24
7
96
65
4
97
39
36
25
95
39
13
77
80
44
44
75
98
91
94
55
86
25
35
55
2
66
70
9
76
6
34
35
55
99
39
52
38
76
78
33
67
91
63
47
87
59
22
37
50
68
44
88
45
79
43
99
98
65
8
74
72
94
61
79
45
1
31
36
29
61
21
96
52
84
95
91
95
69
28
45
37
72
86
34
52
81
33
50
47
93
76
71
40
37
50
85
90
33
21
19
95
95
15
99
79
62
91
75
31
19
72
20
44
58
54
48
92
39
98
39
85
26
62
25
15
12
62
6
45
36
25
92
31
93
92
62
55
35
89
39
6
14
59
50
24
66
98
16
57
48
55
94
26
69
71
42
81
34
0
79
22
77
23
53
70
15
