209
67
82
85
53
27
8
32
93
74
39
70
82
20
18
52
16
22
77
25
6
51
85
1
18
89
93
51
51
3
35
11
22
69
96
28
48
56
12
41
83
51
11
65
23
81
17
91
4
95
17
62
46
54
16
16
44
9
67
47
64
54
58
86
23
6
14
71
15
26
64
98
29
27
63
4
8
33
96
64
80
65
79
26
71
95
94
15
56
61
14
72
15
24
58
90
83
25
61
98
3
77
48
85
4
11
41
64
96
89
81
76
54
60
54
78
7
48
45
15
9
60
87
24
36
97
14
19
22
27
69
78
4
17
15
60
81
56
77
29
46
58
6
52
70
60
30
77
9
76
92
70
88
31
47
24
28
61
96
3
41
65
81
97
35
48
58
68
4
35
97
2
45
3
55
15
16
37
92
77
13
36
99
53
67
46
78
47
60
26
50
1
43
83
98
78
31
8
98
36
95
96
90
92
51
45
7
19
35
51
