866
44
9
47
74
43
2
95
22
81
20
77
73
83
90
72
56
21
53
16
12
2
0
89
65
61
18
17
83
75
4
65
71
66
64
97
61
18
92
35
0
65
12
73
48
55
97
57
76
51
73
88
53
74
77
19
87
96
88
71
23
45
88
46
63
53
43
76
71
88
12
71
53
76
97
53
31
94
10
8
45
36
48
51
62
26
70
49
74
10
20
97
55
9
43
18
14
38
95
85
78
59
9
83
35
6
37
19
52
99
27
50
35
75
1
97
53
23
47
27
33
19
76
41
80
71
11
94
10
58
80
40
17
41
24
5
99
13
24
51
12
3
1
48
78
54
45
84
29
44
11
63
64
88
56
44
59
67
91
21
26
71
62
95
64
38
0
63
51
76
14
63
79
68
63
58
74
9
94
4
5
5
19
21
45
75
66
57
94
57
78
72
80
92
68
44
82
20
7
33
97
73
49
76
93
12
86
68
73
80
72
79
38
91
0
83
18
18
40
12
27
71
85
7
15
5
3
98
77
62
31
26
88
80
3
81
45
41
49
18
74
21
97
64
64
98
47
82
68
40
95
96
11
32
3
78
89
59
76
66
21
8
93
61
40
48
43
37
41
92
56
67
66
53
31
30
3
31
65
72
71
12
20
34
44
75
12
85
34
89
51
8
49
96
69
41
96
12
79
38
57
87
5
75
40
89
5
96
20
22
20
43
34
40
77
78
15
41
15
2
82
67
10
83
15
31
25
12
96
56
2
5
43
59
80
35
48
37
83
68
60
3
11
94
95
40
25
63
82
40
65
64
59
27
48
75
58
25
39
6
33
41
11
28
0
91
63
1
29
99
69
89
54
33
35
50
73
60
65
7
53
30
24
12
57
24
39
67
1
30
74
34
23
85
62
76
77
77
77
58
76
98
99
31
31
34
33
57
47
98
16
0
80
92
64
37
16
56
56
17
86
30
3
10
68
17
38
97
47
15
55
23
13
54
6
97
88
91
54
35
41
22
87
21
15
52
10
31
8
67
1
46
49
56
8
17
26
46
66
73
13
21
96
27
27
55
76
68
98
82
55
40
4
43
61
19
47
72
3
55
39
56
53
40
64
14
10
90
60
76
63
26
98
12
53
25
19
29
45
17
11
1
57
67
44
19
39
91
43
42
98
34
50
3
74
14
17
84
5
30
61
20
56
11
32
61
88
51
42
34
69
5
35
78
72
31
49
11
22
92
5
72
78
55
75
53
22
93
89
79
75
2
99
31
13
84
92
54
35
34
88
56
91
75
87
63
6
36
27
80
81
32
52
59
40
79
64
62
24
54
93
99
8
92
30
74
76
74
28
64
60
68
72
51
43
59
67
1
48
94
81
29
26
85
88
66
64
5
80
41
59
73
40
19
18
23
93
46
97
73
10
10
41
83
61
36
94
28
89
42
22
22
71
1
7
12
19
24
17
52
65
28
77
57
47
95
80
93
42
78
66
4
88
60
39
1
48
34
82
38
28
56
12
52
9
72
64
29
96
33
33
13
61
10
22
60
6
3
5
0
33
72
4
73
84
44
74
84
30
8
74
58
65
87
62
74
59
26
55
7
59
88
72
72
99
94
85
57
97
90
9
30
14
13
3
98
9
30
35
91
38
9
2
55
96
64
82
55
91
37
14
2
78
86
27
29
81
12
38
30
2
47
61
17
12
16
67
22
98
2
13
37
12
15
44
60
80
26
16
23
16
30
25
46
69
52
27
2
64
65
32
19
64
93
88
76
62
55
98
60
10
64
49
22
79
46
82
11
72
50
34
40
33
12
38
54
16
65
56
33
82
88
52
46
34
40
23
96
47
21
8
57
85
58
31
17
56
66
80
28
16
15
21
1
79
59
55
95
77
11
28
59
52
32
6
86
72
29
34
20
2
42
77
88
52
61
57
8
27
37
89
43
4
62
97
83
73
4
31
50
16
59
10
20
92
68
6
