398
74
11
50
39
72
94
48
0
84
28
77
61
18
3
50
25
23
41
26
89
93
41
36
17
42
47
59
69
11
70
22
37
81
73
76
5
19
76
6
55
4
35
69
75
38
19
0
61
61
78
50
54
20
39
23
14
86
83
35
49
5
58
86
39
83
15
44
54
91
2
9
48
38
78
75
76
50
75
90
11
5
92
17
25
83
41
92
70
76
27
71
81
37
10
20
72
25
65
78
68
19
88
68
57
18
43
86
68
70
76
79
76
68
49
53
52
90
45
74
66
25
97
47
14
7
20
39
84
37
17
53
56
57
21
66
76
17
52
96
87
80
28
15
0
77
69
4
67
66
78
85
91
28
84
58
35
4
49
20
93
66
25
50
76
98
68
4
15
20
0
55
52
28
70
52
5
91
57
24
58
87
9
1
15
94
11
51
50
60
23
44
79
0
46
55
98
14
59
66
86
11
21
38
40
43
42
45
87
99
70
45
87
31
98
54
25
10
57
28
70
80
72
1
80
70
56
31
84
67
97
22
79
70
60
19
13
2
16
0
54
38
97
93
70
96
47
47
58
5
75
28
85
47
82
18
17
90
49
53
58
46
75
89
16
87
60
81
42
76
34
96
67
31
41
37
79
88
84
37
93
60
18
31
59
0
1
29
90
50
34
0
48
10
89
16
49
49
49
91
78
83
39
45
67
80
34
46
69
70
36
14
82
54
97
42
6
98
23
96
0
57
49
0
19
38
68
69
40
18
12
18
53
4
15
72
84
1
71
5
71
7
72
54
13
69
48
19
68
71
67
20
80
16
21
52
55
89
73
47
59
85
17
65
89
84
37
26
85
8
83
56
15
55
10
28
25
10
99
45
33
67
17
14
83
38
18
90
80
91
37
91
28
6
56
70
90
94
96
