281
64
78
74
94
22
85
8
96
49
14
97
3
8
33
72
53
52
88
18
28
66
48
25
47
51
61
36
91
33
46
28
49
24
54
95
46
39
3
95
40
17
44
43
78
78
67
31
82
55
1
10
73
2
87
20
53
48
8
96
33
55
76
82
31
30
77
30
69
33
25
62
2
69
5
80
99
73
64
81
80
17
43
54
19
30
26
24
31
35
73
64
42
49
99
73
80
76
55
1
9
80
63
12
2
21
44
53
46
8
35
26
26
30
32
97
61
59
22
44
46
95
60
40
96
59
13
76
36
69
30
97
1
45
61
55
66
58
9
12
66
44
39
44
26
71
42
87
82
16
83
80
63
44
20
59
3
86
88
91
7
70
41
8
15
2
16
82
60
25
46
79
21
85
23
47
9
17
87
43
33
70
24
48
14
96
8
70
82
48
61
89
18
2
50
33
57
66
67
69
43
14
48
64
51
24
63
12
41
50
56
27
73
32
27
39
28
87
9
63
35
23
4
5
77
54
39
34
72
58
4
15
72
4
79
24
28
95
88
22
45
44
1
18
28
28
10
9
16
19
24
3
42
28
9
72
83
0
6
55
58
62
23
31
67
2
7
47
97
95
21
95
92
22
65
72
3
75
81
71
47
57
