919
30
12
61
75
30
55
6
94
8
66
17
73
56
45
80
53
89
71
25
88
82
89
65
22
32
91
46
9
86
34
43
16
46
4
43
77
59
2
23
19
20
93
93
76
38
25
29
27
96
7
67
78
96
84
52
29
76
50
90
62
84
33
31
82
89
26
11
0
80
35
19
0
80
64
76
18
41
58
98
37
65
17
67
13
2
71
94
30
21
84
44
5
69
27
40
58
54
51
58
86
38
30
87
18
94
15
37
36
73
87
25
90
4
93
56
6
64
50
88
38
35
33
95
56
12
35
15
18
39
25
5
77
55
92
96
2
7
85
90
33
72
15
23
76
60
31
35
77
82
75
15
69
60
10
25
73
98
92
91
37
18
48
14
25
40
62
27
0
99
17
33
71
33
8
0
45
40
87
22
74
62
37
43
75
0
68
48
98
13
91
87
31
40
1
8
32
16
36
32
15
5
17
39
90
78
39
36
18
78
58
44
92
48
87
67
48
7
15
98
20
59
85
3
99
38
12
31
6
0
16
22
5
33
61
96
11
52
32
81
82
42
25
74
90
64
94
90
72
61
40
44
20
77
0
71
16
64
3
22
64
19
96
69
4
9
17
16
61
49
97
95
44
75
22
34
39
16
77
63
77
17
60
50
95
60
21
63
24
24
37
40
95
86
9
0
95
27
68
9
28
65
4
72
92
26
59
32
94
36
47
72
5
7
22
52
19
43
15
43
20
5
83
67
91
45
67
38
24
35
47
4
53
4
29
45
82
88
29
77
76
77
49
33
36
23
86
56
18
53
51
90
10
87
58
1
84
77
92
8
65
39
64
18
95
93
15
78
33
97
55
61
26
4
95
14
79
33
70
97
38
74
88
49
61
98
2
45
75
94
5
40
86
21
10
81
67
78
59
0
27
14
14
53
70
61
67
49
46
90
99
84
64
39
33
77
37
36
22
64
30
79
57
16
0
67
98
67
97
57
20
24
24
86
29
94
47
49
44
93
91
95
77
55
34
63
32
71
99
6
35
29
37
92
98
37
12
48
57
61
57
29
38
81
15
19
76
62
20
72
7
11
67
36
18
1
99
2
24
98
8
11
80
97
56
30
35
20
78
44
81
87
73
71
69
88
91
97
2
11
69
61
23
88
97
93
41
49
96
65
99
56
28
31
54
84
61
41
4
91
85
38
79
58
9
0
98
0
97
52
64
18
13
39
6
62
32
99
11
28
16
11
85
44
42
39
81
56
80
37
99
17
75
30
75
37
30
25
89
27
77
53
97
42
92
55
4
77
54
16
5
70
79
42
67
73
33
48
81
13
85
81
82
13
11
9
50
94
34
91
21
63
97
71
5
41
26
10
18
33
78
24
3
9
18
70
34
52
18
16
17
56
49
0
69
12
9
71
6
96
62
80
59
59
51
65
1
29
27
19
62
57
95
66
66
14
88
52
66
59
20
35
15
69
35
36
34
97
7
40
93
21
20
52
81
23
69
34
53
48
53
15
5
1
33
23
15
74
28
33
85
48
68
52
70
56
88
4
53
47
44
46
68
17
50
49
40
72
83
45
20
89
61
78
90
46
53
57
72
33
42
57
82
62
9
52
18
49
56
23
96
52
21
65
69
72
14
62
96
50
7
68
91
68
98
81
67
52
90
39
37
32
49
19
94
58
23
65
8
31
88
56
84
62
21
53
86
88
15
82
38
23
50
81
43
49
62
62
53
52
54
90
36
3
62
82
13
85
47
73
17
88
30
53
2
51
6
88
91
74
70
81
49
72
62
44
21
24
59
26
28
13
69
16
68
83
99
81
20
98
7
37
38
37
42
40
40
1
28
32
75
98
13
76
71
28
72
44
52
31
23
33
44
44
49
64
27
0
98
47
99
5
37
37
94
79
78
86
80
6
18
7
57
84
35
80
12
8
76
16
39
99
1
36
95
3
0
22
3
98
22
2
55
59
40
49
90
70
36
23
28
6
30
85
42
18
17
6
26
94
75
65
45
76
53
41
79
54
15
83
4
37
85
60
48
77
9
39
99
97
14
28
56
44
65
98
14
83
5
40
77
80
58
74
8
11
67
88
65
83
