854
32
70
83
55
50
38
99
38
10
94
12
13
9
52
9
1
86
50
89
32
12
16
61
64
12
86
33
26
87
41
76
72
11
11
79
13
49
78
4
11
72
16
76
82
68
85
83
6
87
72
91
52
40
52
68
4
90
2
31
77
95
59
49
58
70
28
71
71
6
75
34
31
43
10
13
11
47
96
70
35
20
61
87
13
65
55
69
55
9
52
32
56
63
34
14
33
14
86
56
73
13
90
4
9
52
17
72
0
65
42
35
37
3
74
50
68
29
72
75
91
24
8
47
88
94
62
73
8
0
30
81
65
72
37
74
77
6
47
77
71
89
64
61
45
38
63
65
19
35
41
10
60
1
58
0
95
72
73
3
24
55
37
89
80
74
64
57
81
63
86
4
4
50
17
49
88
81
67
59
16
60
70
28
61
80
80
56
4
54
11
28
61
0
17
93
27
33
2
60
48
88
64
53
90
34
54
30
15
73
90
83
33
60
64
94
92
44
2
96
50
66
24
12
66
93
57
93
79
60
5
79
48
22
32
91
56
39
21
71
12
11
54
46
23
70
92
15
15
95
11
65
13
87
29
79
33
87
25
64
47
30
43
47
52
28
90
60
67
12
31
31
23
38
77
47
8
22
62
23
69
26
41
82
65
70
13
50
9
90
14
8
21
10
8
25
38
98
86
57
10
69
40
34
7
70
33
68
92
47
43
61
73
84
43
91
7
8
41
16
99
8
77
72
18
85
49
8
83
35
17
94
57
57
80
16
27
65
84
19
12
80
32
38
64
27
29
23
36
22
92
87
30
69
59
0
54
8
60
89
96
77
35
53
87
67
21
66
32
58
38
45
38
70
83
54
98
64
78
86
38
22
73
21
91
84
21
97
92
34
86
40
63
22
45
50
41
67
17
74
25
55
71
15
77
54
69
27
70
99
65
8
21
90
29
12
74
3
61
19
89
48
59
52
22
57
55
63
76
24
37
53
79
8
68
8
14
89
36
36
89
1
97
62
92
78
27
18
81
88
37
70
88
49
75
10
6
30
26
82
54
63
35
85
24
55
93
90
44
81
79
85
35
76
0
79
54
27
97
88
67
87
10
56
36
85
66
94
15
44
28
21
8
15
6
84
70
52
26
66
85
5
4
20
81
4
51
88
31
49
76
98
88
86
6
24
72
25
70
39
69
98
13
29
65
71
13
35
23
92
53
61
49
57
33
31
61
85
71
44
86
47
95
74
85
1
98
9
78
20
1
48
18
14
77
35
85
43
22
61
35
75
22
84
85
7
67
98
92
90
43
78
37
90
52
75
43
2
84
22
22
85
22
92
99
99
27
37
42
49
98
29
77
72
66
62
79
85
60
24
76
55
2
65
97
55
92
93
9
77
15
32
14
37
24
66
88
4
3
83
5
53
64
82
77
82
96
8
68
57
32
96
64
35
13
62
42
6
7
51
35
22
35
49
11
12
15
51
16
70
34
73
23
51
56
52
33
52
61
1
61
93
49
26
80
15
40
22
73
47
26
8
21
13
9
84
25
77
35
93
47
22
67
23
73
75
75
6
27
36
60
41
82
61
67
62
76
59
37
49
58
63
9
31
76
19
15
54
96
2
99
95
24
66
18
49
41
46
56
21
82
68
62
64
29
81
79
58
92
16
7
2
31
17
33
59
88
48
13
36
2
13
31
27
31
2
76
25
48
84
46
82
52
60
99
34
93
78
92
85
94
51
87
25
20
72
36
8
20
50
44
22
15
28
1
46
30
30
71
78
66
69
12
71
29
11
5
74
89
49
11
35
0
98
12
21
70
49
81
42
51
78
17
66
6
70
12
36
0
36
66
67
57
78
90
39
90
95
13
31
96
25
67
96
75
31
17
98
80
51
92
31
29
9
49
35
80
14
23
32
50
89
51
7
19
41
46
61
88
12
93
84
37
12
81
