492
77
24
18
75
1
35
12
25
41
85
17
42
0
76
91
53
60
31
92
24
56
5
8
47
40
81
27
55
51
6
23
80
82
93
7
83
28
72
60
21
57
78
63
9
54
7
14
15
38
58
91
46
63
51
93
4
33
21
11
36
79
86
69
61
79
28
44
7
0
56
28
9
34
44
71
41
51
37
56
89
96
99
35
59
50
81
63
83
2
26
72
81
12
41
94
91
69
90
50
22
46
79
83
33
75
54
74
78
92
82
67
88
81
54
47
31
35
63
67
89
41
39
22
54
32
16
97
53
58
48
75
5
79
59
90
54
65
64
84
57
46
3
97
27
57
97
10
45
60
29
86
53
20
9
7
52
77
57
58
36
5
85
93
36
44
83
42
62
99
26
19
45
29
69
24
38
66
86
35
78
16
22
31
36
83
91
41
12
48
99
48
5
84
93
41
81
28
35
43
27
61
14
24
42
83
48
80
49
87
16
27
3
90
11
39
73
2
80
85
2
79
86
7
16
31
0
97
60
87
40
39
48
54
64
90
90
64
22
39
51
38
19
54
28
82
46
53
84
26
91
38
58
77
97
74
60
97
23
20
84
63
12
84
69
76
26
59
40
48
51
44
39
22
98
19
4
96
73
40
75
64
78
33
93
75
59
5
24
82
78
60
97
90
96
66
66
22
78
58
22
81
2
61
3
53
81
59
49
54
99
24
70
29
9
15
56
20
20
32
54
98
44
51
88
40
70
6
14
0
17
36
81
19
98
84
24
31
43
26
37
94
2
59
75
64
74
31
84
46
63
91
97
7
94
37
99
64
96
13
16
13
1
97
32
99
81
9
82
76
35
19
22
37
78
97
53
52
28
38
51
43
81
0
2
75
37
1
92
33
66
8
46
68
6
31
19
39
92
2
68
27
21
90
16
0
88
70
4
68
60
7
12
41
7
14
68
45
68
60
30
86
69
29
54
27
12
26
18
4
28
86
83
1
77
51
1
65
73
58
33
33
65
97
26
73
64
95
70
32
7
52
18
28
33
25
55
97
51
74
1
31
60
36
32
89
88
86
54
13
44
40
47
61
37
25
86
1
20
8
85
80
61
56
8
46
81
16
44
84
90
97
15
