597
40
42
86
54
89
15
16
3
92
68
75
61
5
99
35
94
6
11
54
17
69
68
37
78
43
39
22
30
97
95
40
89
37
26
96
79
41
12
82
85
80
57
46
85
8
33
31
66
96
37
83
66
6
73
96
1
12
18
31
62
65
71
51
2
49
47
33
42
12
15
27
44
24
25
82
84
11
13
51
59
51
86
25
9
59
73
10
72
43
93
34
8
17
37
63
18
85
96
61
49
64
40
93
40
18
27
25
81
41
28
40
44
14
66
5
26
91
67
98
35
12
84
95
29
21
58
48
58
7
61
7
71
1
53
11
71
80
88
52
73
68
93
69
35
11
74
61
2
93
11
89
6
95
85
87
16
95
35
27
2
48
34
25
50
39
89
73
72
77
26
45
98
19
15
33
30
41
46
32
87
57
74
93
4
59
80
20
54
68
47
9
68
34
34
70
25
23
44
97
53
70
43
51
89
10
36
71
3
82
3
90
91
29
35
95
88
68
67
95
88
67
4
56
53
90
27
78
14
71
28
67
93
23
70
82
33
6
53
88
40
8
31
31
38
66
78
78
86
45
25
74
12
81
83
65
72
62
96
86
85
24
5
78
47
75
12
32
81
17
20
73
25
51
4
15
70
82
46
56
27
23
83
92
5
18
9
29
80
5
67
65
29
72
95
28
47
7
60
80
24
33
53
1
84
9
69
6
91
67
63
70
90
98
14
47
16
24
28
96
81
95
13
63
67
8
91
66
15
52
98
91
37
3
92
21
12
13
28
55
80
43
78
23
93
92
70
9
68
99
57
50
46
22
13
66
30
56
32
97
60
83
40
97
86
32
71
99
98
51
6
78
94
84
53
39
29
76
48
97
27
57
99
73
79
64
39
61
21
24
10
81
7
50
31
45
34
2
96
32
53
3
63
99
87
16
38
68
44
38
66
71
95
65
97
26
82
36
39
3
12
49
36
71
99
67
69
85
21
65
18
74
68
33
73
8
1
11
76
46
1
94
69
48
12
66
74
94
55
65
97
67
66
85
91
17
53
60
3
74
25
21
1
46
6
74
6
7
38
82
53
39
77
23
88
89
41
14
35
96
80
32
16
46
17
7
64
22
19
19
49
44
92
50
42
98
76
48
5
14
83
11
6
12
86
94
53
27
60
88
24
92
20
40
91
89
99
7
12
18
26
13
14
18
63
57
16
39
57
73
54
40
36
12
52
22
6
5
2
18
93
78
11
65
18
2
7
69
9
71
87
35
84
1
53
47
10
21
38
68
94
44
8
83
56
13
5
62
70
7
81
16
85
44
33
55
46
40
24
55
11
63
90
95
17
95
94
27
68
33
95
62
77
56
97
34
21
3
