678
22
81
23
71
75
60
33
68
45
71
8
81
5
23
60
51
20
65
43
19
51
1
30
23
3
85
68
91
14
35
56
88
68
31
11
44
91
97
12
89
68
72
70
25
95
30
29
68
47
72
87
98
73
69
73
29
6
93
72
72
81
80
60
49
11
72
93
54
69
5
43
89
77
65
66
25
48
95
93
47
67
32
98
93
53
23
22
60
17
94
32
98
26
45
47
37
69
93
43
90
98
87
79
28
4
97
5
52
93
50
52
12
82
50
5
87
73
27
47
42
73
32
92
99
77
40
88
46
85
32
88
35
71
19
15
75
16
20
80
9
22
32
22
4
82
79
92
7
7
91
50
32
23
42
84
52
34
72
50
19
56
38
7
27
57
22
3
74
95
35
35
17
19
9
22
53
89
66
60
48
9
62
80
85
5
16
89
91
89
40
63
45
30
70
25
40
44
80
66
39
15
1
57
34
63
31
39
4
49
99
52
58
62
84
43
19
1
33
62
42
25
77
39
7
47
64
47
44
96
13
83
63
67
40
97
82
71
36
86
20
88
90
31
2
26
26
73
27
11
87
21
36
65
13
44
64
29
43
8
26
57
92
89
76
84
39
58
8
27
96
28
15
86
11
69
12
38
42
92
49
30
13
38
47
78
34
11
8
29
20
34
86
64
75
14
48
14
72
56
42
20
37
9
6
48
31
19
38
73
63
40
55
28
30
2
7
64
66
15
93
86
1
32
50
76
98
98
91
23
7
85
43
44
46
50
44
77
21
83
3
84
75
10
12
5
65
71
21
31
86
66
17
39
50
19
16
49
69
59
72
76
96
67
72
42
17
69
72
90
4
75
26
79
37
91
84
2
62
57
33
1
23
2
40
74
21
56
75
43
67
47
71
15
14
44
58
84
13
82
26
17
9
53
48
46
44
84
49
58
41
34
59
64
37
0
90
10
8
65
53
28
12
77
43
79
73
53
15
38
35
93
7
44
46
55
91
42
39
92
1
80
26
12
96
15
64
87
26
73
52
31
53
17
8
96
48
81
2
63
71
37
56
78
34
55
33
77
49
24
69
2
4
47
15
1
63
79
88
89
4
92
72
57
9
33
54
57
66
56
72
38
45
81
16
31
88
50
8
37
26
29
40
31
77
7
84
40
86
24
81
91
16
53
0
78
86
54
87
53
62
12
91
60
45
59
91
33
61
0
22
88
81
14
71
58
21
55
98
60
79
31
51
47
85
51
77
23
58
65
28
72
77
71
84
22
31
76
7
92
28
81
32
9
96
3
20
69
58
70
29
89
2
32
89
39
36
66
62
46
83
43
70
60
14
55
34
97
83
93
42
63
75
74
24
23
78
44
92
88
67
22
30
69
6
71
8
42
37
22
88
73
65
11
33
32
66
20
29
1
65
71
64
40
46
40
63
76
85
8
16
52
30
46
73
88
17
33
31
7
55
71
32
73
82
17
5
0
37
34
1
3
6
17
95
4
58
11
80
95
19
96
99
1
95
72
89
64
57
72
23
12
44
55
85
78
73
42
31
