617
12
38
54
94
20
95
20
64
22
47
68
34
3
97
53
71
58
60
34
98
66
19
68
89
31
83
40
19
82
64
61
46
2
68
92
75
15
64
91
38
11
11
24
14
60
77
37
19
37
24
17
55
43
37
45
74
20
85
94
54
49
7
52
4
75
45
31
91
9
74
81
73
85
5
39
45
34
77
16
71
1
86
26
96
23
23
71
96
9
17
2
10
76
55
66
4
52
97
47
13
23
28
86
8
85
26
6
19
55
22
42
8
8
20
4
84
44
27
32
53
44
86
15
73
93
82
77
45
31
24
11
55
4
97
15
89
75
73
60
82
48
2
90
56
22
95
92
66
74
76
71
71
63
87
44
8
21
73
54
4
97
65
59
53
14
27
42
42
0
2
24
0
4
15
9
78
62
1
45
36
30
68
59
45
7
3
53
28
76
59
33
25
76
44
78
91
23
72
85
76
74
9
76
30
76
85
61
90
39
58
79
69
26
38
14
34
42
19
14
70
79
99
96
55
96
74
98
71
99
83
47
73
45
24
56
21
61
17
12
0
27
91
21
53
29
87
39
23
7
54
94
38
5
90
45
53
16
44
25
15
79
72
41
24
48
49
98
10
18
10
62
45
53
84
98
34
71
90
58
30
44
52
68
1
94
66
55
10
10
80
78
41
52
19
18
53
20
16
63
38
78
77
35
83
61
33
17
85
75
75
67
71
79
88
73
73
54
80
36
16
60
66
57
64
37
27
17
57
43
32
47
73
62
82
56
23
67
74
60
43
1
28
14
81
68
87
54
22
67
42
38
79
8
47
44
45
75
13
54
18
98
1
44
60
83
0
35
51
74
48
94
76
28
8
9
96
48
15
18
67
58
8
99
18
55
95
64
82
8
70
1
58
72
97
70
55
97
6
58
24
54
52
0
82
13
9
30
13
24
48
32
34
56
31
53
63
26
69
46
87
39
99
45
63
96
16
19
45
74
77
69
80
82
21
14
47
30
44
12
7
44
44
93
52
76
46
15
54
67
13
41
59
12
39
22
60
7
93
6
81
71
75
13
5
49
27
52
79
23
16
38
67
60
32
19
88
30
86
43
50
0
84
9
64
23
31
25
30
77
83
63
48
10
76
5
59
55
9
91
30
25
81
97
85
13
68
74
96
55
69
46
55
53
7
71
29
90
48
11
67
31
75
67
94
3
72
53
11
81
44
41
58
26
91
44
91
59
70
39
14
39
37
21
44
44
93
73
87
93
85
6
25
12
74
19
67
98
24
78
32
21
72
90
99
63
86
90
22
8
82
89
99
19
62
44
16
7
69
55
1
6
61
78
70
35
97
38
86
73
68
18
94
40
8
93
3
47
36
78
55
18
19
55
89
33
51
5
41
72
60
94
31
74
72
53
61
21
