309
58
62
56
17
68
10
58
22
90
90
9
45
37
22
65
63
15
51
46
83
61
35
63
35
60
27
45
78
30
98
29
88
60
37
57
80
0
16
54
90
6
63
87
95
38
52
10
53
3
9
88
64
44
3
52
56
83
97
34
13
95
15
1
8
5
10
40
5
26
95
47
85
10
34
32
48
86
43
54
41
52
42
6
96
98
58
5
81
7
91
46
3
7
99
63
12
9
3
69
88
98
68
73
9
2
5
57
40
0
11
81
52
6
39
1
56
49
6
89
57
97
87
12
56
86
75
20
95
30
41
35
81
9
60
42
11
66
51
3
18
15
37
71
73
28
72
29
78
30
70
87
79
57
51
88
43
78
8
90
8
2
26
41
11
86
83
75
4
35
78
23
50
67
46
23
96
70
4
74
52
74
13
31
31
64
71
26
42
80
68
2
82
94
44
45
33
79
20
89
14
99
64
16
66
10
39
14
80
43
40
32
69
53
16
52
69
87
78
63
19
99
66
53
45
62
99
78
41
19
20
8
70
84
24
89
47
64
3
79
59
96
64
81
49
80
33
19
19
64
34
91
63
0
44
8
14
95
39
56
67
59
16
89
95
40
78
42
4
34
22
16
82
38
97
31
70
82
2
89
98
37
80
61
89
77
22
56
24
61
64
91
72
80
81
67
20
11
62
77
97
36
93
79
74
42
63
44
76
65
