218
46
38
82
7
68
3
39
70
40
43
37
49
11
26
39
58
74
38
77
37
32
20
28
30
51
65
82
9
95
52
28
93
42
62
0
11
66
91
33
58
34
70
7
98
96
47
56
70
85
85
59
69
5
40
52
8
57
34
18
52
38
98
45
33
61
97
44
27
88
77
37
22
47
44
20
96
43
76
18
80
62
30
2
19
70
54
28
27
40
98
31
30
48
28
63
9
77
59
88
65
88
25
39
88
22
12
84
17
88
2
50
2
32
52
74
54
58
54
33
50
4
16
32
52
44
96
62
21
55
50
38
96
28
78
84
50
42
68
19
82
22
69
85
7
73
11
13
83
65
47
33
21
63
66
73
60
14
35
33
21
38
24
17
66
54
1
68
96
21
39
78
96
9
15
3
34
26
16
18
43
15
3
64
31
21
38
91
35
25
76
9
15
0
26
81
54
80
1
2
53
93
81
49
2
96
4
88
75
73
6
70
88
62
35
19
83
25
62
