489
85
61
7
75
40
11
41
40
9
55
64
26
54
1
22
11
75
37
2
30
25
76
58
69
70
11
72
82
37
88
13
22
49
72
97
89
83
90
29
44
98
45
23
52
47
45
15
74
82
70
5
8
46
15
29
68
78
1
2
15
41
15
37
90
39
87
31
74
29
12
19
27
58
94
32
57
39
47
31
73
17
88
33
16
55
14
36
33
68
39
48
9
6
38
52
46
25
83
20
54
48
91
34
58
37
66
67
76
65
50
2
35
91
35
51
46
50
87
32
18
78
32
27
85
70
79
31
47
15
3
54
15
47
40
25
84
6
92
13
23
94
15
58
85
50
61
32
52
1
16
22
79
48
50
16
71
81
99
18
48
3
24
15
2
64
92
38
70
36
51
46
31
66
56
16
69
18
0
21
71
16
44
2
17
46
19
88
79
18
6
80
73
31
47
27
95
40
66
18
76
17
16
59
36
72
76
57
90
28
30
13
97
74
16
14
72
87
2
4
57
60
84
31
43
31
10
39
23
76
9
0
46
25
59
34
49
87
91
40
68
21
5
65
48
73
79
72
60
33
76
18
93
60
1
37
44
63
28
67
40
89
19
38
66
31
72
15
70
15
7
38
88
13
3
36
86
34
9
99
67
85
69
13
98
22
2
94
85
30
13
25
19
33
15
37
16
39
52
86
54
60
25
95
25
80
31
63
67
92
62
86
30
31
99
28
53
1
22
39
83
35
16
54
20
84
91
36
23
44
75
30
56
52
25
33
32
8
96
51
1
11
38
31
42
89
11
48
91
85
39
26
20
7
81
93
91
72
81
67
68
56
97
76
8
74
9
93
82
6
44
35
17
34
66
11
24
77
11
67
62
2
93
35
62
26
80
53
99
61
72
19
18
21
48
78
95
57
71
30
15
68
65
84
2
84
48
26
13
11
45
28
14
39
15
76
65
95
81
16
56
54
88
26
27
36
5
75
93
28
57
61
96
74
45
99
58
45
77
24
57
23
52
71
14
67
99
31
14
80
48
22
86
88
49
66
24
6
41
17
86
98
30
83
72
28
34
83
73
63
7
30
38
11
53
52
30
52
36
44
85
84
18
23
72
19
41
48
25
82
