230
84
6
55
13
12
77
90
63
46
12
54
97
92
28
82
0
23
85
61
6
31
83
99
14
86
57
22
30
50
85
5
35
43
60
0
55
89
42
70
35
55
25
84
47
5
67
99
28
4
61
87
36
44
86
50
82
43
25
13
46
62
70
33
57
30
33
13
71
75
35
58
82
60
42
82
17
61
81
98
66
42
85
54
86
23
56
69
67
81
34
65
95
56
98
53
86
83
18
9
10
53
67
93
66
9
75
83
71
56
33
89
51
18
43
89
94
99
10
13
33
96
78
80
52
28
33
38
63
51
99
73
57
66
66
23
76
93
58
99
2
92
88
53
62
83
94
56
34
5
69
19
1
99
0
54
27
33
44
90
37
44
16
94
10
34
17
38
28
27
89
82
19
29
87
34
12
81
90
99
86
12
18
40
63
18
46
43
4
90
33
41
86
1
35
49
36
4
87
16
31
29
50
3
58
37
37
71
18
79
70
57
43
40
49
7
11
95
50
15
85
35
8
24
37
43
73
25
99
12
93
