774
66
1
59
14
78
56
23
83
20
71
43
85
66
86
67
52
56
42
32
55
73
65
6
2
9
35
71
90
92
41
73
59
94
32
25
73
89
49
56
61
72
51
47
91
37
66
95
46
60
80
1
34
45
59
36
55
46
59
45
39
0
71
98
47
3
23
20
44
24
28
6
49
80
5
92
17
71
39
15
31
19
17
65
17
28
54
24
75
13
21
14
66
92
64
13
48
39
85
92
16
13
98
17
45
55
9
15
26
0
30
10
20
99
27
89
80
81
65
55
47
86
21
65
31
37
78
79
28
15
23
44
80
74
13
26
29
22
93
56
23
23
18
95
75
45
36
55
79
1
10
26
39
83
91
22
72
21
1
0
36
77
97
68
51
10
46
80
85
39
88
60
63
6
7
38
4
43
45
83
96
7
9
87
90
52
10
62
73
63
14
61
40
11
81
91
74
28
24
59
67
12
71
82
71
78
20
75
73
17
10
69
24
19
56
14
23
18
28
48
82
95
9
22
6
90
66
80
70
90
91
38
54
62
20
77
40
93
4
13
10
14
34
35
85
43
1
8
61
82
56
95
77
17
70
83
60
36
16
30
78
7
68
84
22
41
14
14
34
70
80
96
37
14
31
22
9
85
83
23
67
91
18
44
61
40
79
73
28
95
3
58
55
24
43
77
17
9
43
3
79
23
99
68
38
83
91
99
68
26
22
35
69
93
79
30
33
58
55
62
6
11
20
61
35
15
90
4
76
33
7
8
9
6
76
47
89
19
98
9
97
21
44
67
66
75
49
51
86
5
65
92
16
38
5
3
5
47
7
82
32
66
42
41
72
18
40
14
90
39
75
87
12
20
54
30
47
56
81
33
13
47
77
29
85
34
84
90
33
43
24
18
9
66
59
33
85
52
99
75
43
75
14
55
47
21
85
94
77
18
80
90
65
9
71
2
44
7
45
29
2
69
47
11
36
7
96
73
11
96
0
54
71
14
9
70
35
46
64
64
16
96
6
34
6
29
36
2
88
81
31
90
3
31
53
39
90
50
64
1
46
64
55
69
30
16
91
18
14
55
34
30
4
93
64
10
22
53
64
11
86
95
53
89
78
7
80
68
57
96
69
55
12
24
76
95
92
67
13
6
74
99
89
78
92
5
40
67
58
4
30
97
52
83
38
30
90
71
99
99
67
68
54
80
45
82
27
89
49
40
96
76
91
37
54
84
42
95
51
53
51
81
2
3
16
40
86
7
11
37
6
31
57
13
63
2
47
90
92
97
82
40
25
73
77
79
57
71
26
60
76
30
93
78
85
10
19
71
17
82
8
75
65
66
40
28
20
88
70
64
37
52
56
62
26
85
93
35
57
20
48
33
2
41
64
87
51
83
11
20
17
19
48
83
37
88
63
10
28
34
74
65
38
31
79
16
16
73
4
25
45
52
11
47
93
75
86
45
10
97
65
79
69
65
14
6
54
78
16
34
64
43
52
2
26
31
71
94
56
75
20
53
27
83
52
20
58
39
17
20
36
35
99
5
0
14
64
6
44
32
41
8
75
45
62
53
76
33
48
85
8
20
38
35
3
43
8
13
82
25
33
70
60
84
28
61
98
92
19
42
76
60
2
52
5
65
5
34
50
5
71
59
25
61
94
28
4
54
41
38
80
26
9
40
11
89
53
61
33
73
56
9
85
58
13
91
75
71
77
26
76
48
37
2
9
83
82
14
38
76
52
18
2
13
10
65
2
64
27
35
89
35
97
74
45
