930
71
97
42
48
13
68
9
29
89
20
60
30
5
35
82
72
79
92
99
35
10
28
70
14
29
86
14
11
96
83
20
19
32
62
67
45
83
28
27
72
0
39
2
6
74
37
30
5
29
81
93
40
9
63
6
90
1
72
53
97
7
73
16
39
88
35
37
71
15
64
43
15
3
98
73
29
35
3
87
16
84
80
8
45
95
66
87
96
38
40
45
45
14
13
85
54
48
22
25
15
38
20
30
93
70
4
22
57
59
9
74
96
41
34
41
88
1
29
84
91
21
81
37
35
94
74
41
94
48
18
9
86
39
92
79
61
48
53
19
7
15
93
3
56
79
97
45
80
78
81
72
99
15
61
87
9
35
28
56
35
99
17
73
38
9
4
51
57
57
70
17
72
15
20
81
95
69
78
75
47
11
99
99
26
60
38
88
47
18
96
82
17
13
55
7
75
59
59
32
69
29
49
41
97
22
74
92
43
4
19
43
68
19
42
46
31
32
34
79
50
82
61
20
48
69
27
23
28
38
7
97
20
9
91
17
83
17
9
26
22
80
69
90
99
63
36
83
47
23
62
50
57
75
70
5
44
49
28
25
88
88
22
8
97
65
77
80
83
86
58
57
18
80
99
70
95
87
53
43
62
15
93
20
42
63
77
39
12
58
64
52
46
38
60
95
4
37
75
39
75
85
48
94
65
47
64
61
86
69
4
49
36
49
21
78
12
98
17
76
56
33
81
2
72
93
97
28
83
24
19
58
62
67
4
27
66
20
40
52
89
96
53
25
45
74
56
9
25
25
38
81
59
19
36
31
12
33
11
95
10
30
6
72
97
10
51
15
83
92
19
24
88
73
2
86
99
58
95
24
35
33
58
94
52
94
77
17
27
88
12
89
70
18
61
19
81
13
34
16
57
54
40
97
79
42
83
30
52
79
7
88
64
65
34
17
59
64
86
38
4
98
28
75
69
41
94
50
6
81
18
63
35
58
61
66
53
96
96
57
75
3
97
40
20
32
9
79
48
95
18
52
45
98
79
14
39
74
16
98
55
34
13
42
93
26
8
98
23
56
55
98
12
53
90
32
37
99
64
85
46
82
37
92
32
17
6
23
43
75
21
98
9
87
92
54
13
52
52
36
8
8
87
72
13
29
57
50
81
21
35
27
55
24
71
87
93
30
10
36
5
84
86
14
23
78
21
36
82
73
25
91
33
64
15
46
93
72
48
74
93
83
54
48
8
25
87
53
55
50
90
12
34
76
27
9
7
48
45
89
73
22
32
7
86
0
5
32
72
54
58
18
89
12
18
49
90
6
3
97
56
93
10
42
21
89
51
80
89
48
22
14
71
6
73
57
6
79
41
31
85
0
49
74
64
67
24
6
73
27
56
29
72
66
23
45
7
74
26
48
23
48
62
46
54
36
55
13
67
97
44
52
97
93
26
13
60
2
20
86
81
76
67
5
94
91
51
53
17
77
1
92
77
15
38
83
51
94
96
18
91
40
22
40
33
1
5
46
3
25
32
37
53
51
42
99
42
93
52
12
22
5
4
99
21
43
35
24
89
31
43
32
72
65
24
57
18
29
3
22
7
87
11
12
39
53
12
33
99
16
45
21
22
2
73
43
97
8
67
86
39
62
70
63
80
94
21
98
75
24
72
82
64
83
47
55
89
59
88
88
75
86
9
49
88
34
44
37
42
64
75
34
26
45
97
58
39
18
9
66
95
81
1
11
17
48
66
6
7
54
94
34
92
55
36
32
90
80
69
84
44
44
18
23
41
68
33
32
38
42
99
33
76
0
44
93
48
62
99
7
69
93
93
61
0
29
94
90
10
15
27
6
12
45
81
53
65
15
86
4
9
85
37
85
85
34
78
85
48
29
92
17
22
37
79
23
67
25
65
29
40
92
87
4
90
69
58
55
36
44
59
45
81
49
83
18
35
61
3
83
91
47
1
65
84
32
40
3
57
58
32
49
50
20
54
92
41
64
48
77
8
59
74
41
8
57
59
95
71
62
79
62
61
32
79
45
16
20
49
73
78
33
74
80
5
80
25
46
44
73
75
4
84
2
97
93
11
56
40
82
70
71
96
31
3
76
77
19
48
78
44
