379
41
31
97
14
55
14
22
60
90
65
74
95
98
26
41
13
25
87
19
0
81
21
22
38
45
81
26
84
93
24
30
86
8
79
52
63
94
26
75
36
44
50
83
42
76
24
7
53
64
26
5
97
48
27
87
45
9
13
81
54
37
11
93
97
91
97
13
37
24
88
25
68
38
8
10
66
84
70
71
48
96
77
97
96
4
84
41
65
97
74
20
87
86
65
84
29
62
97
18
86
86
43
6
76
51
69
43
87
39
66
36
87
43
85
84
0
70
77
65
67
52
37
6
90
2
91
71
17
40
89
55
26
84
62
55
35
83
50
74
22
16
10
9
12
48
45
12
18
23
77
37
27
67
44
17
21
35
40
38
75
29
94
54
13
8
9
0
91
59
74
65
27
37
26
39
85
72
51
55
47
81
92
74
48
36
43
69
71
83
60
99
12
54
53
77
14
14
29
5
25
55
70
52
44
48
92
81
20
43
36
67
76
29
41
24
65
84
46
89
67
58
88
31
64
93
60
78
59
89
83
84
97
5
36
41
5
80
23
26
76
59
93
52
40
87
29
6
23
75
47
43
33
87
74
49
32
87
27
91
28
62
27
25
19
63
67
24
96
90
50
72
49
96
24
90
35
53
48
58
80
95
1
65
34
28
14
66
15
41
57
43
55
36
69
74
51
88
99
47
78
1
19
79
97
96
21
32
49
21
43
82
68
44
47
2
24
14
68
91
55
77
35
63
13
56
37
65
44
88
64
74
90
84
53
39
32
75
24
81
48
67
15
17
63
63
19
88
29
88
79
84
17
66
47
83
74
37
0
70
25
64
44
67
0
98
7
32
25
31
66
73
50
81
90
13
96
62
53
25
