240
10
40
17
28
99
89
95
27
66
63
31
2
70
11
18
64
82
34
52
83
62
40
55
78
90
40
78
14
64
35
69
74
27
38
54
26
27
49
54
45
64
37
99
35
1
17
51
83
51
3
19
65
95
74
44
85
15
74
52
79
9
21
6
36
59
60
15
39
62
69
84
26
58
36
13
59
53
65
95
57
20
14
74
68
88
70
5
55
45
57
87
6
78
45
95
38
57
10
29
19
31
65
98
89
1
63
49
7
80
44
16
1
10
90
21
50
13
26
6
10
84
45
16
62
90
63
52
47
73
81
19
56
99
69
46
0
32
47
7
13
43
23
66
53
66
39
3
79
65
61
89
49
6
57
64
48
21
16
48
46
50
67
55
1
88
53
1
20
0
61
85
43
36
3
48
54
42
3
33
8
17
74
9
75
84
73
24
57
42
24
55
44
43
10
45
31
63
98
51
63
59
89
58
96
44
58
50
87
14
36
47
31
62
56
6
46
82
82
3
24
6
11
68
49
21
65
80
85
63
84
0
23
25
11
71
69
21
73
8
35
