822
14
38
27
28
9
3
51
84
29
57
36
28
3
78
93
24
88
47
10
66
40
65
70
69
18
50
27
2
57
19
89
71
9
68
99
19
71
50
3
1
59
91
81
14
69
74
38
10
73
0
28
13
65
50
35
35
0
62
38
9
33
79
80
43
47
31
14
71
33
69
24
92
60
5
58
81
31
96
91
5
48
71
18
65
21
53
1
74
68
91
83
1
22
64
96
69
47
10
40
33
79
64
77
91
21
36
73
53
32
16
10
33
88
28
98
9
34
51
83
54
42
67
7
16
83
4
86
82
66
78
15
98
95
93
89
16
29
14
21
13
31
31
46
71
12
97
32
46
48
68
52
43
87
59
59
22
15
97
4
82
76
72
80
71
65
21
39
46
36
61
59
19
44
58
42
56
7
74
54
55
94
6
98
81
18
10
3
33
7
60
15
35
32
47
6
49
69
98
95
57
11
6
28
55
16
70
64
23
96
18
79
91
77
29
72
95
91
28
28
99
40
96
86
72
43
45
73
64
43
68
73
54
26
1
61
43
71
25
66
68
44
97
11
73
79
35
68
70
63
48
21
55
44
60
27
40
5
52
56
48
20
30
54
47
83
15
42
7
93
60
27
89
58
38
62
89
73
30
11
89
78
85
44
75
45
72
15
50
76
71
50
97
53
4
96
37
71
90
96
64
50
23
53
60
61
15
49
34
97
13
23
28
50
68
3
95
92
70
97
68
93
47
17
99
3
65
88
74
55
84
91
6
7
44
66
68
12
68
54
61
33
30
41
83
50
96
78
94
66
27
14
12
26
32
11
29
49
51
55
5
35
46
11
42
43
29
62
7
49
68
20
82
50
62
65
0
58
95
46
77
22
61
41
48
45
4
29
94
55
85
99
90
31
62
84
26
44
98
33
93
66
6
28
17
68
93
69
78
89
16
7
63
29
48
64
74
52
93
68
59
78
20
49
62
34
85
88
30
83
74
76
2
80
4
71
0
97
92
78
38
8
38
54
37
86
18
63
91
11
84
50
90
4
52
4
90
37
44
21
73
18
97
27
50
53
98
2
50
90
81
41
51
19
95
40
57
13
4
0
76
88
51
18
44
55
22
86
92
67
7
17
37
56
44
40
9
42
42
12
85
75
5
36
46
0
76
4
65
32
4
93
20
7
12
64
62
34
51
7
53
10
24
43
19
21
83
80
15
25
44
0
1
49
88
47
1
17
3
18
49
8
12
70
67
24
86
30
10
89
89
16
52
65
59
23
86
42
3
2
19
0
54
20
49
43
20
3
60
23
21
61
83
85
31
3
9
70
33
72
59
74
88
63
39
99
86
26
41
42
80
60
42
34
33
43
29
5
46
41
80
20
3
64
5
86
67
67
56
52
91
68
26
79
83
65
30
70
43
71
12
23
83
6
10
68
1
91
73
48
85
54
20
40
70
77
78
89
96
87
41
87
55
19
18
38
36
48
60
80
71
24
55
7
82
17
75
84
61
1
84
46
7
4
38
29
81
16
18
30
3
11
17
10
30
88
1
66
36
61
98
8
38
54
15
20
23
42
4
84
95
88
82
2
44
20
31
78
89
1
8
92
12
77
3
42
65
4
61
2
17
59
62
7
65
29
28
89
71
84
25
67
73
8
21
69
80
5
47
69
6
55
62
19
33
17
13
98
73
26
52
42
86
14
50
3
95
78
44
67
14
70
86
87
30
59
9
10
64
56
32
23
64
46
42
97
63
7
47
88
34
0
30
72
66
80
27
62
10
72
81
77
94
19
16
24
30
25
86
95
82
18
70
46
64
64
95
79
71
42
67
57
94
50
81
13
82
9
27
45
33
60
22
27
79
38
3
9
64
89
56
46
60
