986
35
26
50
77
59
54
43
1
10
16
22
30
26
49
77
8
17
80
18
85
10
53
43
96
81
49
57
4
96
81
21
32
59
71
61
18
25
56
20
87
73
94
17
99
43
47
60
12
79
30
49
41
83
44
37
16
94
94
73
42
27
94
26
87
66
87
5
43
96
77
31
69
72
0
20
67
99
32
32
78
14
33
19
98
78
8
66
72
3
39
66
30
34
93
17
52
80
75
47
28
4
78
49
28
31
22
48
30
54
80
61
21
13
80
19
43
89
37
67
44
29
34
74
63
27
44
67
59
71
14
88
75
45
89
56
76
11
4
58
18
36
19
39
1
52
58
45
41
47
12
37
76
46
11
91
25
7
58
85
30
25
25
58
22
14
14
98
26
18
56
44
6
28
83
7
80
93
52
73
40
65
10
69
63
21
60
89
81
71
26
63
48
51
21
70
65
87
20
43
57
28
87
63
56
22
71
36
15
23
9
8
40
19
77
56
93
89
97
26
60
23
89
60
26
63
30
91
50
50
87
8
79
74
23
87
97
94
76
64
70
85
24
62
57
1
70
2
43
67
80
3
42
69
64
68
84
46
12
35
97
99
95
28
25
70
67
22
65
43
39
87
29
63
49
38
17
20
40
60
39
72
15
82
41
31
50
78
78
14
65
27
13
12
7
39
82
74
13
47
18
4
86
99
68
88
89
85
60
81
45
99
53
12
33
46
44
36
24
74
50
89
1
64
1
60
55
84
34
20
83
4
25
70
55
93
10
44
30
70
25
27
69
78
39
55
25
35
91
49
9
41
91
62
57
92
22
64
28
57
85
12
13
10
34
69
55
44
13
85
14
91
64
35
69
3
90
46
91
33
48
0
75
39
63
32
83
85
97
12
94
34
24
60
96
58
29
51
54
94
88
20
85
52
55
7
7
98
5
98
31
53
51
58
44
14
43
28
51
92
40
98
26
64
58
22
74
39
73
28
33
13
0
71
17
7
30
24
5
35
75
89
41
78
99
85
92
42
13
95
34
53
93
60
69
51
82
95
90
7
75
76
20
75
99
89
83
29
14
40
16
41
81
9
19
81
95
63
23
60
58
58
66
4
70
87
55
53
83
98
12
58
74
85
86
73
74
69
54
40
61
22
81
43
32
52
76
27
15
99
39
26
9
57
30
80
45
37
85
28
35
49
38
61
34
76
86
61
97
40
1
59
63
35
54
47
39
30
74
7
81
65
33
91
23
15
23
68
52
8
48
40
57
38
1
44
15
88
5
12
80
58
23
95
45
29
42
85
59
68
44
41
34
77
84
9
44
7
29
96
67
77
88
76
67
90
72
34
30
77
47
62
88
22
10
85
52
52
22
63
73
66
56
59
95
40
68
39
99
97
88
18
26
76
95
45
18
67
80
48
97
79
63
37
1
73
22
5
77
45
69
50
11
25
61
7
18
81
98
69
30
86
88
56
63
35
2
81
2
34
82
51
13
45
88
14
18
11
72
47
8
41
50
71
18
11
30
88
93
29
58
23
15
98
32
30
33
86
12
35
20
94
39
33
91
27
99
61
90
23
8
98
16
58
22
35
70
52
75
15
81
85
38
97
83
22
27
16
8
91
4
80
37
43
65
28
70
17
41
13
40
50
63
57
60
85
44
82
38
19
97
19
5
88
68
88
10
48
57
71
39
61
51
77
56
69
57
78
86
99
91
26
1
55
83
61
92
27
44
30
99
41
50
4
81
70
44
92
18
1
63
58
14
66
87
70
35
44
1
21
95
92
0
96
99
83
10
92
63
54
74
62
47
76
66
29
47
62
73
65
64
88
75
30
6
62
53
42
59
54
15
6
98
67
55
50
51
65
94
66
71
68
28
70
97
46
51
44
60
24
61
24
12
37
7
19
51
60
13
62
14
80
69
64
48
76
14
51
41
8
17
64
29
97
34
26
95
38
70
55
62
83
32
27
72
39
98
76
51
11
38
17
43
59
81
91
87
96
94
28
56
63
44
85
12
31
63
7
69
85
15
31
69
47
10
93
38
8
69
41
19
60
58
15
71
39
58
59
87
53
39
96
16
84
33
81
67
97
88
36
82
3
19
3
2
30
97
92
38
18
33
10
78
91
25
50
83
83
61
22
88
0
18
57
36
52
38
3
1
26
91
83
82
11
39
36
93
88
81
31
6
14
93
85
58
18
87
41
54
48
15
42
0
34
99
37
38
37
92
39
16
84
74
50
95
13
86
