326
77
86
9
88
52
85
84
25
55
55
81
8
63
75
61
36
10
54
84
12
11
76
85
55
27
5
57
36
15
33
56
93
19
17
33
23
2
70
49
9
25
82
18
88
9
79
77
20
33
61
84
97
90
69
4
17
26
13
53
42
46
9
87
17
78
20
92
81
90
41
90
67
75
8
56
85
40
85
5
25
98
41
74
88
63
78
57
89
43
10
83
41
71
70
58
50
91
3
83
33
44
25
1
20
86
9
5
26
46
62
3
44
55
78
85
18
8
42
60
52
5
43
45
28
14
56
30
57
59
13
42
3
39
43
75
25
4
32
3
50
46
6
47
2
36
32
72
45
74
32
49
79
76
94
60
42
50
90
51
9
4
93
65
95
37
92
20
41
25
75
44
23
81
91
77
70
23
50
15
49
82
16
81
10
62
41
4
65
31
55
26
87
49
43
82
38
36
54
31
13
29
75
36
63
18
14
33
93
16
0
43
50
68
76
61
30
17
17
47
0
73
74
88
22
17
22
12
5
77
43
18
58
71
7
21
89
73
6
35
89
6
30
91
74
6
4
57
75
22
4
75
95
78
15
69
48
38
81
53
67
76
24
25
99
31
47
89
4
53
76
45
12
6
36
38
12
41
95
87
15
0
14
10
30
82
31
78
72
64
84
39
40
60
64
92
91
63
81
47
69
9
44
33
15
32
71
27
73
67
66
88
19
32
50
49
14
81
80
38
97
16
77
90
76
94
82
