506
51
12
41
3
65
81
0
37
94
94
75
47
60
41
94
92
64
32
83
51
13
15
76
87
10
86
4
65
35
3
26
39
68
20
94
33
1
95
70
47
41
97
46
53
90
93
45
54
25
28
6
90
96
34
78
6
20
82
71
56
37
50
47
5
70
41
90
23
88
12
23
81
10
69
34
0
14
31
55
92
12
13
82
8
47
60
66
67
94
37
75
84
39
22
41
61
16
32
37
4
44
12
86
54
33
72
7
48
4
14
40
68
27
22
76
74
35
42
93
29
31
69
65
23
43
7
84
59
39
73
16
83
85
2
90
19
26
49
67
82
15
7
50
42
81
26
68
16
20
13
98
52
34
63
75
78
70
11
89
61
85
5
97
22
7
87
41
86
88
60
68
3
67
19
97
49
97
17
17
18
30
15
22
65
31
49
95
1
60
84
15
97
90
12
20
49
51
13
35
39
74
4
94
93
75
43
94
72
60
12
42
90
79
64
7
10
13
2
64
26
87
79
75
77
91
47
78
94
61
14
85
35
70
79
80
45
22
75
69
34
87
12
24
66
76
84
77
42
86
41
20
25
72
95
2
15
43
33
9
4
47
94
91
69
25
71
66
47
98
35
33
37
47
9
4
76
93
33
70
80
26
90
5
50
85
60
65
28
45
74
84
44
68
27
13
93
51
79
92
49
66
25
87
66
86
43
94
80
28
64
12
54
54
69
56
91
81
21
72
26
95
56
70
15
36
83
60
87
14
4
36
33
81
23
99
67
18
93
47
46
57
59
52
63
29
8
54
10
29
26
89
76
35
59
91
71
95
51
58
9
7
46
42
88
22
93
56
40
86
3
87
95
15
91
10
96
0
65
58
29
43
47
58
30
7
49
53
2
53
63
63
60
10
58
49
32
51
5
24
90
60
63
85
75
55
96
23
55
13
82
36
8
29
94
39
36
96
92
90
49
8
54
61
18
12
10
2
15
67
26
5
28
90
91
55
97
39
79
4
52
61
40
60
42
87
51
31
83
96
21
84
4
27
45
74
91
8
76
7
75
54
12
55
96
55
63
93
46
94
97
50
55
90
63
49
77
14
80
12
62
2
48
66
81
93
40
73
1
68
80
29
23
44
84
19
52
99
13
98
93
62
49
0
52
12
50
