970
15
26
95
67
98
22
32
28
22
43
46
85
19
89
68
35
15
16
62
82
28
35
57
93
63
2
63
9
92
86
25
59
64
20
78
62
95
11
42
69
6
88
54
25
29
74
12
45
90
75
27
71
62
85
64
77
39
28
87
31
66
12
43
82
85
21
96
80
84
38
1
90
26
7
16
56
81
80
53
23
7
32
94
21
17
11
99
9
91
86
92
57
98
35
91
35
9
87
67
93
25
68
84
3
75
52
11
8
32
64
32
92
97
78
13
66
89
12
75
80
98
68
89
49
55
80
84
64
19
52
58
44
20
42
48
48
46
11
56
78
76
88
70
25
19
36
43
8
48
71
41
47
91
82
48
46
15
32
63
34
36
21
31
57
15
79
5
61
90
13
91
18
2
14
43
73
50
39
81
98
10
74
97
1
57
45
47
72
78
10
6
14
83
37
23
50
68
80
11
11
94
55
81
48
69
77
21
19
16
54
69
26
29
67
27
86
12
26
10
42
89
16
9
72
6
84
75
74
17
86
37
63
93
19
11
62
96
84
33
12
90
3
90
19
70
17
57
34
95
19
29
84
36
90
9
94
26
36
68
43
74
58
6
68
77
69
30
25
5
64
37
96
19
79
67
41
96
77
75
43
96
56
80
84
46
41
78
25
77
99
68
51
57
75
19
86
96
2
11
2
18
0
98
37
79
65
78
27
94
5
70
91
14
2
75
12
43
54
37
20
53
6
24
62
33
43
48
29
97
59
31
15
59
81
52
90
47
82
17
41
40
39
84
54
42
60
18
85
66
56
58
71
62
82
33
47
77
81
76
75
92
60
42
3
41
47
93
40
29
10
82
21
49
18
27
91
78
46
29
44
2
87
15
16
21
0
63
98
81
91
25
25
51
68
28
93
15
73
33
96
35
67
18
85
86
45
28
16
91
9
13
45
48
80
61
69
81
76
20
14
68
45
40
71
13
20
16
80
94
2
77
29
69
47
66
7
92
47
24
36
56
37
81
5
69
95
26
50
71
46
65
91
92
57
15
57
77
31
90
23
33
67
53
55
14
71
62
58
18
38
46
27
27
80
84
97
75
10
99
98
57
64
42
1
73
57
10
51
40
0
74
26
67
79
81
33
3
95
44
21
86
90
0
13
22
36
62
97
47
62
48
56
78
90
9
52
99
19
55
91
20
81
17
39
61
50
25
64
46
69
37
84
11
90
49
34
26
12
83
25
26
83
33
4
25
42
8
24
62
63
68
34
45
85
73
6
36
98
22
34
19
11
18
83
1
19
69
80
31
4
5
9
88
39
14
13
81
22
90
95
38
58
29
83
95
55
41
31
5
63
17
77
26
87
60
28
7
81
60
90
85
65
0
73
4
66
39
38
40
29
85
78
39
67
61
34
22
2
18
79
17
87
56
96
75
68
24
34
49
84
24
35
1
76
60
58
42
99
48
35
80
33
13
19
0
75
6
74
29
24
6
99
11
62
95
38
31
71
72
80
7
49
67
8
25
80
18
20
79
66
55
12
0
68
31
52
95
89
79
77
13
85
76
77
99
23
15
82
94
88
15
1
37
82
61
14
62
80
34
94
46
41
6
98
62
89
3
57
79
34
86
44
71
62
21
70
37
37
53
31
77
68
84
14
2
98
80
17
30
67
11
28
8
69
27
70
10
82
80
41
16
66
38
87
81
59
9
18
48
62
2
25
82
38
91
85
36
72
2
18
91
65
47
99
86
26
22
96
8
54
90
76
72
28
63
53
87
24
24
88
87
78
13
21
16
57
6
5
81
60
23
72
25
70
23
11
96
45
60
56
51
50
32
24
78
47
77
17
72
53
5
11
31
71
32
0
28
91
5
9
51
80
81
29
51
56
92
99
2
52
56
5
54
88
29
84
36
59
54
60
12
11
71
96
82
3
96
62
94
53
23
98
33
56
27
84
13
71
36
67
24
92
72
30
32
2
67
20
13
21
80
25
32
3
73
67
7
69
81
53
74
5
3
8
61
82
44
26
54
80
93
30
72
66
60
5
20
79
25
33
0
58
10
85
61
84
52
20
5
85
26
80
90
29
40
4
12
84
30
18
65
76
48
89
94
60
94
14
40
72
99
40
30
61
77
91
97
81
12
3
67
38
35
57
19
75
61
31
11
44
49
76
20
49
66
14
10
12
80
50
84
79
42
66
92
20
58
90
1
22
