253
4
87
17
54
85
8
13
62
62
75
6
25
3
15
15
40
96
90
18
99
76
65
78
0
43
71
32
70
82
3
96
38
90
13
92
27
22
57
89
84
32
47
61
87
63
77
28
11
67
98
10
95
63
88
95
58
59
80
81
93
83
77
83
25
91
75
5
13
32
46
49
17
94
63
56
9
40
84
72
59
82
82
54
98
23
50
56
34
82
37
80
17
15
63
42
6
91
99
71
75
46
72
44
92
35
1
53
75
85
25
34
20
59
41
18
82
43
74
69
25
64
49
42
79
64
36
37
55
36
60
83
34
32
27
78
20
28
31
47
66
56
34
86
15
75
56
50
70
82
19
95
46
20
37
25
36
25
14
92
61
74
27
47
7
54
25
79
35
56
26
1
64
12
39
32
39
47
82
9
29
53
4
76
25
93
53
61
19
20
5
80
94
32
80
53
39
5
32
74
14
11
75
78
23
14
10
15
61
44
24
42
97
29
70
74
22
76
36
93
96
93
26
90
26
6
96
65
11
28
39
25
91
66
56
67
32
66
82
45
11
6
87
60
87
58
35
62
86
23
55
82
16
81
