780
20
89
12
52
27
94
16
62
11
43
88
4
84
41
48
79
69
78
96
82
59
31
70
21
43
44
21
7
71
29
84
44
71
97
96
50
43
64
64
6
8
4
10
44
45
10
23
14
89
20
49
48
3
19
21
46
15
43
53
38
24
90
34
95
39
83
97
82
47
61
88
7
65
50
51
11
60
27
77
49
47
26
50
50
97
71
48
64
66
54
55
91
44
89
38
83
72
88
65
20
49
53
79
67
3
31
30
15
58
7
17
57
86
19
59
83
90
7
0
9
61
55
0
57
44
90
40
17
78
5
89
28
10
68
47
65
51
77
33
61
36
50
70
74
69
29
58
11
89
10
72
2
65
72
60
9
63
0
78
93
58
19
21
20
88
20
38
91
49
71
53
38
73
23
12
42
5
22
5
94
32
78
48
97
2
8
59
17
61
37
11
19
57
84
91
97
5
29
88
54
0
93
92
73
17
5
67
74
79
25
20
12
55
68
9
57
77
20
75
90
10
38
61
67
22
52
16
27
82
56
34
34
50
78
60
19
35
27
93
15
4
65
27
59
33
88
17
62
9
44
52
19
82
13
38
4
18
6
84
0
62
70
86
64
0
46
83
88
74
28
3
78
45
82
38
79
22
7
93
83
51
98
54
85
63
44
41
81
50
77
33
65
47
20
29
0
66
65
88
92
45
91
23
91
25
13
22
99
20
67
83
23
65
37
60
81
34
1
14
36
79
48
1
78
20
83
78
38
0
66
31
45
9
6
88
86
19
10
86
91
78
69
66
95
58
26
28
44
79
43
81
10
43
82
89
15
17
19
53
17
38
36
63
47
42
51
86
13
14
72
56
44
93
22
91
3
0
20
48
80
15
29
42
58
11
83
25
29
3
78
98
93
15
61
92
9
65
78
23
31
50
79
75
95
54
18
99
54
38
47
86
53
76
81
63
39
64
88
20
19
19
71
12
86
32
5
95
49
83
70
80
86
2
7
81
56
26
32
62
16
79
1
22
7
82
37
99
98
78
71
18
97
42
30
83
27
35
30
28
19
1
61
5
55
68
38
63
46
71
25
63
50
78
37
10
12
74
61
11
52
32
29
49
27
59
84
6
95
15
34
14
68
95
71
75
16
9
38
62
32
15
77
35
94
14
45
6
41
58
69
93
42
98
95
69
58
79
75
53
46
62
19
66
57
42
93
73
3
31
88
36
99
17
71
93
32
68
51
73
26
21
18
68
71
13
90
29
45
17
34
43
79
5
62
89
47
55
14
3
39
2
39
38
72
62
83
4
30
86
29
56
59
99
76
31
65
66
60
10
84
47
5
15
52
19
4
52
27
71
7
66
73
46
56
97
60
39
1
90
77
82
98
37
34
26
68
99
93
80
61
29
27
18
96
32
38
53
84
65
24
91
83
49
89
91
47
49
30
0
91
59
83
41
96
69
67
64
68
12
45
29
93
24
99
90
56
37
95
92
54
19
83
89
68
24
80
15
25
62
16
68
22
51
9
18
20
29
35
40
41
32
21
87
56
20
29
13
10
24
5
64
43
41
54
63
17
34
79
95
97
47
63
19
50
73
89
22
2
24
62
95
56
83
82
65
55
11
78
65
87
35
82
30
28
88
94
46
22
25
41
71
24
56
42
74
81
32
96
35
8
58
31
17
93
65
82
0
29
60
66
16
47
0
99
76
88
45
74
62
70
67
34
94
23
28
68
5
12
16
40
21
74
23
38
19
89
72
19
70
84
37
86
31
37
85
59
77
30
33
40
