941
21
48
74
48
29
31
21
8
72
58
85
12
69
31
45
36
22
34
74
73
72
73
59
30
56
34
80
38
88
3
60
61
52
86
61
33
17
34
42
42
93
27
54
62
10
51
50
32
85
77
57
57
50
69
39
59
3
71
49
43
75
61
5
79
48
18
12
65
53
6
7
46
33
13
60
95
65
63
79
2
40
89
12
42
58
51
53
61
23
55
56
50
16
13
81
16
32
45
82
85
52
41
83
37
55
95
33
72
58
12
74
50
53
86
93
11
90
98
72
65
53
81
67
22
94
48
38
26
93
72
63
45
14
46
35
69
42
68
41
52
32
67
3
86
54
48
49
96
46
74
61
52
55
28
26
49
28
64
76
21
37
91
19
3
38
54
24
32
74
65
36
58
84
39
96
90
39
46
86
38
20
99
90
75
27
16
76
55
32
4
29
21
96
0
24
86
54
48
70
80
65
6
90
50
98
87
40
37
85
79
27
5
78
17
32
58
85
8
65
70
13
94
91
61
94
68
47
0
16
17
32
82
75
23
84
73
10
76
63
95
55
90
52
86
60
36
44
97
44
61
67
9
56
59
70
2
27
17
55
95
86
39
29
62
62
65
87
24
42
2
71
49
93
75
35
5
11
31
2
56
93
70
17
1
81
40
55
60
57
62
7
96
2
37
10
64
2
97
41
96
52
12
46
97
88
33
2
99
17
4
7
62
26
77
63
59
17
70
71
26
33
79
22
35
68
84
51
70
82
92
19
86
5
65
83
45
50
85
44
67
41
4
29
20
81
44
31
98
15
3
24
48
34
99
35
2
83
86
24
17
79
43
3
36
60
86
81
63
23
25
82
65
81
64
37
62
8
68
12
75
23
37
75
57
88
10
11
71
97
88
41
28
31
44
64
44
83
45
59
6
22
41
23
4
5
12
18
66
81
31
93
56
20
69
66
8
31
77
31
80
65
72
8
49
17
24
45
52
21
4
58
44
97
34
0
55
46
70
21
79
1
66
36
73
35
54
33
19
83
65
99
1
37
60
50
6
84
47
58
6
3
69
2
0
3
54
55
1
24
28
81
78
95
69
51
82
23
85
1
6
2
53
7
39
13
9
98
49
8
8
55
11
77
9
12
32
63
19
34
40
48
15
18
95
84
21
77
59
58
31
65
60
36
25
52
49
34
50
98
43
10
6
54
88
67
18
20
31
90
54
23
90
21
41
85
57
14
14
16
73
97
34
33
33
59
37
34
93
87
33
88
50
91
95
38
58
65
10
41
55
17
64
45
38
57
82
96
72
97
64
97
94
98
30
80
57
20
14
3
59
99
91
9
90
38
47
1
4
58
94
59
27
11
57
65
20
39
13
92
36
30
41
83
28
24
15
38
44
29
41
3
29
84
13
71
75
12
24
79
22
71
90
49
82
47
15
2
87
80
47
75
10
88
10
91
64
25
29
8
55
22
12
36
58
77
59
33
89
36
64
12
7
55
61
41
2
28
95
41
9
94
17
71
83
27
62
99
5
43
8
12
17
72
0
76
49
11
61
90
47
26
2
6
81
16
47
35
96
95
77
5
89
94
29
24
73
43
24
78
87
32
42
56
56
42
84
57
54
46
47
53
24
2
60
5
70
59
92
66
54
69
24
44
15
53
68
41
48
92
19
35
76
14
44
84
56
28
41
62
74
41
16
98
43
76
55
65
35
48
31
42
69
55
86
85
60
6
26
9
51
97
96
27
11
40
64
20
69
5
82
95
46
98
46
41
74
53
6
62
1
90
4
71
45
42
8
6
48
34
15
99
83
11
79
95
4
43
67
73
0
49
20
99
0
66
92
74
20
99
88
73
89
44
96
86
38
4
92
87
90
59
38
74
23
69
21
27
64
88
52
65
89
72
64
89
91
56
16
11
7
4
36
48
1
33
35
39
89
79
78
80
91
17
6
66
38
27
93
3
67
97
68
56
21
84
98
12
92
14
75
0
70
12
0
71
97
35
63
86
67
41
66
10
10
72
76
1
51
21
4
70
18
24
27
91
8
25
56
0
91
83
52
61
47
53
85
44
40
0
83
59
93
49
69
4
74
45
57
77
18
61
48
88
85
27
80
45
4
88
45
95
71
50
8
19
3
45
15
95
45
98
