653
47
51
77
66
57
13
37
11
37
47
47
16
42
31
29
9
47
91
61
80
26
38
5
5
46
21
95
9
11
97
48
10
48
78
29
6
91
66
69
80
65
68
96
8
99
77
69
99
68
30
31
47
20
36
52
66
10
47
75
73
96
76
83
44
54
64
2
97
31
71
77
96
91
25
56
91
2
25
42
22
7
73
69
28
9
73
46
71
72
74
44
68
50
80
13
56
44
67
53
75
91
82
24
82
7
32
73
61
58
67
83
17
40
5
97
2
78
44
73
51
18
70
19
20
50
84
76
94
52
81
22
43
63
98
77
70
30
51
83
40
18
18
10
11
23
7
13
2
3
38
5
21
8
76
93
58
61
69
5
65
50
79
60
65
77
37
35
7
40
70
0
11
89
10
22
12
69
87
66
73
25
71
46
86
48
40
44
61
61
1
78
12
80
90
77
57
27
65
17
20
35
17
31
76
79
5
89
48
92
55
21
69
79
68
55
27
8
52
40
69
53
18
33
86
60
63
95
87
80
12
59
67
81
90
44
60
47
85
61
39
40
82
61
71
2
16
50
62
68
90
84
74
60
17
12
20
32
7
60
12
20
19
32
53
62
76
66
9
61
27
1
53
61
62
25
64
78
75
78
99
18
62
25
78
32
37
51
64
44
11
29
16
82
13
70
44
89
88
6
2
15
7
55
28
69
32
92
99
60
23
50
78
85
75
8
17
64
59
34
9
22
15
77
57
28
99
53
69
87
59
71
54
66
78
83
87
63
27
39
23
50
89
53
88
17
61
5
81
73
91
90
47
58
20
4
86
19
58
7
59
69
30
13
88
61
96
75
24
76
66
99
26
56
52
66
25
65
72
6
38
15
49
38
74
69
94
12
88
4
20
99
74
2
13
62
63
61
89
87
89
56
86
68
64
90
34
89
56
58
47
46
74
96
36
0
65
31
12
6
35
84
5
61
39
70
23
2
32
65
42
21
73
28
89
89
71
24
30
27
82
77
25
8
74
62
8
39
93
73
97
80
9
3
42
48
73
17
3
57
82
45
31
7
25
72
96
96
48
26
75
31
4
1
91
78
15
52
69
8
25
67
40
86
22
34
87
47
52
90
5
86
35
88
94
60
60
90
9
9
17
84
92
73
37
83
51
52
87
72
12
12
39
53
51
13
87
38
61
91
28
18
78
15
6
72
27
18
14
36
27
83
21
71
56
10
7
59
63
94
32
75
59
23
80
10
37
20
0
50
11
80
68
41
95
26
13
22
44
80
11
24
63
32
95
20
94
2
31
57
97
63
85
8
39
17
18
28
37
18
78
1
98
98
42
45
24
8
67
20
88
78
44
3
62
40
23
57
94
55
66
43
70
51
51
61
21
69
89
58
39
19
11
89
17
54
34
93
14
54
14
54
84
58
57
47
50
33
56
45
40
74
88
62
78
40
24
99
61
65
57
1
85
69
42
54
75
77
48
41
31
14
95
15
