440
3
51
45
33
53
36
15
80
57
86
65
88
66
11
12
62
69
33
14
85
72
9
38
38
73
54
43
10
91
32
83
46
35
28
80
89
17
47
21
74
33
86
62
99
98
26
13
67
11
28
4
84
89
42
74
63
49
17
25
92
1
8
38
36
89
70
25
6
17
47
32
50
85
94
1
35
21
15
55
32
95
11
68
84
54
42
99
55
59
76
47
60
85
85
97
26
56
74
84
25
73
16
76
59
62
29
46
35
44
1
20
91
13
88
76
19
31
27
74
42
4
21
3
41
58
52
67
66
26
51
92
52
19
20
63
81
49
9
17
46
11
37
37
76
25
65
95
8
93
69
51
97
42
54
38
0
58
57
67
84
8
11
88
27
31
51
60
32
61
77
30
24
66
68
0
92
85
95
52
78
16
3
27
58
9
65
10
67
22
29
4
82
40
92
61
23
96
22
8
9
51
38
33
18
58
33
62
44
80
14
74
48
70
2
58
79
19
68
99
42
50
3
76
42
47
90
66
95
12
26
4
15
16
37
33
75
22
47
71
54
14
97
2
84
99
12
15
19
81
14
13
83
69
41
25
69
31
91
64
95
69
21
11
86
58
96
61
33
44
84
87
10
81
42
94
33
54
61
52
87
28
17
70
97
58
48
18
42
91
35
37
61
56
0
47
66
97
60
99
93
96
39
55
77
33
49
10
39
62
14
79
90
83
49
40
94
97
58
36
89
93
25
2
1
26
49
68
75
61
19
20
57
10
75
34
43
76
97
35
38
63
14
29
47
15
21
41
65
79
29
6
25
54
8
26
32
9
46
7
70
18
79
27
28
54
13
24
82
62
59
73
26
73
54
25
88
75
18
5
54
47
11
31
1
19
10
34
28
56
93
50
74
73
77
55
79
43
79
14
5
90
87
83
63
41
8
3
16
26
9
22
25
72
6
79
92
16
65
72
24
58
23
99
83
52
6
15
95
85
29
53
75
16
36
90
9
97
45
25
75
