561
87
56
58
60
99
22
8
87
18
9
88
76
31
35
44
62
23
47
70
52
39
88
13
56
44
65
8
31
76
96
5
15
52
64
75
51
86
35
91
56
96
31
33
80
66
77
42
41
76
64
93
16
4
7
24
49
24
32
80
0
28
85
15
32
1
43
36
88
78
79
96
27
10
29
7
76
58
49
18
35
13
63
3
17
70
79
18
46
11
98
46
92
36
14
76
37
57
12
77
87
91
74
14
53
55
21
30
14
22
0
1
87
63
56
5
86
35
23
32
98
74
31
42
62
97
19
99
6
83
29
93
27
55
60
80
10
33
10
76
56
62
29
43
26
85
0
64
20
76
48
71
2
31
13
64
28
84
15
86
68
96
32
95
51
92
27
62
25
38
90
33
52
20
29
30
5
29
94
78
57
95
1
11
26
14
27
7
51
43
45
19
39
77
66
43
69
93
5
47
83
47
80
88
67
9
18
73
91
65
3
0
60
4
12
38
70
39
97
21
34
43
92
26
20
58
69
42
4
26
89
39
73
69
27
41
31
46
66
74
11
69
26
23
25
90
13
47
30
11
69
16
6
61
42
26
72
11
68
28
37
9
67
11
31
47
4
62
93
70
88
56
91
14
31
68
5
44
15
87
7
84
55
13
98
98
40
22
61
60
50
51
70
69
62
1
16
18
15
61
88
3
69
31
69
0
99
26
97
14
65
4
51
21
18
49
71
10
23
32
70
25
83
92
46
97
45
63
15
60
76
55
15
46
86
37
98
37
63
95
52
81
52
55
2
70
4
73
32
79
57
54
4
41
47
50
90
92
65
58
5
94
13
72
92
52
9
90
89
25
38
93
6
90
48
60
12
4
85
44
83
42
98
39
35
97
42
26
42
59
84
47
53
49
19
45
1
81
88
43
6
78
36
64
68
37
24
32
41
61
76
77
3
26
16
39
24
10
17
66
70
1
65
23
2
84
21
4
17
61
99
23
39
87
39
59
24
15
91
18
76
19
95
32
45
63
71
69
74
40
87
44
41
52
19
95
89
92
99
6
53
50
82
44
38
73
3
62
89
46
80
65
65
27
97
63
91
20
84
17
60
72
61
53
76
32
49
65
25
0
24
30
51
58
75
41
31
78
3
20
77
36
38
42
63
87
5
6
8
90
23
20
14
36
26
90
69
75
8
46
27
32
76
30
90
51
71
21
82
27
94
59
15
32
53
30
19
11
37
79
53
12
0
67
49
26
9
70
53
17
16
32
1
92
63
43
96
86
65
78
13
11
