223
31
3
5
57
63
79
7
18
58
57
15
2
16
4
95
41
84
3
61
58
42
4
85
93
36
92
98
98
41
53
49
73
56
55
82
19
86
89
90
44
46
5
99
62
61
94
55
46
49
16
56
91
73
41
84
61
86
35
59
27
88
61
0
96
68
83
68
54
24
10
51
71
15
50
33
28
44
41
26
45
9
82
36
82
76
72
96
62
7
7
89
47
68
42
44
88
25
12
43
49
22
94
72
89
44
58
69
40
99
96
85
8
78
73
43
54
97
39
16
5
46
6
52
67
48
48
55
25
12
98
26
86
44
99
75
40
9
45
80
8
93
17
16
71
42
11
26
40
50
94
97
49
52
49
16
52
50
71
29
62
22
56
49
66
7
76
7
16
73
39
24
66
9
92
38
51
56
16
91
6
62
88
7
15
90
23
67
92
95
49
54
69
5
55
35
64
32
94
80
57
34
56
24
95
0
14
46
8
30
90
67
92
78
74
59
20
98
79
12
45
28
19
14
