797
80
76
84
39
36
67
65
51
61
76
17
77
67
87
90
13
32
88
28
22
27
49
60
18
51
70
54
88
51
98
9
31
26
46
70
63
13
87
66
26
16
35
3
83
22
46
48
6
34
76
80
61
77
92
79
28
62
85
69
14
83
78
45
62
24
16
77
89
55
95
15
71
30
71
54
4
17
2
10
3
30
91
65
8
83
96
88
46
82
57
12
17
88
57
79
12
25
8
54
81
3
21
52
85
44
59
89
13
13
52
17
44
95
82
4
78
78
92
76
12
2
40
82
90
98
13
54
75
22
8
56
25
82
61
11
26
20
52
40
33
4
57
29
99
91
33
30
21
78
58
86
80
99
68
70
49
81
76
24
55
37
81
33
19
94
44
45
14
48
37
99
53
46
81
4
37
66
86
59
44
45
97
76
96
65
98
45
98
75
21
54
12
54
87
83
48
83
80
14
31
18
66
36
64
47
93
54
13
79
65
10
76
62
86
72
27
37
69
25
12
91
79
76
45
18
59
46
53
39
60
85
9
26
73
74
73
66
28
39
98
93
1
74
55
87
99
34
76
20
59
88
63
91
16
61
61
27
7
15
19
67
52
28
46
25
54
71
44
82
10
42
27
11
68
34
51
19
68
27
92
80
68
55
23
36
16
84
64
75
51
83
95
3
63
41
81
18
12
25
0
75
19
80
38
39
14
41
11
35
69
3
67
89
10
90
25
27
26
41
54
78
76
49
33
40
42
14
58
7
91
10
82
10
90
72
2
57
14
13
44
35
16
11
24
78
53
1
57
31
95
12
61
71
13
95
11
56
9
69
63
53
80
97
63
70
69
17
79
83
30
23
70
98
86
46
77
91
48
34
23
43
98
84
66
12
79
78
68
41
47
83
94
79
80
9
2
49
27
81
85
9
57
55
60
95
2
37
87
2
23
10
97
22
94
63
86
26
93
54
19
41
37
13
20
69
74
74
18
53
56
55
63
65
63
23
60
65
12
47
19
87
57
68
9
4
83
47
30
77
1
1
18
90
66
90
59
40
17
30
46
73
85
61
90
48
36
50
65
48
50
36
35
59
4
97
63
88
44
45
65
98
46
35
40
12
77
52
5
94
82
51
19
19
12
9
20
48
12
37
48
62
74
35
73
30
84
37
70
81
34
87
31
81
74
71
45
4
23
50
98
57
1
70
77
65
31
49
65
95
86
65
9
12
1
83
95
37
20
65
18
6
5
1
87
79
73
85
83
48
35
34
58
89
4
87
6
87
36
72
83
74
37
92
87
90
75
82
28
47
99
98
54
4
0
93
84
25
78
67
25
66
53
83
7
57
70
13
97
58
37
80
33
27
24
20
17
0
54
97
99
53
96
53
58
48
99
94
73
29
13
98
95
67
82
54
76
4
68
73
63
5
5
48
84
30
20
2
82
74
99
81
79
47
87
89
95
86
83
20
67
49
19
15
68
53
69
44
57
89
70
72
47
75
20
31
57
40
33
39
66
85
21
46
84
8
87
80
46
23
0
65
72
71
80
40
24
50
36
34
39
58
58
86
34
31
18
43
23
3
83
90
40
56
88
25
16
27
57
14
50
9
79
74
81
60
66
57
62
3
43
1
61
54
40
47
85
10
43
8
13
26
50
54
34
90
31
50
18
88
16
20
97
95
95
30
55
61
40
17
16
35
71
30
89
11
29
74
21
72
35
86
50
85
92
36
28
23
38
46
63
54
66
13
50
13
43
57
27
35
75
95
71
98
77
60
9
7
87
82
31
22
20
34
59
65
22
87
88
61
85
4
15
4
17
65
17
12
