529
35
85
42
59
59
0
16
87
79
37
19
90
97
72
65
21
50
78
24
39
11
85
0
91
80
32
77
7
96
45
97
32
82
40
91
41
92
59
81
23
97
0
13
94
24
30
68
74
8
44
65
19
82
66
62
62
98
40
21
47
37
19
79
20
11
22
61
3
81
42
79
30
94
92
77
71
75
97
97
83
93
63
55
75
29
17
37
79
9
59
26
47
30
57
67
41
79
80
96
13
75
75
95
21
20
72
92
95
21
90
30
15
53
85
90
34
55
80
13
64
91
92
63
21
1
30
14
81
63
62
46
38
90
41
59
62
66
4
57
87
94
39
2
47
25
45
33
32
77
46
96
68
90
60
41
92
42
55
25
5
69
71
95
59
64
7
21
30
11
30
70
5
70
72
4
47
69
37
79
46
35
27
66
26
39
7
70
82
14
47
39
84
70
35
95
34
42
69
17
53
51
87
10
73
11
14
20
81
51
51
79
38
31
46
64
70
5
86
4
20
33
44
56
55
31
51
90
25
72
59
78
24
46
40
97
9
54
70
42
57
21
22
95
4
20
12
75
25
50
79
45
84
75
53
39
6
5
81
31
77
40
61
53
38
1
51
48
7
21
90
16
94
64
12
99
84
76
74
10
26
5
7
62
81
61
54
39
18
35
71
47
28
84
1
18
86
52
18
45
25
9
62
19
73
74
18
10
50
44
20
28
2
79
91
83
40
45
22
10
32
45
58
12
30
11
31
68
63
49
13
40
10
75
59
36
1
30
46
3
74
18
32
76
97
75
11
90
20
86
52
4
31
10
17
13
73
0
81
36
1
95
28
64
22
88
0
24
18
46
79
44
16
11
73
65
86
84
7
58
70
60
63
54
22
32
67
96
32
1
84
85
48
13
49
70
53
49
46
71
47
26
67
15
89
40
81
28
77
40
86
99
0
1
53
75
33
73
23
17
26
7
3
74
72
4
96
25
6
43
48
5
21
16
21
10
8
54
38
85
94
77
85
47
78
90
74
12
63
97
81
89
56
36
15
29
41
12
6
47
55
55
4
28
23
25
38
31
31
29
69
78
6
54
25
36
44
51
0
60
48
82
1
56
18
17
37
59
29
44
58
84
51
63
64
26
40
2
9
72
83
78
50
41
32
27
78
29
78
78
89
78
60
90
34
31
59
24
42
88
68
1
24
71
16
88
49
8
43
58
