860
66
34
30
17
80
77
63
39
38
61
22
27
87
42
78
94
35
4
23
35
29
59
2
65
6
56
50
10
33
14
71
51
49
53
20
29
82
35
21
21
48
95
48
35
89
78
81
24
82
5
11
11
16
13
29
22
22
79
33
7
46
56
58
95
9
30
76
92
65
49
13
13
44
13
0
85
91
81
61
73
86
73
37
3
38
66
25
12
97
10
19
43
18
29
90
80
59
67
72
24
68
37
89
65
2
89
50
93
71
12
18
57
37
55
12
27
73
90
40
71
0
59
14
71
89
57
51
0
76
75
77
44
64
66
9
66
56
12
59
79
76
29
36
13
85
1
40
10
91
80
81
43
92
48
14
33
5
65
33
81
40
62
77
4
29
87
22
37
51
81
16
27
63
4
92
0
5
32
10
96
65
92
40
9
92
54
42
97
72
27
30
64
90
59
21
71
46
43
8
97
77
76
76
40
32
68
40
38
53
50
86
18
94
78
79
86
85
21
35
57
48
17
73
90
77
94
61
75
38
69
25
15
97
1
7
30
70
47
20
23
49
6
93
44
85
72
82
70
93
70
79
93
87
52
84
64
47
45
40
85
67
65
52
16
18
11
46
88
10
66
63
59
73
56
55
10
80
90
80
25
60
59
19
47
11
55
64
10
52
56
47
19
21
51
88
39
62
34
80
72
53
43
84
78
52
91
88
32
81
68
58
93
79
29
93
42
84
57
53
36
13
0
8
86
52
96
77
66
30
9
39
35
53
75
13
5
18
1
89
52
21
47
45
52
76
38
95
12
47
0
49
12
0
57
50
4
5
80
23
87
89
62
23
94
89
36
51
7
90
41
59
11
40
57
64
17
47
11
81
95
11
30
59
63
39
10
20
96
90
43
84
31
57
7
26
46
95
77
5
85
18
17
97
11
74
13
80
73
24
61
20
87
92
80
50
83
42
70
80
84
13
16
15
22
23
41
68
70
71
26
56
41
43
5
52
69
70
32
94
94
94
15
81
38
47
83
73
89
6
53
25
71
21
40
94
96
34
14
67
5
40
75
46
35
80
99
56
2
83
3
48
77
18
81
15
17
64
41
58
70
46
83
42
68
75
88
64
9
2
83
66
95
58
65
82
90
64
91
92
99
94
40
77
64
21
44
81
38
85
39
8
32
74
2
52
49
42
16
11
45
0
77
92
10
42
74
1
58
65
93
58
59
86
87
23
59
31
56
97
69
47
58
53
21
60
5
23
55
21
34
0
73
11
92
84
6
18
37
64
84
82
74
95
68
61
71
28
45
27
77
14
27
35
67
48
48
24
71
3
45
5
3
71
69
47
7
75
65
44
91
1
26
66
97
47
79
20
75
24
99
4
38
26
40
57
27
88
81
98
43
79
56
98
2
77
45
9
4
62
53
95
16
31
13
65
78
93
85
5
69
84
10
60
63
50
17
90
90
51
40
33
82
96
31
84
73
28
45
77
42
98
25
58
81
90
23
60
83
60
65
53
45
75
65
60
77
34
50
67
85
90
52
19
39
35
3
12
15
0
42
58
50
19
16
32
9
92
92
45
52
9
50
49
85
15
9
62
49
11
82
87
2
86
6
41
22
62
5
37
62
99
95
13
18
64
97
28
8
89
25
12
98
75
62
35
90
23
50
91
35
84
78
37
70
85
30
44
99
35
82
13
87
29
78
5
45
75
85
53
16
10
18
15
85
80
2
27
55
52
19
90
88
49
79
59
34
61
3
85
49
37
99
36
67
77
41
64
53
79
18
21
89
36
36
27
68
91
54
75
95
25
66
84
75
97
95
61
59
98
99
8
88
98
44
55
27
37
19
32
16
89
54
6
77
42
85
97
33
91
73
29
69
91
65
44
88
60
57
99
10
56
59
98
54
3
5
34
93
77
66
9
18
20
67
48
63
52
45
48
96
70
29
65
61
94
9
2
6
18
53
