255
26
46
84
70
29
9
85
28
12
96
30
25
19
93
8
37
23
52
36
40
53
12
79
31
65
84
72
90
81
77
53
7
23
37
78
52
98
63
33
62
59
15
40
31
61
48
68
84
1
56
24
6
20
4
89
85
40
61
28
21
90
81
28
14
71
6
18
21
22
3
84
33
19
24
64
80
72
33
16
25
41
40
31
62
96
20
99
88
34
27
9
24
61
90
90
84
48
9
5
70
64
89
4
83
13
68
15
38
53
83
63
95
76
47
9
72
67
8
61
1
36
22
26
49
12
16
33
61
77
38
31
42
80
87
77
93
56
45
83
61
28
99
8
4
46
17
29
13
26
42
67
14
64
45
15
77
61
48
90
91
38
21
85
18
9
14
64
17
59
99
30
40
98
39
44
44
56
73
10
82
15
77
48
32
22
63
9
35
63
51
78
2
24
63
20
85
30
36
2
89
36
33
29
34
72
26
31
80
51
41
15
19
70
63
51
44
27
12
79
90
63
10
44
87
25
65
73
55
53
27
97
89
60
26
24
84
4
7
65
56
48
32
75
70
95
26
14
74
38
45
17
53
7
61
40
