721
38
15
44
7
22
99
59
94
38
12
51
92
34
99
69
26
21
83
18
41
29
83
52
49
89
37
65
89
80
75
16
70
42
12
29
65
12
88
11
2
52
62
47
38
62
16
65
83
99
35
77
80
18
29
82
7
67
47
96
99
75
64
69
17
76
50
82
88
38
46
43
90
8
90
80
70
6
45
6
58
80
83
90
50
64
72
9
31
72
5
82
47
21
3
64
98
53
99
86
91
45
81
33
53
71
66
76
30
11
34
88
44
17
30
46
81
3
56
65
75
61
99
74
83
3
90
33
56
41
71
0
86
53
85
92
24
51
20
6
15
54
94
11
23
77
57
56
80
13
73
7
27
73
33
62
76
23
95
84
65
66
36
3
19
22
47
96
25
67
2
92
21
49
3
96
26
61
53
58
26
26
17
53
51
50
15
27
25
62
64
90
29
0
94
0
74
41
48
0
61
3
44
82
4
48
31
82
61
84
40
87
62
9
41
14
59
8
93
84
71
57
27
52
58
21
4
84
14
5
36
75
8
81
10
12
29
93
94
42
77
86
29
91
95
70
5
6
31
99
90
2
8
69
6
18
42
10
3
57
67
91
84
75
72
46
39
53
39
33
95
68
71
25
60
66
47
17
72
78
68
15
32
77
84
38
95
27
1
50
36
68
42
20
96
66
19
35
20
58
21
67
79
92
44
39
59
92
56
83
22
25
98
55
54
35
45
1
62
98
52
50
19
46
22
15
12
41
2
84
52
23
4
31
16
48
22
27
92
78
62
15
55
61
22
9
48
19
11
62
70
15
12
89
13
34
56
77
28
10
62
80
34
66
11
2
66
33
29
59
63
91
26
71
4
0
80
4
19
43
66
41
10
78
82
23
65
38
53
93
49
15
73
35
33
36
37
51
21
18
10
84
61
88
55
18
88
88
22
60
83
41
1
46
71
84
21
36
74
74
29
75
41
54
62
26
90
99
78
63
69
40
0
83
29
7
53
17
95
27
29
31
68
31
29
40
67
50
76
93
25
58
69
18
64
31
45
7
83
23
70
4
63
70
87
44
78
40
62
25
68
43
56
88
74
37
28
93
88
57
87
65
67
56
83
31
39
80
38
22
3
9
79
19
31
66
15
9
59
77
87
79
73
95
67
47
33
48
41
21
57
80
86
24
36
21
55
27
2
46
2
57
7
81
28
38
99
44
0
58
73
87
89
46
82
9
46
15
57
39
88
14
19
26
90
7
0
45
34
2
43
88
11
50
69
40
89
69
36
41
79
9
28
69
8
62
30
54
30
87
93
18
53
64
45
43
71
45
40
57
99
84
46
10
86
15
2
27
36
90
68
68
52
96
37
60
11
67
66
41
6
11
59
11
75
56
54
46
53
46
3
52
82
49
15
69
17
69
96
5
60
65
73
12
13
62
24
24
29
90
17
87
1
77
98
76
85
4
74
39
3
29
91
85
31
58
6
48
80
55
5
40
72
79
4
37
41
28
14
23
70
31
10
71
8
61
99
94
17
25
85
20
54
28
58
37
87
16
37
67
23
43
59
95
22
63
33
15
43
47
38
65
30
1
36
91
62
87
37
31
64
22
4
70
50
14
8
89
30
45
8
54
88
67
1
62
82
34
78
77
33
16
