988
49
14
28
88
16
84
10
62
34
42
46
95
52
91
21
95
34
86
73
55
96
73
7
72
39
90
89
75
88
56
25
37
22
6
77
39
42
40
1
28
82
47
23
86
90
97
81
24
83
6
31
32
79
91
4
70
81
93
98
21
2
75
58
24
81
36
63
23
76
17
4
10
16
27
96
7
24
77
83
8
84
67
40
15
58
96
86
91
41
36
12
95
11
22
20
45
58
35
68
86
4
24
96
21
52
44
80
28
22
15
36
58
82
28
73
40
76
11
83
18
47
95
65
11
18
85
56
28
73
76
15
77
1
63
50
53
8
82
81
82
98
70
92
80
50
17
73
27
29
56
97
28
4
62
39
74
0
95
2
25
72
69
54
25
85
5
78
93
39
11
27
37
33
19
18
84
36
91
63
17
99
60
98
3
74
37
77
26
85
32
51
9
1
6
34
86
63
64
31
2
75
58
40
9
29
10
45
66
53
8
35
52
20
33
8
46
23
85
73
8
69
24
69
23
30
3
9
45
19
93
48
94
3
40
55
33
2
52
51
55
60
86
59
32
20
67
79
43
5
52
3
74
28
24
97
59
79
59
56
98
52
4
44
55
96
0
40
98
4
91
5
17
78
65
49
50
32
80
45
37
32
48
12
61
72
61
72
51
20
28
1
24
85
45
80
33
97
72
84
2
64
89
19
42
6
20
44
91
1
89
28
85
37
92
98
61
54
22
64
26
51
65
51
88
62
83
73
60
55
57
62
19
99
33
13
57
53
57
48
6
46
77
44
35
21
42
48
27
65
64
54
68
29
57
8
92
40
81
4
47
91
66
67
42
51
32
99
56
42
48
63
40
77
7
76
98
1
76
78
66
41
84
86
22
41
94
14
81
28
18
28
71
36
47
13
39
32
64
96
74
12
11
14
41
70
42
92
71
71
70
90
12
54
76
34
95
23
1
28
3
71
8
74
60
8
87
99
40
51
47
66
16
58
32
57
28
27
1
52
98
71
42
10
77
70
96
24
93
49
52
96
73
13
22
33
21
9
84
61
13
32
27
81
90
11
90
71
38
92
23
36
63
65
98
41
35
47
17
81
96
70
29
69
35
52
54
56
13
39
69
26
71
48
59
13
59
50
84
98
42
7
86
57
24
85
98
12
32
68
93
80
38
74
2
25
26
56
81
92
47
2
70
18
50
30
84
61
80
68
11
22
28
98
79
52
83
30
64
67
98
9
99
88
84
1
13
62
58
46
54
5
0
25
76
2
55
12
63
87
32
27
61
60
25
40
65
60
22
81
79
72
91
78
60
27
80
25
89
90
23
96
47
75
73
75
77
28
87
93
67
20
20
28
32
97
20
97
57
43
79
88
15
22
66
28
49
98
5
90
40
81
86
88
56
59
15
86
39
3
79
6
75
51
86
7
48
7
57
57
50
88
97
17
10
63
97
11
14
3
1
54
36
40
94
44
99
10
30
91
65
61
97
40
12
84
99
12
91
8
21
93
96
18
10
58
34
60
69
48
63
23
54
51
63
1
95
62
11
78
5
28
39
3
68
4
39
19
16
82
28
38
27
24
56
89
83
90
49
4
90
64
27
45
15
90
98
63
5
9
41
62
37
80
65
57
84
56
76
53
90
4
91
17
81
99
59
16
42
8
72
32
73
0
29
40
42
27
3
99
88
96
62
77
29
79
86
13
88
63
18
30
19
61
0
52
61
59
68
55
67
41
39
92
93
21
85
87
0
40
39
89
37
1
18
66
32
5
31
20
20
2
51
91
63
3
44
24
62
64
31
81
57
71
26
50
92
11
90
92
3
29
33
40
82
4
58
14
9
42
87
81
44
90
72
7
93
68
84
55
33
15
36
42
38
62
93
30
25
35
75
29
64
60
21
46
64
32
60
25
26
99
6
70
89
31
29
82
99
65
89
84
33
78
27
71
92
72
54
18
7
81
99
71
41
20
69
58
52
81
83
78
81
90
0
70
73
82
5
72
47
94
57
32
72
36
4
65
8
10
35
67
91
34
90
84
54
59
42
59
40
26
89
21
68
42
44
41
24
49
65
23
95
74
56
68
10
60
85
70
22
20
37
65
54
27
1
60
38
44
71
79
22
61
52
42
3
48
83
79
49
0
2
45
75
58
65
37
70
2
8
92
22
97
9
28
25
11
40
15
7
12
94
29
25
99
23
80
99
58
59
49
58
61
94
33
72
11
71
42
13
31
87
87
28
96
15
5
59
