679
62
77
32
17
35
2
65
91
60
76
23
7
47
71
6
48
66
30
89
83
87
62
6
51
58
14
89
36
39
31
67
1
60
52
71
47
54
36
90
66
64
13
73
11
85
31
59
3
13
48
86
52
62
45
3
20
11
44
57
50
76
76
3
88
80
74
88
34
62
78
0
26
92
25
37
29
8
48
32
21
49
71
73
11
16
29
32
27
73
41
29
1
17
32
42
50
59
30
84
73
60
37
0
4
14
89
33
23
90
66
96
39
89
22
50
57
51
34
36
76
75
65
30
45
49
24
95
60
54
31
34
66
68
86
71
35
27
4
58
17
22
54
8
11
76
11
68
79
45
4
8
21
21
90
18
71
14
13
31
20
96
17
86
65
3
57
52
83
62
10
0
36
16
61
48
45
72
68
76
17
25
84
90
46
74
8
69
88
73
53
8
70
70
47
87
26
4
39
9
18
1
61
55
17
22
55
14
46
23
91
64
0
75
54
99
2
15
68
42
88
21
3
10
44
50
97
22
54
36
83
73
37
96
80
7
19
35
21
17
10
12
81
11
40
88
62
94
3
30
36
43
4
91
54
0
41
3
22
96
40
5
21
29
1
1
88
72
88
10
90
98
74
23
61
66
11
75
60
66
6
49
62
62
40
16
62
82
19
36
30
11
41
3
93
94
56
81
19
44
43
61
94
18
84
8
84
48
83
97
66
41
46
28
3
86
44
17
20
16
53
2
79
46
5
72
93
61
54
64
57
97
25
52
67
61
12
52
9
95
1
28
89
47
56
44
85
53
14
58
21
67
60
0
66
66
73
11
79
79
75
37
76
52
41
96
13
53
0
75
0
1
3
89
0
11
34
85
64
48
95
37
67
56
38
85
74
11
48
53
42
75
90
70
27
31
66
41
84
66
16
37
67
71
26
19
82
12
57
99
12
52
36
32
8
74
69
82
37
18
88
79
93
78
2
21
62
68
14
46
35
30
83
54
1
62
74
35
26
83
34
39
35
23
23
44
97
92
78
87
62
66
18
56
97
20
29
59
41
43
57
28
25
93
34
78
7
60
13
33
43
0
72
79
23
47
75
72
40
5
11
2
24
82
10
21
2
91
32
95
86
89
23
11
82
58
89
89
18
55
75
14
7
99
93
30
47
68
54
39
25
66
41
49
48
4
70
2
47
2
50
34
44
73
45
26
83
87
68
54
94
43
68
1
94
13
83
41
81
89
80
58
55
74
8
55
30
78
10
77
33
60
11
77
85
9
55
21
96
75
75
42
70
43
43
65
8
78
6
89
67
39
47
75
13
7
82
43
86
92
20
71
4
84
48
90
93
55
11
41
31
38
83
1
33
78
66
41
56
25
82
75
64
81
50
77
89
33
72
27
77
44
98
82
28
46
24
73
1
87
14
84
25
97
86
10
27
4
51
83
29
33
11
45
66
13
74
55
46
46
82
76
91
80
10
71
78
86
45
32
73
59
16
50
9
54
60
36
59
63
72
40
48
35
38
14
48
12
70
47
59
52
23
2
85
85
73
15
71
70
