296
34
81
58
61
6
26
71
79
23
10
89
22
7
27
9
93
85
99
70
4
94
74
97
19
22
47
93
53
14
21
89
49
3
0
62
9
26
85
89
49
95
30
23
54
9
33
99
95
84
69
51
79
44
49
50
18
48
43
23
14
64
13
15
19
65
77
29
91
63
70
41
10
0
16
65
62
49
64
9
86
86
60
17
82
61
67
0
9
62
23
76
78
88
91
98
53
21
79
97
36
49
38
46
1
6
63
63
8
28
24
94
66
85
11
48
46
30
48
8
44
23
84
22
64
27
72
69
48
51
66
84
0
56
31
54
63
46
69
71
26
94
65
92
31
28
40
29
10
40
37
54
16
73
76
80
1
49
49
49
52
16
86
5
72
17
59
87
63
80
58
42
74
75
34
5
3
27
35
13
67
24
19
83
98
96
15
51
97
65
52
49
33
38
54
57
7
65
45
71
46
3
13
72
31
99
30
86
26
17
52
46
41
71
81
91
19
97
42
16
14
95
18
47
85
24
56
93
42
1
16
40
57
81
12
88
80
94
74
7
11
26
5
5
98
86
96
17
83
91
86
97
38
4
96
23
80
53
16
22
6
32
62
63
13
27
51
46
21
78
53
33
56
10
38
54
96
86
24
80
77
62
29
15
18
26
91
98
31
7
73
37
92
35
1
5
62
