235
7
6
46
78
60
45
44
97
11
99
49
47
49
82
89
99
28
82
33
65
94
19
48
40
37
56
26
74
32
25
40
91
83
86
70
95
83
66
92
46
17
94
94
66
76
83
65
4
17
50
21
63
21
69
3
58
78
81
85
10
58
25
1
42
11
23
37
94
41
82
41
58
76
87
76
4
22
93
8
91
95
29
6
17
51
9
27
81
42
12
43
0
37
44
94
0
20
84
95
13
66
88
72
94
27
0
98
49
94
6
40
89
87
46
58
90
7
86
23
1
50
66
1
40
63
48
40
35
32
87
48
98
27
72
92
54
73
42
3
19
48
95
60
87
93
19
30
0
57
53
1
59
72
55
99
35
3
40
70
87
27
18
37
55
91
81
61
16
23
65
35
23
12
95
62
6
66
92
58
23
98
12
83
70
19
82
57
74
74
79
61
2
49
98
9
92
79
70
8
54
87
95
77
0
91
39
58
57
32
16
33
82
28
68
4
99
50
61
73
77
92
34
79
41
84
40
34
15
10
94
69
98
90
46
50
