449
53
92
88
81
61
66
72
39
58
91
56
71
85
7
30
74
50
63
34
89
52
33
95
72
70
77
57
33
77
2
77
30
94
65
11
56
31
36
47
42
27
4
13
65
11
95
39
13
58
25
54
10
59
1
35
29
79
92
14
56
46
91
39
93
56
2
1
40
38
48
34
18
52
99
83
15
95
74
81
5
99
35
68
58
37
3
40
68
47
54
76
93
98
15
86
6
70
39
98
60
88
32
78
40
32
13
56
27
39
37
84
39
24
52
49
13
55
41
81
54
48
58
48
46
25
86
52
47
26
51
8
66
83
38
6
67
52
14
46
43
3
31
34
28
83
84
93
91
77
75
45
25
85
45
71
62
32
24
62
10
27
70
76
62
60
34
30
64
49
28
8
4
59
42
32
43
78
26
34
56
53
79
81
90
77
5
4
9
81
66
71
8
88
99
22
49
33
4
13
34
33
21
39
92
16
23
87
94
1
21
2
6
53
36
96
30
41
1
91
74
67
14
34
56
13
56
57
98
61
70
85
94
44
24
38
60
99
26
6
1
99
9
7
52
97
56
34
90
57
77
64
76
43
98
84
8
6
41
7
19
64
44
13
8
68
4
20
67
30
26
20
29
87
28
34
84
36
20
74
93
98
90
21
41
88
58
50
47
99
9
66
63
53
32
23
73
36
43
92
66
70
13
47
9
93
81
94
29
2
20
74
52
11
47
45
99
5
47
98
57
56
65
20
61
49
96
86
85
39
79
3
61
44
50
23
37
84
17
18
86
37
92
90
48
39
35
0
97
83
98
54
91
15
26
5
16
22
91
1
14
22
56
27
66
59
50
55
43
67
73
81
57
17
23
57
9
58
57
6
93
8
60
37
75
38
42
92
61
85
45
27
60
2
54
26
13
57
34
8
76
59
41
33
77
64
91
38
74
0
96
68
60
8
5
36
46
99
28
59
84
25
86
44
79
93
23
92
50
9
0
26
68
93
12
97
57
55
35
32
7
31
52
68
39
57
4
38
8
84
