977
12
4
26
48
51
1
6
2
40
58
9
28
49
17
80
34
65
59
45
87
43
41
2
32
35
33
97
71
16
54
33
80
10
11
28
62
12
34
16
53
92
77
33
41
94
14
27
59
25
72
98
68
66
0
52
53
34
49
76
50
55
9
30
66
21
11
80
85
45
96
90
38
74
24
31
20
90
59
80
15
83
78
36
1
79
88
54
65
90
30
67
97
92
49
63
65
60
95
50
6
44
93
96
70
17
79
90
7
38
70
74
74
1
10
27
32
51
82
49
41
64
16
38
8
17
54
73
78
1
76
36
45
69
84
15
38
63
58
45
54
80
71
28
81
82
55
65
33
89
14
26
54
82
16
14
0
22
88
30
24
16
66
21
85
50
89
23
65
47
20
19
27
91
47
61
25
55
78
10
44
93
36
50
27
5
65
79
27
5
9
3
21
27
77
58
29
66
33
95
65
53
14
44
96
14
5
22
69
84
32
65
29
21
68
56
26
33
36
5
90
97
61
11
25
38
21
54
56
54
1
21
7
16
65
3
30
23
77
51
7
10
16
88
31
36
96
9
21
32
66
11
82
27
74
7
17
95
13
73
49
15
46
8
83
64
64
65
87
41
16
46
3
84
34
86
21
82
95
42
67
62
6
49
41
80
8
59
76
21
84
77
88
31
38
71
47
2
36
34
95
52
32
99
89
18
85
62
0
33
4
67
47
10
16
88
43
24
99
71
98
84
48
86
67
86
58
14
40
46
0
36
51
32
87
40
2
24
54
2
57
10
22
4
73
90
45
16
15
44
87
65
80
87
51
47
74
61
61
66
60
61
2
11
45
41
3
47
66
57
2
23
67
24
80
40
14
77
8
81
73
95
46
54
83
50
1
9
63
15
75
23
28
30
86
74
71
41
73
37
98
75
13
18
51
45
10
18
22
19
99
95
66
98
1
1
0
55
62
15
70
90
91
50
72
77
24
43
19
50
33
69
77
98
39
29
43
2
99
17
21
98
64
39
48
66
93
0
73
55
16
43
97
59
93
69
36
70
65
7
72
50
29
49
48
20
30
43
22
29
12
43
80
76
35
80
94
80
81
67
35
49
62
33
8
8
54
96
78
19
56
50
69
37
51
69
57
34
12
80
63
76
75
95
53
10
28
99
90
9
67
78
10
81
63
70
89
17
66
19
89
74
21
58
11
73
80
69
7
92
49
22
21
24
70
74
87
98
25
29
59
44
7
69
26
22
39
15
40
57
35
81
32
56
39
95
81
19
64
40
64
13
15
85
90
85
11
77
83
88
58
94
33
66
63
11
40
54
26
32
63
13
13
47
22
53
43
3
24
7
96
40
73
11
77
15
96
40
92
31
29
2
25
14
68
40
25
61
46
3
93
9
17
7
57
91
12
0
46
36
59
42
29
84
53
58
99
1
99
43
84
80
46
61
94
66
53
71
27
99
74
21
61
43
28
70
34
40
70
81
28
81
75
9
66
81
68
65
82
19
9
19
99
55
32
45
21
86
16
1
85
42
22
98
86
50
68
20
42
90
53
70
72
29
32
90
10
0
55
44
19
16
15
70
71
48
67
45
34
35
46
71
77
20
70
15
70
38
36
64
81
41
86
53
70
18
43
80
18
50
77
89
67
92
11
90
40
78
87
74
65
85
98
95
5
68
10
27
58
98
91
39
40
78
44
10
96
39
43
67
90
72
8
9
64
20
51
57
50
39
31
68
76
81
63
82
49
73
9
60
72
53
99
12
31
44
74
79
35
69
98
25
41
59
86
6
31
38
63
81
29
46
1
57
28
64
39
29
90
1
89
14
54
89
78
37
85
52
68
20
74
19
98
15
78
36
21
9
26
36
42
55
83
96
65
63
12
4
92
2
57
34
68
63
75
46
52
60
51
21
32
25
92
82
40
22
19
14
83
45
50
77
53
85
73
18
0
86
74
93
88
32
27
9
47
2
55
0
14
6
21
98
83
65
33
24
87
52
90
70
49
40
47
54
78
21
24
78
59
99
23
99
83
2
8
82
56
64
82
22
22
55
21
6
20
6
82
59
58
72
29
59
64
29
66
42
2
90
73
61
41
96
60
24
51
69
7
7
33
41
30
7
97
3
65
17
61
47
77
71
71
58
30
36
87
96
78
89
87
3
2
80
52
63
57
3
32
16
10
17
57
92
24
54
47
42
24
8
89
53
79
61
63
62
97
51
10
27
