204
80
60
8
10
73
11
27
61
74
48
23
28
8
83
39
40
54
49
12
24
99
4
88
82
14
89
85
61
97
39
7
77
52
15
88
25
79
67
87
5
16
62
86
24
45
25
16
52
26
28
76
25
32
16
8
98
5
45
11
2
85
19
32
89
86
20
14
17
39
53
23
7
68
9
31
65
86
48
17
12
28
45
37
61
61
97
11
18
43
23
21
80
94
5
69
32
77
35
50
16
41
25
24
9
86
7
74
72
7
44
84
36
89
73
49
3
71
60
21
66
35
94
98
81
99
19
14
76
6
16
93
47
93
69
8
79
76
35
51
84
31
87
72
20
60
21
23
83
33
97
1
69
91
99
50
91
18
16
67
25
84
12
24
77
81
85
56
58
20
59
94
51
46
66
23
59
39
99
94
72
96
96
93
39
47
96
30
66
12
50
43
97
14
19
26
96
4
83
6
76
94
52
79
93
