902
36
71
28
83
66
26
13
26
96
53
20
85
32
14
67
14
99
29
67
11
77
71
85
66
31
37
45
19
17
12
99
53
36
79
89
54
57
54
33
53
7
53
90
91
20
10
58
19
39
25
83
68
96
20
34
80
57
80
99
75
44
50
80
32
30
21
87
87
75
20
93
82
25
83
26
45
93
84
65
85
9
0
53
57
20
88
37
29
20
89
56
16
91
37
49
21
58
36
61
86
8
54
20
33
89
46
79
83
82
96
68
91
96
73
1
68
61
90
97
33
79
54
50
23
43
99
96
53
87
57
39
47
63
60
80
5
58
11
88
41
7
8
84
55
81
85
75
95
76
25
28
7
79
30
30
74
81
27
27
68
36
19
67
52
79
48
57
89
59
97
30
19
5
15
26
38
52
2
33
28
27
14
88
58
44
70
84
26
97
11
46
86
30
14
38
61
14
47
51
25
44
33
96
1
0
23
39
53
77
25
33
56
39
21
66
35
44
50
13
93
13
12
79
44
26
69
57
92
68
60
17
12
46
14
13
46
89
5
51
66
30
85
22
69
58
88
4
2
38
70
48
51
82
27
47
8
49
57
52
17
69
69
82
15
35
47
62
24
52
65
42
34
50
64
55
61
4
60
15
94
82
63
46
64
43
45
24
44
54
76
61
24
97
95
91
85
95
53
9
99
71
4
34
21
68
89
34
25
1
50
19
83
65
17
47
8
63
71
52
69
99
66
45
97
13
37
82
8
42
43
8
13
47
42
87
68
83
21
93
85
23
12
68
89
30
68
49
45
39
54
66
39
72
12
88
85
49
70
94
91
65
54
5
65
48
92
33
31
65
78
16
89
90
85
30
72
53
79
17
44
33
84
35
5
96
23
43
97
45
89
88
63
43
45
28
91
89
61
22
55
39
39
96
81
76
26
54
81
57
23
77
91
59
13
48
7
36
43
4
34
32
45
97
75
90
25
66
32
38
41
87
29
32
35
10
8
61
16
41
18
40
18
61
51
31
62
59
20
5
63
54
38
60
3
65
3
28
84
35
18
25
74
47
57
9
9
17
70
78
58
40
70
76
2
21
8
64
80
28
21
96
34
59
8
37
25
11
17
61
46
35
86
72
34
43
81
95
60
3
73
70
44
43
46
98
17
54
62
97
34
83
45
20
95
54
57
72
17
74
33
64
61
19
88
95
14
70
43
26
25
16
96
69
12
42
67
29
49
81
78
35
17
24
56
12
30
65
84
47
92
69
63
53
40
52
1
54
74
44
32
99
12
80
21
24
22
40
53
23
22
32
11
39
8
67
3
38
32
39
37
24
8
1
30
0
5
31
54
79
27
38
30
39
18
51
16
92
44
69
68
66
53
79
57
13
46
12
3
30
51
41
7
11
94
37
11
99
20
17
30
99
55
60
90
25
64
6
17
8
28
85
26
33
64
83
47
62
47
50
45
98
91
4
61
37
93
24
36
13
41
66
64
48
79
54
73
43
61
42
51
89
80
29
22
96
64
21
11
11
72
56
61
15
12
22
53
5
98
41
70
39
60
34
39
39
88
64
34
1
58
37
42
38
66
17
87
30
38
98
41
62
6
54
30
18
28
35
23
26
76
93
17
36
79
56
27
67
72
61
21
30
98
63
69
64
80
56
46
19
6
39
33
12
93
63
82
21
98
57
47
27
50
64
15
81
72
43
48
44
56
69
75
55
85
44
71
65
52
18
36
10
57
70
22
51
33
56
24
84
13
72
11
15
36
26
96
61
21
96
5
78
18
80
85
3
76
56
68
80
26
57
90
36
27
64
39
12
20
63
96
33
35
7
0
24
86
96
85
7
93
90
37
63
71
22
66
99
31
86
80
57
43
70
93
22
35
32
35
7
48
83
93
83
91
93
59
29
42
96
88
87
87
26
50
10
0
68
61
31
54
41
41
50
64
86
24
99
71
59
58
19
95
51
54
38
97
14
67
39
10
55
26
49
33
28
11
86
96
73
17
2
66
10
4
30
97
29
81
68
40
40
39
35
43
93
73
40
59
92
31
22
0
