830
43
67
58
52
37
44
39
26
86
18
62
12
65
37
79
92
28
71
39
33
41
43
79
17
7
67
24
47
68
9
88
11
77
46
15
14
42
55
92
29
25
7
41
90
44
20
34
24
91
73
58
84
68
89
2
75
8
78
74
29
40
62
40
17
60
56
83
3
63
75
84
88
82
25
78
78
45
65
55
88
38
65
72
7
54
26
34
15
57
61
44
97
23
84
66
36
92
49
91
55
76
75
95
11
0
26
89
97
91
44
37
81
9
9
40
16
88
75
83
45
36
27
94
11
63
60
99
8
61
90
63
37
17
11
48
69
37
90
66
28
34
3
9
96
65
50
64
5
77
47
2
13
74
96
76
89
8
76
97
69
18
13
6
36
24
7
5
61
97
24
41
83
79
50
31
96
52
95
1
29
94
55
94
20
51
71
10
59
99
59
80
17
72
87
5
48
46
63
9
43
87
50
78
18
53
10
15
5
57
68
87
52
24
81
72
27
4
34
39
3
94
19
73
18
58
78
67
4
41
76
99
80
79
30
51
84
92
18
41
49
86
28
53
62
62
78
90
66
64
29
70
10
0
95
29
59
73
96
15
67
24
67
99
55
97
50
39
89
20
33
90
7
61
96
21
23
26
11
42
42
92
64
53
45
59
82
4
32
78
71
51
54
38
51
10
87
53
1
28
74
34
19
33
48
67
54
23
45
18
65
87
62
29
40
7
88
22
63
73
52
35
24
7
25
27
69
65
33
70
93
59
57
64
44
5
31
50
28
28
68
94
16
31
75
56
90
16
31
54
89
83
41
65
42
18
45
63
83
78
86
77
89
43
41
33
0
25
83
28
53
4
74
69
87
2
78
77
18
61
83
7
44
24
24
39
43
69
2
26
99
88
55
40
83
49
73
83
74
9
64
79
65
90
1
52
44
79
81
62
40
65
21
36
89
46
27
84
67
30
63
19
70
70
59
6
19
85
41
93
46
5
73
11
48
74
15
92
5
96
7
97
61
28
33
3
26
13
39
46
43
2
65
65
73
76
23
92
61
65
38
7
22
63
70
70
89
85
15
94
82
22
91
95
2
76
50
81
89
90
79
84
44
44
2
69
20
25
14
34
90
4
93
13
67
64
35
56
49
2
2
83
76
93
31
31
21
33
12
63
23
91
99
20
87
1
41
59
79
55
45
69
59
39
34
78
3
22
34
4
76
88
40
53
81
71
84
55
4
48
70
80
91
69
52
30
23
93
89
2
1
87
23
12
26
10
91
29
84
77
85
60
66
25
65
99
48
49
6
5
49
76
37
92
46
89
22
21
34
64
23
35
51
98
48
77
8
39
58
92
68
43
5
34
21
70
34
69
72
92
26
21
69
63
14
67
4
88
88
39
52
63
26
3
61
74
32
22
65
90
66
34
86
23
20
7
94
6
28
66
99
55
39
68
70
5
87
27
94
75
18
98
90
44
2
3
19
34
77
36
77
44
22
63
67
43
70
13
49
50
31
0
5
71
68
28
76
55
55
22
82
25
21
24
69
75
28
40
61
5
77
38
1
99
1
21
94
23
34
96
74
66
96
31
37
17
11
65
24
18
40
59
43
61
83
13
88
11
53
49
69
82
88
70
34
41
91
80
65
26
76
91
92
73
74
81
42
86
98
66
4
38
77
48
51
61
13
39
24
18
89
93
53
77
64
87
70
55
67
35
33
96
78
25
21
53
58
63
39
57
81
95
47
59
95
99
20
8
90
44
79
79
38
32
8
54
71
79
9
38
66
95
34
45
20
7
98
31
70
89
40
4
84
87
63
80
38
35
40
29
31
19
60
21
3
69
75
74
0
37
65
66
32
51
11
4
59
61
87
81
50
27
85
35
67
48
67
57
35
7
86
