468
45
40
90
19
8
69
86
50
7
44
75
87
88
24
27
48
93
68
57
82
2
80
3
1
23
97
85
57
32
62
67
30
2
9
49
10
30
87
13
37
84
40
77
72
64
4
20
57
73
77
91
27
10
95
80
85
44
66
42
29
28
9
11
83
70
12
45
1
99
58
38
83
50
15
8
14
72
28
24
97
58
67
24
20
14
56
5
11
22
48
92
3
9
3
86
80
15
31
81
66
42
71
50
92
39
58
59
11
38
35
8
96
2
84
68
17
40
74
80
15
74
72
70
83
75
56
15
42
39
48
8
33
20
10
26
59
20
37
22
59
72
82
7
26
18
76
95
10
2
75
25
76
47
47
11
74
55
27
68
95
27
77
80
47
39
58
58
60
95
32
19
19
14
78
46
32
54
93
43
56
69
20
84
68
68
96
95
23
75
63
70
2
92
51
2
32
61
12
44
57
45
15
28
11
93
26
96
0
20
39
56
41
11
93
61
31
41
56
7
16
72
77
70
16
80
24
0
42
89
44
51
34
59
79
97
53
58
93
53
78
84
61
71
96
6
32
27
47
41
34
63
13
64
86
81
96
10
82
38
99
26
41
85
38
73
83
91
31
28
96
9
13
9
80
9
16
64
88
63
5
75
79
18
39
65
52
87
27
34
78
79
60
19
16
98
92
51
41
75
80
89
36
93
51
16
54
67
33
42
82
38
17
13
9
8
30
61
48
10
95
26
89
7
45
5
58
90
57
51
65
37
41
54
82
92
22
36
11
55
78
45
94
48
59
3
8
89
16
56
99
11
82
40
70
80
98
28
22
55
80
39
44
73
93
26
65
16
14
28
71
92
73
17
92
84
72
53
74
88
9
25
51
44
18
22
24
16
50
98
23
82
37
19
55
83
97
72
99
11
0
22
55
26
40
48
10
12
1
36
53
62
14
4
6
32
26
82
0
29
32
23
11
70
94
19
53
91
91
4
2
44
26
57
22
18
57
32
31
58
69
84
73
83
88
31
67
67
14
19
96
98
42
59
68
88
30
73
79
74
77
81
18
56
90
40
74
48
24
