838
46
7
77
19
29
94
0
78
80
55
77
33
56
51
2
17
51
31
11
63
37
61
17
61
91
37
62
85
96
25
21
42
84
98
13
13
44
13
91
76
20
21
9
76
24
12
93
75
95
4
38
84
17
7
97
61
44
11
98
40
36
19
82
20
69
95
86
13
60
29
41
81
50
2
57
74
14
3
1
61
59
92
45
77
99
95
90
44
6
88
84
95
7
19
67
76
66
53
41
27
83
82
60
85
84
17
12
51
72
13
64
32
5
62
9
5
57
99
1
15
87
85
10
46
56
78
74
23
31
15
2
66
49
62
52
85
31
64
88
4
29
53
36
35
15
97
92
24
48
93
39
35
30
50
33
87
80
7
10
63
74
64
30
75
26
34
60
57
50
1
13
79
54
49
66
21
98
10
97
46
55
36
33
86
38
66
25
18
25
87
82
99
51
64
26
77
98
87
86
0
40
0
79
94
1
98
67
52
8
16
98
64
52
32
2
43
50
27
13
76
14
47
27
65
63
54
94
13
93
32
13
33
84
45
79
86
43
46
90
3
62
88
19
66
20
21
61
71
0
27
99
14
74
26
31
90
32
77
3
25
10
17
58
94
62
37
32
57
35
22
12
49
11
32
68
83
53
81
6
6
8
5
72
35
84
4
25
16
81
80
42
43
97
52
38
11
42
70
20
29
93
33
31
56
65
51
39
70
32
98
76
93
3
49
28
39
5
5
56
38
37
50
82
87
54
20
98
48
42
71
78
87
4
61
43
21
12
35
43
44
33
72
89
88
73
69
28
78
26
36
68
64
38
50
51
92
22
49
41
17
72
71
4
76
32
0
49
96
35
93
92
20
65
82
8
38
51
36
68
78
24
36
42
62
39
45
55
13
46
48
82
19
71
87
47
55
39
97
51
74
42
95
46
7
77
54
97
81
43
65
11
67
53
5
30
44
50
37
58
96
37
40
15
8
79
63
63
18
12
66
44
54
61
42
13
91
97
10
72
40
27
83
59
80
88
89
25
38
26
35
86
63
27
2
23
7
65
38
77
29
4
74
83
18
16
96
61
65
58
33
57
85
68
17
17
8
6
94
98
85
29
84
0
57
38
24
16
3
62
45
84
19
71
67
89
40
15
50
5
73
35
63
58
3
80
76
63
38
22
13
23
52
49
24
61
88
48
29
43
62
74
28
81
98
95
70
38
11
20
95
84
55
10
95
10
42
23
25
81
45
38
4
49
88
80
10
76
80
39
19
43
66
47
76
16
95
47
54
6
19
1
42
27
12
89
37
54
64
63
35
10
53
92
11
93
24
22
69
5
13
41
48
31
40
24
47
35
23
53
93
43
55
88
70
19
77
59
73
94
74
61
56
28
5
67
21
29
41
43
34
55
36
34
86
76
11
86
12
34
39
57
29
94
45
51
13
75
11
39
21
37
0
77
17
5
44
91
86
38
34
21
93
70
7
31
98
18
17
10
5
57
20
34
3
17
38
17
44
1
56
65
38
8
42
8
65
39
99
51
77
33
24
22
55
84
5
53
2
23
16
59
32
88
46
35
5
84
4
50
85
12
67
75
72
62
83
37
1
34
41
30
67
17
4
74
1
9
80
4
32
48
15
16
36
61
52
41
45
8
43
82
21
11
10
93
73
45
83
26
80
76
8
99
93
12
74
95
21
6
51
6
54
66
22
90
28
26
83
25
35
27
60
8
90
70
53
15
67
36
93
47
12
1
47
58
13
73
53
86
31
4
92
85
70
15
27
98
41
10
76
28
89
36
36
79
6
90
46
73
78
91
73
43
92
72
1
57
97
6
44
28
10
88
13
32
3
40
83
97
2
59
77
92
95
14
23
53
56
70
78
86
13
51
81
6
75
82
15
72
40
11
0
50
0
65
83
55
57
