532
3
14
72
90
45
23
33
29
47
31
71
12
56
37
0
63
58
34
58
84
74
28
57
8
32
21
56
40
1
58
37
56
24
61
46
69
36
32
99
83
63
22
47
20
59
47
35
69
34
94
5
60
74
63
68
6
36
24
99
89
35
88
45
59
1
44
29
37
76
80
72
39
2
71
11
14
71
99
35
5
93
41
17
19
56
38
25
44
14
76
33
49
16
78
9
17
22
90
54
98
70
78
90
72
50
53
38
21
52
74
78
97
67
95
16
75
33
94
19
48
70
52
97
39
82
58
56
5
48
63
55
18
41
97
43
91
51
81
12
3
7
42
1
26
38
69
1
23
63
72
71
34
24
21
25
7
79
81
64
28
44
19
98
38
69
41
81
20
75
94
75
34
88
28
61
26
98
14
50
61
87
73
47
63
46
72
70
26
6
86
6
2
58
4
40
27
46
22
99
73
68
74
7
56
3
68
35
53
35
85
66
22
10
14
85
57
38
8
35
44
46
41
47
4
97
39
31
95
61
30
68
81
57
76
38
12
96
73
65
83
10
31
5
72
97
43
29
88
3
16
32
49
9
31
54
7
23
37
2
84
20
23
18
77
99
56
89
47
81
54
31
43
37
88
15
35
83
97
23
86
13
7
88
75
91
94
82
14
31
36
50
3
59
20
80
10
76
69
58
9
75
41
4
13
29
20
0
13
69
75
51
34
34
91
9
25
85
43
91
69
80
94
72
39
14
53
50
43
74
60
4
50
1
9
15
30
81
67
95
50
42
99
84
28
90
46
6
28
89
49
97
21
43
21
61
10
26
63
5
1
75
9
3
76
70
70
58
51
37
6
1
31
5
38
59
47
36
17
75
77
67
24
99
62
46
12
72
72
27
77
25
2
39
28
78
9
50
88
61
87
94
14
70
51
4
30
51
40
99
26
18
66
3
69
29
1
81
53
25
8
31
51
10
22
31
40
31
82
28
44
69
75
11
92
78
15
74
29
8
73
8
78
40
11
47
21
12
28
74
89
88
57
40
50
79
72
90
63
54
70
7
75
97
70
67
76
86
41
57
46
67
65
24
7
28
23
28
92
3
2
82
91
60
22
41
91
46
83
54
52
53
14
80
3
84
99
79
22
93
88
20
60
54
96
67
82
19
47
27
74
1
9
65
13
83
58
5
30
93
11
34
99
77
14
2
62
14
33
36
7
21
9
