984
52
21
56
85
29
22
14
8
77
58
74
45
87
13
82
25
2
6
76
21
85
3
24
44
76
53
51
34
90
72
41
94
45
49
31
75
23
46
35
0
56
61
97
95
74
79
73
76
38
49
49
75
53
25
20
81
31
23
16
21
95
9
16
41
58
47
68
82
45
55
34
54
16
84
49
43
15
22
71
53
72
73
81
25
50
53
6
81
76
74
55
71
35
71
64
94
70
32
28
68
87
62
22
56
98
23
99
14
46
22
19
70
95
0
95
46
53
53
79
29
80
34
53
15
57
17
61
80
2
89
0
41
4
74
97
2
97
48
68
43
71
88
13
18
88
60
16
42
14
96
23
46
30
28
61
88
46
23
68
48
64
68
41
68
42
39
23
91
87
91
35
10
79
0
29
68
13
45
62
79
41
37
25
24
66
86
64
64
61
84
64
26
4
5
94
98
44
69
89
84
61
76
94
40
29
23
60
42
21
74
21
14
64
98
90
30
84
54
94
98
38
10
24
42
15
70
40
60
92
30
96
53
58
90
45
87
66
6
29
39
32
2
53
96
0
44
78
37
50
72
35
89
34
11
83
50
33
24
62
25
6
58
30
64
48
76
52
66
34
33
5
66
36
11
15
36
7
93
25
57
18
12
46
52
23
30
54
9
6
16
86
12
74
17
28
75
93
32
93
79
66
99
97
2
62
12
90
69
58
68
26
28
80
25
80
4
7
87
65
13
3
51
77
30
68
5
5
13
38
50
92
56
1
42
10
63
6
0
84
64
68
11
44
49
88
25
5
95
12
70
60
67
73
37
97
94
94
54
7
84
5
52
40
6
94
50
22
52
3
6
17
23
69
61
24
57
38
29
4
2
51
64
22
77
53
19
71
48
26
78
32
31
82
25
89
28
75
11
81
30
18
50
54
87
63
78
97
54
60
1
56
63
18
30
40
71
50
11
19
76
42
4
59
24
29
48
53
56
12
34
87
30
36
93
69
99
71
18
53
83
20
62
47
38
92
39
9
94
51
81
70
93
85
81
69
66
30
22
74
42
8
61
24
96
6
45
96
30
64
1
13
36
63
12
74
8
52
35
2
55
68
25
0
53
6
69
71
88
44
46
82
4
59
6
53
66
4
49
48
68
2
61
4
66
26
30
26
30
17
28
85
86
5
37
91
12
58
63
52
54
61
35
11
20
93
64
38
97
65
86
17
67
0
73
85
26
3
11
8
21
40
45
7
97
82
98
9
92
13
14
47
74
49
58
47
94
74
37
44
39
76
61
58
28
35
44
54
90
55
14
63
47
59
70
45
41
21
6
33
86
20
32
61
21
42
60
68
16
49
12
7
25
73
66
53
60
10
59
51
17
73
66
17
32
37
62
25
10
20
11
96
93
95
9
14
38
21
34
6
71
46
14
48
72
32
54
32
42
65
35
11
39
2
28
23
91
42
1
53
63
64
1
8
59
11
74
97
84
9
4
7
55
70
56
27
2
62
12
96
27
99
7
18
53
88
94
96
30
95
49
45
11
51
53
70
14
28
20
50
37
24
58
44
94
14
72
48
28
36
44
55
87
3
74
41
91
20
37
22
67
39
19
78
42
73
48
56
53
68
6
90
44
16
34
90
82
58
38
10
46
34
66
34
38
92
75
29
12
64
3
79
55
75
57
97
48
57
5
1
78
64
43
22
80
29
65
63
40
3
73
86
38
91
72
28
83
99
9
47
64
13
78
19
88
87
69
88
45
74
41
23
38
36
97
19
17
62
82
57
18
7
96
56
99
68
36
34
68
45
34
84
58
12
55
98
0
24
38
45
51
79
20
89
15
17
60
33
32
94
42
50
54
38
58
53
59
94
39
79
39
73
63
50
86
70
0
38
47
39
83
98
70
55
39
38
24
52
23
56
46
65
58
0
56
16
5
67
10
45
46
2
70
61
4
56
31
4
94
78
95
29
76
66
36
68
56
61
20
79
69
18
96
28
19
52
44
76
71
7
73
17
9
44
78
65
52
10
69
99
40
17
80
69
83
17
37
39
30
9
70
99
27
66
79
98
71
76
75
42
83
48
60
44
44
90
9
97
0
30
96
93
47
76
62
82
45
99
73
75
60
43
27
87
10
58
86
81
34
13
75
69
13
87
65
58
78
26
55
30
57
3
23
56
31
85
39
77
36
64
4
96
8
31
36
18
90
74
51
76
87
26
46
0
66
63
10
44
90
65
74
47
20
50
55
