434
67
16
64
17
7
89
91
45
15
3
36
72
4
51
12
78
3
97
87
62
62
25
80
98
61
30
54
76
2
19
41
69
87
5
38
94
46
81
91
14
36
27
38
93
78
50
71
81
99
10
95
61
88
75
11
49
57
65
26
59
84
19
80
71
77
70
17
75
51
60
89
88
87
80
81
17
82
4
51
82
15
46
43
3
74
55
4
31
20
30
43
57
2
75
80
79
46
50
6
49
10
96
89
50
28
22
19
10
27
70
92
94
69
88
49
95
95
53
78
67
36
73
24
38
49
57
69
47
59
75
48
69
23
38
71
3
60
91
14
39
13
6
33
34
46
34
29
41
88
60
9
24
33
33
14
82
42
83
81
1
10
30
23
86
20
94
89
32
37
55
72
51
62
57
37
60
92
19
2
80
79
11
56
12
96
70
47
39
5
28
92
67
10
15
5
30
62
95
15
51
50
87
54
64
96
92
77
40
11
79
72
90
90
28
54
38
50
1
29
55
30
22
75
92
89
80
75
3
75
90
55
78
29
9
94
25
53
23
18
64
2
90
6
44
19
13
83
69
14
64
77
96
38
52
89
80
32
64
83
60
54
90
90
35
52
36
60
5
60
78
22
14
21
80
59
92
93
94
13
8
10
90
4
49
94
45
29
79
61
64
91
67
55
33
2
7
69
15
64
81
45
86
48
66
19
7
58
12
53
72
72
63
14
29
64
9
74
93
40
36
10
31
55
65
64
58
24
85
73
40
67
18
27
67
37
46
74
95
10
79
19
83
94
34
12
59
95
38
4
35
26
14
66
82
31
82
40
55
67
65
96
86
35
75
53
72
73
79
20
35
58
39
18
5
25
82
64
72
73
20
59
99
35
25
81
66
59
73
74
27
38
22
13
74
97
67
98
22
46
70
57
57
62
28
62
87
10
78
12
83
98
71
35
33
49
16
52
8
42
26
35
32
48
49
58
97
68
57
19
14
27
28
23
89
