233
34
22
57
37
50
70
32
9
72
93
27
23
59
92
11
19
23
46
41
96
83
81
34
41
88
39
62
62
30
82
74
64
57
83
2
7
53
34
16
77
79
95
0
39
87
11
10
63
10
52
11
93
33
46
86
73
37
49
35
67
83
62
31
40
97
85
99
51
20
15
80
51
62
81
42
50
44
53
65
54
57
76
99
42
74
86
16
11
87
3
30
70
65
62
63
63
47
62
66
19
30
46
71
92
79
13
94
24
18
59
30
75
88
30
18
14
68
86
78
55
89
8
77
7
22
40
70
22
3
88
41
33
86
64
25
66
30
72
90
48
31
20
76
71
2
46
86
70
32
64
77
73
24
7
80
47
47
2
69
2
90
62
87
77
79
65
43
9
37
85
9
20
57
37
92
60
83
78
82
67
94
12
41
70
19
21
17
18
24
38
73
14
53
60
43
32
25
38
93
14
23
54
35
33
44
27
93
27
57
27
47
3
39
88
73
10
61
43
29
85
33
2
52
86
14
47
70
92
86
15
6
61
22
