933
49
56
64
0
82
24
36
76
1
32
8
33
89
41
55
67
38
13
53
5
3
30
70
91
50
73
66
45
2
11
42
52
68
6
4
50
83
92
79
84
24
39
70
65
80
25
84
70
90
89
75
93
19
97
36
69
22
2
66
25
14
8
29
34
67
33
36
50
25
15
86
2
54
56
19
86
81
56
56
23
45
83
16
65
81
53
86
55
7
53
80
73
13
9
7
80
94
44
82
72
11
69
74
66
25
45
4
59
1
13
82
99
96
51
16
29
56
54
85
63
59
65
37
73
27
96
5
21
40
88
93
52
9
19
70
86
65
26
45
18
39
80
17
36
83
33
65
39
40
50
54
99
68
43
72
95
40
30
16
32
18
10
36
79
81
58
65
46
85
63
17
24
43
86
60
78
72
78
69
12
28
23
11
96
19
36
91
59
66
60
43
36
22
80
15
3
90
80
2
75
43
71
0
38
57
12
16
29
90
85
93
71
61
5
67
80
41
11
91
7
23
86
43
45
18
10
0
9
90
2
84
86
25
36
24
83
49
93
64
91
30
58
62
43
15
82
75
56
45
66
15
68
5
10
65
23
20
65
32
10
20
69
48
45
5
25
28
6
70
45
50
0
3
12
96
18
46
71
26
91
90
41
11
95
3
76
18
23
94
3
85
14
72
34
11
29
59
92
88
29
37
38
81
92
2
77
62
1
49
88
44
91
81
56
86
84
84
56
7
78
59
44
44
83
78
56
65
89
0
53
18
37
91
52
29
45
29
91
46
30
31
91
73
12
99
59
48
83
68
7
14
79
51
10
63
82
18
28
71
18
33
42
7
76
94
88
21
75
31
20
58
62
11
31
26
62
43
26
45
11
33
11
90
85
74
5
67
92
85
90
63
18
32
70
94
26
59
68
54
90
88
12
53
51
95
31
13
38
58
10
1
91
74
44
28
48
49
47
40
87
38
3
5
70
26
52
49
85
20
3
75
60
67
80
63
62
12
28
53
70
38
6
13
12
50
42
12
52
41
5
39
79
60
96
2
86
48
51
71
20
6
47
32
73
27
95
87
91
23
92
61
14
99
27
78
1
69
91
53
10
96
44
42
8
41
44
95
41
95
66
14
53
65
46
26
45
94
65
36
69
10
50
83
9
77
14
62
98
57
16
60
5
60
2
13
53
98
8
95
93
75
9
46
92
7
24
37
53
42
74
23
52
76
58
13
53
24
75
3
81
43
63
86
56
18
0
61
16
60
56
62
87
17
60
80
77
37
17
30
79
43
5
83
71
16
48
24
40
75
79
22
71
43
8
27
13
60
88
29
21
97
91
60
66
4
40
95
41
10
26
72
5
83
55
77
99
55
53
40
30
33
62
1
76
22
80
89
35
21
70
8
18
14
68
36
18
61
32
59
71
10
83
76
45
38
5
45
93
59
37
75
92
99
77
20
73
57
61
8
78
31
68
48
97
37
37
15
98
21
26
21
83
9
49
28
99
55
25
44
14
62
20
58
13
97
78
39
6
91
99
37
74
68
85
72
5
74
39
55
95
66
76
78
27
77
59
79
32
84
75
98
99
95
8
12
44
86
51
3
29
51
40
4
19
77
76
76
52
15
83
47
33
11
78
13
88
37
44
73
73
19
23
72
67
32
85
11
70
88
66
0
91
6
4
62
84
32
38
88
99
73
87
33
84
65
98
25
54
42
98
28
13
21
0
80
5
37
44
76
78
10
76
69
17
32
32
53
64
22
41
63
96
28
48
32
46
46
9
0
40
59
28
54
81
81
86
38
70
30
14
48
41
90
18
10
74
2
63
38
24
56
54
72
84
2
5
30
1
14
83
93
74
11
99
7
44
86
45
67
68
12
15
9
54
85
19
29
87
34
19
12
90
73
84
27
28
41
57
81
8
92
74
82
4
26
41
0
64
38
67
32
50
35
42
5
20
13
34
60
0
53
24
90
79
60
17
7
2
27
40
10
19
66
44
75
92
37
28
56
75
95
41
78
82
35
83
3
48
69
15
48
74
39
91
53
99
8
12
1
87
52
63
7
71
59
34
63
96
62
72
24
10
13
2
92
48
37
95
48
6
62
49
80
1
40
86
1
0
50
54
40
55
70
