186
2
6
53
37
79
2
84
87
86
53
49
1
57
49
44
24
51
5
4
81
92
57
90
22
23
93
18
82
13
17
34
16
23
39
5
54
41
41
94
79
94
95
32
51
45
77
76
48
34
32
29
26
89
72
0
12
17
18
46
30
35
80
98
59
19
3
65
12
44
59
44
39
7
76
42
52
5
70
52
39
2
82
17
91
6
17
55
23
35
1
53
71
81
52
82
52
7
47
17
52
59
61
43
66
89
37
70
47
8
22
38
10
56
56
54
62
73
9
37
61
11
43
32
44
47
66
97
54
65
14
58
24
27
1
42
68
39
64
15
47
39
6
9
47
62
63
62
87
73
99
48
84
42
32
80
89
98
77
96
64
43
54
40
22
8
35
91
99
51
58
98
90
64
7
90
78
71
52
18
96
3
66
32
98
51
12
