538
54
63
19
90
81
61
91
88
60
60
61
32
98
43
81
62
85
23
64
86
96
34
18
78
24
1
7
54
34
75
6
40
38
25
31
19
86
22
60
99
34
21
83
32
16
64
46
53
40
63
39
88
97
58
66
73
59
25
27
45
52
34
85
90
11
16
62
50
39
22
49
73
95
84
58
64
48
56
17
40
19
57
28
69
15
46
42
26
71
70
71
23
56
56
66
67
73
28
17
64
2
18
89
97
2
99
13
3
56
31
43
75
40
24
44
55
70
87
33
94
9
4
69
65
60
35
84
85
15
54
1
17
72
91
67
75
42
80
78
98
63
73
26
3
97
70
10
20
9
95
14
70
99
83
87
12
19
72
49
34
26
51
4
98
94
71
25
36
3
55
35
19
29
61
74
78
83
85
98
45
80
12
15
32
96
3
44
67
75
45
53
53
96
57
3
90
80
29
79
36
84
14
55
65
27
29
96
62
66
94
7
47
59
23
31
55
78
27
74
53
72
27
58
69
37
61
11
17
42
90
53
79
56
60
44
35
90
40
98
56
87
57
55
46
80
86
53
58
13
27
63
38
6
21
7
43
35
70
13
77
13
18
56
21
79
1
57
69
93
7
77
80
64
33
78
97
71
31
7
85
10
71
23
17
44
82
12
79
4
77
57
17
48
65
39
27
18
48
48
12
55
25
44
71
58
75
68
82
6
28
67
69
99
42
86
95
76
50
27
80
80
36
50
28
1
41
7
20
89
55
84
96
32
28
67
43
3
88
25
62
16
44
31
67
38
69
14
14
71
41
46
51
77
96
31
31
37
38
51
78
45
87
74
78
67
94
73
23
34
98
85
2
42
68
69
80
37
35
46
60
77
92
12
6
41
95
89
30
86
92
9
31
79
83
61
47
29
34
70
63
32
55
65
26
75
86
6
12
22
52
72
51
97
36
9
38
84
99
68
70
43
77
1
23
13
15
70
42
49
92
6
34
99
23
60
74
10
67
38
84
71
62
35
68
99
96
6
83
47
75
5
91
4
58
14
17
73
36
60
23
28
18
57
27
41
17
1
3
36
39
87
8
1
74
76
52
71
83
87
18
10
92
9
14
3
23
84
76
11
44
99
39
14
8
66
7
78
19
11
14
10
50
22
64
25
51
68
96
86
56
66
48
0
28
62
3
51
46
32
63
42
31
54
8
92
73
16
70
92
79
84
55
29
59
19
6
62
39
