343
74
78
26
17
45
73
96
2
8
33
91
92
84
87
32
27
84
64
53
29
32
20
25
24
14
61
71
7
54
10
68
28
88
94
45
85
67
41
39
76
27
30
20
11
69
53
91
54
69
44
35
53
16
60
77
83
73
48
90
27
10
11
8
50
5
53
36
73
47
75
1
74
58
21
37
79
26
28
33
96
24
68
1
93
81
31
76
6
31
18
34
42
29
42
92
35
47
28
60
46
56
13
20
14
86
10
93
13
38
79
61
15
99
62
8
80
45
36
87
77
6
73
19
36
67
11
23
66
92
35
13
48
48
85
14
34
95
7
99
86
38
60
1
38
75
61
18
20
97
57
97
3
30
68
91
49
80
66
16
24
1
29
72
1
14
86
36
10
45
35
96
84
48
49
22
75
62
92
47
11
2
45
14
32
65
58
82
45
24
98
21
78
79
93
79
93
31
15
3
29
3
51
13
3
52
87
30
14
31
77
25
33
74
92
18
40
50
0
37
26
50
59
4
29
4
36
22
36
3
78
65
58
81
30
61
34
69
91
0
0
21
78
86
95
70
4
35
72
56
25
50
6
84
7
87
88
43
61
76
46
91
93
5
73
23
18
59
44
62
11
45
83
89
31
78
59
87
66
83
43
91
34
49
27
41
88
15
36
49
44
82
93
37
39
66
13
58
77
57
72
40
54
55
30
37
85
41
24
3
25
67
94
11
68
21
4
56
89
40
58
85
74
51
22
14
69
87
24
98
45
96
38
51
51
68
89
88
62
65
92
87
33
86
