458
41
20
84
66
18
48
77
17
21
91
14
7
24
77
30
72
68
35
1
45
97
64
48
92
43
55
29
65
8
13
3
50
33
40
16
4
88
45
21
10
88
87
69
12
16
99
37
84
86
90
82
84
55
30
76
50
37
57
15
46
71
71
48
56
11
16
12
99
13
86
9
1
73
78
65
90
29
2
74
16
93
8
0
0
90
28
50
28
86
65
26
9
88
26
17
99
42
30
51
7
16
12
60
89
43
25
31
72
80
58
40
25
66
92
25
57
73
75
37
11
92
15
20
81
41
37
32
35
19
83
42
35
96
2
77
91
27
8
63
7
66
56
32
85
0
9
42
73
84
31
84
77
46
56
10
87
94
42
22
65
78
64
53
26
18
30
17
45
90
32
5
9
88
89
94
41
99
88
14
35
19
51
64
65
7
74
52
53
69
26
19
47
42
72
25
60
54
42
57
44
74
14
53
15
56
99
8
55
87
22
42
6
73
7
23
33
33
27
86
2
53
5
1
95
77
78
7
31
20
65
28
47
31
33
14
87
33
22
94
20
96
37
79
22
96
2
55
81
30
41
84
35
99
37
83
76
16
90
60
88
7
40
87
39
73
1
26
6
75
21
27
72
58
58
46
6
60
1
87
42
94
23
78
93
13
61
22
29
51
34
69
11
74
57
50
47
10
76
54
86
97
33
10
7
91
56
13
3
9
53
46
3
76
76
97
89
37
19
70
40
53
40
51
27
97
1
26
7
78
32
45
27
65
55
87
8
63
52
64
72
5
62
76
82
38
25
23
75
44
94
15
49
34
67
28
83
20
54
42
50
87
88
78
4
95
17
65
59
69
29
83
75
91
11
9
81
36
32
56
32
26
23
33
12
42
61
95
63
68
38
13
7
78
43
63
73
60
28
84
82
9
20
57
52
31
66
33
20
98
89
52
77
65
86
89
7
99
85
22
19
75
88
26
5
31
90
30
44
70
15
26
80
35
35
32
18
53
66
38
51
7
43
80
72
29
70
80
80
7
2
0
82
90
78
39
74
20
69
