775
10
17
73
81
46
99
58
94
88
12
56
71
94
22
9
70
26
79
73
40
90
90
94
6
17
82
95
4
79
21
50
89
91
23
71
37
74
81
32
62
93
40
85
87
62
95
10
88
26
35
80
68
25
75
74
95
57
21
99
36
95
49
77
86
24
48
23
98
81
7
12
74
47
98
14
61
45
24
50
71
11
30
40
36
57
66
31
66
88
31
54
83
32
32
21
9
32
44
59
14
4
72
40
51
22
6
13
67
82
15
90
93
97
82
30
55
1
61
21
41
44
76
76
29
60
97
38
92
93
49
58
97
21
51
1
95
57
14
14
40
81
57
85
78
39
15
33
92
29
7
33
25
35
9
6
47
6
96
39
0
46
50
49
19
1
50
15
58
16
29
50
97
86
36
76
78
3
61
70
84
20
4
10
7
13
16
54
72
65
94
24
11
96
73
30
97
24
45
7
40
75
10
38
13
98
66
91
1
27
14
86
0
18
48
7
83
16
62
55
81
8
79
92
4
5
75
53
29
20
12
69
47
22
59
13
20
25
4
74
5
70
12
5
88
60
64
24
28
26
31
62
86
63
6
42
68
81
95
97
2
8
18
1
30
30
14
3
55
71
77
12
41
89
17
82
1
82
6
29
60
89
43
47
52
50
89
20
31
37
69
85
97
40
87
79
70
1
82
25
24
11
38
66
0
7
0
53
41
58
35
54
47
78
53
0
28
42
72
12
31
94
97
28
34
84
60
4
38
42
81
62
54
71
80
6
79
32
12
72
90
47
26
90
25
79
42
6
74
14
18
57
60
15
86
94
52
46
50
90
40
32
4
46
3
37
5
34
21
17
7
64
64
85
54
41
17
96
47
91
62
17
48
23
33
86
69
37
84
20
27
77
52
83
23
7
72
28
42
94
97
1
58
61
86
12
3
3
60
2
46
74
72
47
49
57
33
19
94
70
91
73
47
95
56
22
2
81
3
96
75
0
97
85
62
36
49
17
91
9
71
90
35
43
37
85
0
22
56
94
92
99
19
91
94
76
14
96
9
69
93
84
69
42
69
83
78
18
52
22
79
24
12
66
19
49
51
72
23
59
18
68
58
38
59
52
14
25
1
23
94
94
59
64
88
80
47
19
50
52
41
81
76
5
47
47
6
51
19
29
10
38
97
21
76
57
73
42
34
26
17
29
20
76
93
9
8
92
80
58
44
21
39
72
26
38
20
32
89
91
61
0
29
11
73
57
20
46
99
54
73
68
83
45
96
28
6
4
73
86
14
17
59
5
42
85
44
14
69
33
5
83
85
87
94
58
44
14
57
96
68
82
64
52
79
13
32
86
17
5
24
84
75
84
89
17
21
85
31
91
71
88
74
56
75
20
67
72
34
76
68
54
58
84
58
37
97
91
75
67
96
52
51
71
88
92
40
9
78
23
52
1
12
78
57
87
98
76
11
84
52
31
39
62
16
97
0
65
40
27
32
37
79
35
60
67
80
1
29
10
24
33
11
88
12
20
28
62
97
39
47
1
71
38
64
39
87
64
4
28
43
89
17
23
76
77
42
56
30
71
18
7
5
29
95
69
50
23
31
99
15
30
0
86
20
64
25
60
80
81
88
24
22
57
47
99
34
41
7
17
65
26
24
70
7
71
91
57
95
74
56
10
5
9
48
77
73
25
37
54
6
77
78
81
34
77
80
21
70
39
38
35
65
14
57
25
85
48
82
32
23
91
94
80
0
42
9
25
19
47
79
78
76
9
59
63
