728
53
90
52
99
11
40
51
7
51
28
2
58
78
26
25
16
81
74
19
9
71
2
43
12
10
6
72
20
9
87
74
14
77
79
13
88
19
17
48
23
45
2
81
75
80
58
92
62
33
63
71
56
17
14
69
80
20
41
0
81
28
74
95
57
53
61
98
25
30
98
48
75
0
81
50
81
39
94
43
72
57
66
29
27
80
98
7
53
91
7
86
72
33
82
29
39
95
27
64
25
25
12
52
78
45
54
11
84
49
6
9
58
72
38
85
52
88
92
57
31
51
44
3
85
78
33
24
73
12
40
50
38
52
2
16
49
56
79
33
57
85
42
16
57
32
53
61
72
46
19
4
49
15
7
34
93
92
10
18
5
50
68
43
54
22
11
3
30
90
89
88
27
31
56
84
16
9
45
88
7
16
44
57
31
52
43
24
44
54
42
1
56
62
96
11
36
59
66
67
1
55
7
28
39
15
12
55
76
58
95
84
74
40
93
58
44
88
82
40
94
77
42
51
91
38
14
28
98
80
47
99
88
54
28
27
21
92
82
97
2
77
33
29
69
78
87
13
67
69
54
61
98
96
64
90
86
30
70
36
63
17
36
51
23
16
78
44
60
12
93
63
89
27
92
11
5
79
24
24
0
30
38
99
78
2
41
17
85
11
53
48
80
41
99
3
57
29
99
18
41
92
33
82
19
25
93
77
56
70
1
56
52
39
7
31
94
48
48
79
11
1
79
43
43
30
98
52
59
97
22
52
90
55
34
61
32
80
90
88
2
92
97
54
83
4
85
77
5
85
8
68
39
39
12
82
69
10
86
80
60
61
84
2
68
19
15
1
51
6
41
53
98
90
7
33
95
45
63
52
30
23
72
69
63
36
3
84
99
42
17
59
3
1
61
71
72
28
24
23
34
18
28
84
8
88
18
3
33
81
7
15
4
32
37
67
68
92
4
19
34
21
78
89
74
91
61
47
20
37
22
6
55
3
91
64
91
9
19
24
90
79
91
94
11
28
14
31
21
18
51
7
91
81
97
65
25
10
64
97
99
39
3
55
42
94
71
33
55
90
9
97
21
0
92
84
81
58
16
2
28
19
61
71
52
10
88
29
20
53
26
20
92
82
27
34
28
98
67
84
40
76
81
14
28
25
98
9
35
66
63
63
85
25
86
90
35
75
19
8
28
46
80
72
80
59
6
8
9
25
44
49
53
78
15
81
3
14
91
39
80
6
54
18
31
41
8
19
16
27
79
96
25
59
68
5
18
26
66
79
3
10
28
56
88
96
89
44
10
32
35
90
39
41
60
22
82
68
41
50
48
72
98
73
31
18
31
1
44
49
80
47
59
61
55
0
57
45
96
19
77
31
61
16
72
22
39
7
90
32
9
38
5
8
64
88
78
95
42
23
44
74
22
55
35
78
7
44
75
3
63
52
86
25
21
11
47
12
18
89
44
79
28
1
39
44
42
18
39
84
93
35
58
67
42
46
97
50
42
72
5
58
77
92
83
98
3
82
10
73
23
6
52
3
60
92
47
2
62
86
38
55
73
48
22
16
46
20
66
89
92
23
47
69
15
82
19
70
16
81
43
39
88
48
43
0
92
90
54
54
29
92
9
2
92
83
18
39
3
36
28
48
60
27
69
27
9
89
50
