880
46
94
60
90
35
9
83
63
23
45
72
28
26
72
33
7
14
76
0
80
26
74
32
77
24
20
23
73
32
91
33
79
37
45
21
72
55
4
35
30
49
7
11
28
31
44
35
97
72
87
78
51
61
62
28
38
34
3
11
19
94
44
98
32
89
19
56
96
75
44
79
77
3
90
5
35
86
92
84
58
32
62
9
45
77
90
83
11
93
46
30
40
42
80
72
32
51
80
80
79
24
59
56
28
1
13
15
87
5
99
46
89
14
7
35
91
97
70
54
43
17
37
83
59
69
7
43
21
87
76
0
12
35
8
40
37
21
7
76
78
6
74
68
20
82
55
63
31
25
18
74
42
55
57
54
24
64
49
97
52
25
49
16
61
57
8
50
30
15
78
61
21
53
81
94
87
36
57
18
61
27
45
56
34
54
10
11
19
59
8
23
85
10
91
98
19
99
0
50
14
78
63
87
83
44
33
70
80
91
41
93
70
86
49
5
92
11
16
11
23
76
86
60
38
77
58
58
76
10
60
42
40
23
82
24
67
15
46
99
58
39
92
29
77
42
86
70
5
54
33
28
82
20
88
21
49
98
79
78
8
39
20
1
14
54
77
33
70
75
32
28
15
76
9
92
18
95
62
76
1
96
4
84
68
93
5
17
43
36
47
52
27
20
5
41
74
82
26
44
57
58
25
24
34
86
17
5
34
31
33
35
79
37
71
47
82
76
17
26
64
16
30
91
36
35
84
11
69
10
7
78
20
84
3
7
71
20
64
5
3
97
92
83
34
64
82
17
92
51
95
57
68
25
0
4
12
85
15
81
95
75
59
68
59
62
75
30
34
39
87
38
36
32
21
22
48
55
91
40
7
86
49
75
63
50
79
75
87
47
56
34
22
68
2
81
82
77
64
17
68
3
55
4
35
28
79
83
83
70
76
90
9
77
65
72
79
97
48
66
44
56
1
66
24
3
99
7
33
63
76
1
67
83
6
54
11
37
90
46
7
66
89
68
95
6
41
75
3
41
41
47
49
94
65
26
98
65
85
31
80
61
32
99
44
90
54
7
27
96
53
87
62
42
55
9
49
48
84
4
41
78
4
91
72
69
69
70
86
54
53
19
15
86
18
11
28
24
70
56
20
23
95
34
18
50
44
19
51
80
75
92
58
79
35
31
1
4
1
39
58
7
58
25
93
29
88
73
5
58
29
26
34
24
12
4
27
56
23
30
89
50
74
47
30
10
78
31
66
32
22
77
39
81
54
84
62
43
57
67
53
39
45
39
63
58
43
42
66
18
24
55
69
99
3
99
61
33
82
79
65
4
56
56
37
63
40
51
58
98
19
11
37
64
51
52
74
46
47
41
65
71
48
34
22
3
33
35
37
67
15
2
23
23
11
61
86
51
12
44
49
83
8
38
0
11
91
74
57
90
15
22
13
16
8
36
19
93
71
56
60
86
11
84
62
22
97
48
73
61
45
75
45
53
65
45
16
8
19
25
98
87
48
12
3
8
0
74
2
71
31
62
10
94
98
72
16
95
20
41
9
17
68
54
22
34
51
38
42
22
64
41
61
64
5
16
72
5
91
74
76
22
89
38
16
87
10
84
35
83
25
44
0
94
50
23
28
53
13
70
75
77
63
89
93
68
5
66
73
96
92
2
70
33
40
86
21
3
22
8
86
0
4
38
94
6
13
74
59
79
96
86
8
12
75
2
80
33
20
6
29
64
8
0
98
48
38
71
3
61
31
41
61
35
80
7
93
45
33
4
24
81
90
85
93
18
87
74
3
59
80
32
23
40
84
21
88
23
44
92
36
75
33
49
10
65
8
55
63
41
59
39
22
2
24
16
72
63
42
75
74
22
7
98
62
44
71
2
67
16
46
55
43
32
4
54
49
12
61
64
5
21
4
27
75
80
95
47
96
37
22
70
11
81
68
25
25
92
80
44
60
78
99
3
10
55
9
12
67
71
76
72
92
32
52
19
13
47
66
9
37
