338
35
70
11
5
31
9
17
4
66
39
3
87
88
62
77
25
82
69
20
74
4
83
92
30
44
51
22
79
97
45
89
85
15
52
42
46
62
59
3
28
99
6
15
39
20
44
64
2
14
36
76
18
71
21
48
15
72
22
47
69
68
36
6
35
89
48
82
3
60
37
31
11
95
99
50
16
43
67
18
9
3
47
79
75
68
27
42
40
50
89
61
70
26
68
5
67
68
39
70
28
76
53
39
24
4
42
40
0
9
10
9
12
57
89
39
25
68
82
17
70
71
31
40
97
99
46
16
19
37
86
48
14
92
39
90
96
81
30
96
90
40
58
55
50
99
94
27
19
76
97
90
48
28
82
97
79
80
14
98
18
52
98
84
44
38
74
93
71
4
41
62
96
51
17
98
50
63
26
22
40
23
12
40
51
46
37
30
27
3
80
45
8
79
29
4
69
55
49
40
59
91
54
7
94
23
6
97
87
84
19
79
7
83
19
10
29
8
92
56
64
72
53
72
3
34
28
72
89
78
65
48
69
19
8
15
95
14
12
82
50
31
61
57
14
32
19
96
40
11
52
56
35
6
28
39
40
57
63
30
87
28
30
56
0
90
23
95
56
36
77
6
19
90
15
34
74
34
30
66
97
34
23
85
92
3
76
85
12
39
67
99
68
97
7
20
40
31
15
96
67
44
3
86
86
18
72
60
5
54
26
2
41
1
39
33
5
15
18
17
55
85
69
75
35
76
95
75
7
10
71
26
6
26
65
92
45
89
52
