464
16
10
59
99
44
34
25
92
20
86
6
90
37
57
82
63
6
84
82
48
36
56
45
98
41
51
79
16
15
91
63
83
54
23
83
98
9
8
43
29
46
49
72
83
59
54
99
65
91
81
65
27
89
10
78
30
62
57
46
29
1
62
12
55
85
47
5
46
55
0
76
2
50
48
37
61
54
36
78
45
17
43
25
58
53
3
88
67
60
87
48
61
49
13
68
86
60
26
32
68
26
60
22
76
60
59
37
15
96
67
12
65
10
37
24
16
40
64
35
53
51
84
66
0
97
87
86
9
13
71
77
39
31
99
68
92
59
57
59
7
25
71
24
35
61
0
3
53
65
39
6
68
75
25
21
24
12
59
33
25
30
63
16
62
62
84
54
73
42
13
32
19
36
57
6
97
9
10
51
74
1
9
95
28
86
16
52
98
75
37
23
6
52
40
20
15
76
74
40
70
39
73
89
75
82
96
25
91
58
28
18
59
89
65
39
76
81
43
74
56
32
50
14
85
42
34
52
70
60
92
41
99
17
82
27
99
78
4
43
88
32
13
99
73
78
38
49
59
81
76
67
14
78
34
51
72
20
3
42
81
47
83
32
65
66
11
16
96
15
11
37
99
24
36
73
54
27
74
65
8
50
85
74
80
19
77
52
39
80
95
72
28
30
5
45
48
16
61
97
84
25
34
83
49
70
8
4
97
83
21
58
85
6
84
66
25
62
18
17
94
65
89
22
96
46
19
44
15
33
41
99
58
27
82
7
98
91
63
47
26
37
5
63
43
42
29
21
4
0
38
98
65
79
73
13
26
92
10
93
77
3
92
35
31
74
95
81
17
10
28
95
47
86
59
91
28
40
12
32
40
2
82
58
33
55
23
11
0
85
4
77
89
96
13
72
23
60
5
92
70
33
88
18
71
99
9
99
39
73
83
32
75
66
42
8
73
17
20
25
3
24
3
44
73
68
68
96
28
73
88
98
6
28
16
30
27
77
29
19
50
13
3
25
31
45
86
56
14
6
82
17
82
85
13
55
5
81
3
85
54
92
83
13
20
