651
0
60
17
96
80
19
74
5
82
55
27
75
52
94
98
46
41
45
60
98
42
52
89
60
2
32
86
89
17
63
19
17
75
88
13
55
7
87
12
41
95
91
68
99
85
67
45
78
12
5
76
6
9
66
18
11
50
4
52
67
20
71
84
47
59
50
3
18
89
67
11
84
59
80
83
96
47
80
75
11
37
3
70
46
69
88
57
20
45
10
39
65
33
24
12
45
26
67
63
67
35
27
52
46
7
87
42
6
20
69
69
57
73
39
4
94
80
13
66
25
75
6
42
9
82
6
6
8
74
21
75
61
48
79
59
55
19
1
13
39
23
83
48
48
74
52
42
54
18
9
79
93
15
73
54
97
80
60
57
6
82
84
19
82
64
78
90
35
31
3
74
54
38
22
2
13
27
97
67
45
6
99
38
73
72
45
22
52
57
79
58
39
15
29
74
79
7
64
66
39
19
40
45
58
15
0
71
94
97
38
39
55
89
29
28
62
26
50
66
84
81
77
75
96
6
49
28
66
13
94
5
85
87
2
43
54
2
14
48
99
4
39
54
46
20
34
60
47
36
26
31
17
55
6
66
62
56
46
28
21
40
85
6
79
87
1
33
42
67
81
93
72
72
48
70
93
34
30
40
71
56
23
40
64
81
58
78
89
4
6
11
45
43
69
76
82
23
10
24
90
43
18
14
16
18
84
61
4
14
53
27
23
76
68
87
57
78
65
47
83
23
10
80
18
31
56
0
54
66
77
45
62
47
59
78
17
44
39
21
10
92
49
33
20
69
72
29
47
37
28
30
12
38
62
30
22
19
31
76
37
60
73
99
7
85
29
24
81
20
97
91
64
46
77
84
67
49
66
15
39
94
97
51
33
60
34
7
31
17
35
20
77
9
20
36
46
1
60
27
22
9
70
38
8
47
23
75
49
89
90
88
35
40
91
68
52
25
27
83
42
63
55
71
24
75
7
70
29
19
97
51
29
19
89
37
67
64
64
68
5
55
8
41
47
99
61
99
77
41
34
71
4
89
95
28
17
54
50
46
74
99
49
55
18
90
44
37
7
8
5
64
15
13
57
62
65
71
13
94
12
99
17
16
89
12
96
58
67
46
56
93
45
5
48
63
47
44
53
54
4
58
71
20
24
28
34
89
99
0
35
11
99
52
79
40
65
75
50
84
73
6
77
70
63
77
86
63
73
39
69
77
97
40
49
21
69
84
62
68
36
97
32
87
50
11
28
67
39
30
51
12
37
80
83
52
9
69
15
82
8
85
11
57
25
61
31
46
97
93
67
33
91
99
20
93
62
0
60
1
31
63
66
20
95
49
72
4
70
88
38
30
25
49
39
2
62
70
49
59
64
16
44
7
67
65
0
29
17
12
83
0
75
49
20
22
50
93
26
20
33
16
2
58
17
41
12
80
64
61
39
28
29
84
87
48
1
87
30
70
99
13
71
26
62
91
48
64
36
26
36
21
