897
81
0
95
19
30
49
90
40
29
28
77
78
23
0
53
41
97
60
1
47
0
15
88
32
6
84
99
72
20
37
14
54
89
9
25
19
11
16
60
92
96
89
70
19
90
23
13
39
83
66
86
35
81
26
20
88
10
19
12
83
8
26
37
97
88
62
16
51
30
28
43
26
70
14
98
12
89
11
3
25
77
89
60
10
15
80
50
77
51
62
60
59
41
97
56
81
12
25
32
42
53
75
69
75
41
67
87
83
30
90
8
59
31
20
69
98
53
72
76
4
34
88
64
27
86
20
8
50
97
92
92
51
20
13
78
61
80
66
96
62
8
4
21
40
25
43
90
30
15
66
34
1
55
98
29
93
71
89
95
68
82
87
71
2
1
50
15
33
68
12
96
28
16
69
68
93
64
59
23
31
77
58
33
84
8
14
29
31
3
24
0
85
64
23
39
65
73
55
50
93
67
98
22
35
20
42
81
84
53
4
16
31
14
49
67
75
15
97
6
18
73
58
56
37
82
95
54
7
50
5
1
69
3
75
57
23
17
38
60
23
94
76
6
9
77
73
36
92
22
42
62
96
53
18
33
35
14
88
42
16
45
43
38
48
70
95
24
88
33
84
63
27
12
69
88
89
42
76
33
65
71
95
13
24
14
46
59
80
86
1
48
31
97
86
32
67
33
8
7
18
92
70
46
56
39
86
97
34
15
30
51
86
77
64
10
43
62
69
23
49
22
24
32
19
62
64
39
96
72
98
66
16
69
64
24
60
51
21
94
66
3
45
4
81
61
14
24
24
35
0
25
57
24
57
29
38
74
20
86
98
18
53
15
39
17
91
0
68
13
94
86
16
92
90
49
53
56
74
29
91
74
54
1
50
64
82
88
38
2
75
36
20
28
3
60
45
95
12
66
60
58
4
28
50
47
78
56
3
52
85
95
78
92
96
80
56
30
20
46
32
47
34
4
75
90
16
73
37
28
91
97
87
95
25
89
94
55
45
98
7
83
93
37
27
41
17
35
71
90
81
55
37
67
59
13
57
76
38
46
56
81
95
43
28
21
85
23
28
82
21
36
65
66
25
92
59
95
79
82
85
60
37
22
80
48
87
37
76
25
36
33
58
31
28
87
4
13
10
33
96
83
21
13
49
46
58
8
41
37
42
78
50
79
1
30
27
88
19
4
66
55
89
76
39
69
63
43
35
25
76
31
8
97
96
9
96
6
69
89
44
11
68
46
90
69
28
70
9
99
26
27
7
67
4
46
36
67
89
71
45
66
54
53
15
51
15
11
57
84
1
53
48
69
51
90
90
79
60
99
79
38
27
38
5
31
84
42
50
73
13
95
91
68
1
7
71
16
18
80
52
71
34
0
92
37
91
82
69
3
34
0
42
61
38
47
44
22
89
46
95
55
42
39
23
95
46
46
63
16
26
15
40
12
68
32
50
11
15
19
14
49
19
8
62
57
56
58
31
97
4
78
52
98
17
27
93
15
73
8
32
0
76
72
64
44
4
14
55
71
85
21
72
56
30
34
65
38
92
96
35
49
75
40
47
44
67
93
60
93
1
44
45
77
68
9
73
72
76
80
96
61
54
68
70
84
3
35
22
47
84
9
96
11
49
96
55
69
41
15
62
42
59
7
72
79
16
45
52
44
78
0
58
32
68
28
68
23
15
42
23
99
51
71
10
53
67
18
22
8
33
84
3
45
91
75
24
59
72
28
56
2
80
14
34
1
94
2
24
9
44
99
61
48
71
71
1
90
89
23
99
75
7
54
72
50
81
48
61
5
29
17
8
9
83
94
62
77
97
87
39
93
38
0
41
9
71
42
52
13
65
3
40
24
57
64
26
38
12
40
95
93
9
3
55
93
98
17
22
47
56
61
40
95
61
82
56
85
76
8
98
94
11
90
18
68
54
97
58
18
37
54
64
46
9
19
91
59
88
14
6
45
75
99
92
89
81
48
74
9
57
24
3
20
66
74
41
20
71
51
90
60
57
6
58
67
25
50
26
14
16
85
11
43
84
3
32
17
