759
66
52
50
61
79
66
94
12
61
61
46
54
42
27
39
0
2
22
98
69
12
74
56
91
65
37
11
10
44
13
80
62
17
31
24
96
49
70
60
10
83
7
65
25
86
4
77
89
78
75
10
90
1
66
82
18
56
93
28
52
58
9
15
27
92
91
76
41
13
36
3
96
95
68
22
82
24
51
23
54
27
33
45
80
51
79
99
7
72
79
12
83
40
27
10
32
18
38
25
83
75
29
79
22
49
53
56
26
5
79
80
84
64
77
64
16
56
15
75
81
95
87
64
87
66
26
72
36
65
97
19
92
78
51
14
28
4
71
6
61
2
86
45
67
64
62
35
72
29
62
53
76
2
17
64
20
96
36
57
61
33
28
5
64
79
71
44
36
94
50
97
97
36
95
16
52
57
3
25
86
65
78
63
19
48
79
40
44
15
49
57
0
77
62
64
9
85
8
45
80
58
42
29
47
37
97
99
46
0
76
33
17
7
48
89
55
79
29
51
94
30
8
94
7
22
59
16
7
19
61
39
78
56
20
77
93
17
28
40
17
5
25
87
12
25
76
67
4
57
70
50
87
78
44
94
52
55
63
59
27
76
51
57
32
71
34
78
89
62
70
58
67
95
97
31
72
73
98
28
30
20
78
17
98
74
64
50
82
79
62
9
55
65
66
88
36
52
66
77
14
36
88
34
83
85
65
7
59
16
35
41
36
65
11
35
91
27
37
73
6
51
34
61
16
52
1
5
4
67
34
71
55
74
5
90
60
70
97
71
86
84
64
23
49
27
10
93
54
99
18
60
3
53
74
19
57
27
76
62
95
63
85
2
37
90
93
49
60
42
72
99
27
37
74
28
64
36
21
71
35
40
83
38
45
57
10
2
85
38
16
32
1
53
86
91
43
31
40
56
74
13
55
53
2
81
33
18
17
55
89
52
47
73
43
44
82
5
98
67
43
67
51
97
20
90
88
16
21
80
72
47
45
79
0
47
60
34
66
29
41
7
33
40
80
76
36
63
81
34
82
77
53
86
74
74
76
62
42
97
42
14
45
88
45
97
87
5
31
5
86
24
13
19
16
45
48
52
8
81
87
43
58
92
29
32
66
5
46
8
54
41
74
99
81
19
49
68
76
32
26
62
57
39
34
73
84
82
78
45
63
65
88
22
9
69
6
28
74
53
36
28
94
63
80
75
34
29
95
11
61
21
25
70
12
59
96
49
93
74
46
57
91
86
31
0
55
37
28
29
42
17
9
88
32
41
15
66
22
63
29
36
36
55
6
49
66
54
50
60
28
96
17
71
82
0
24
37
89
52
18
84
21
79
72
53
21
40
20
95
3
49
31
91
56
38
40
23
44
42
83
25
90
52
96
72
4
20
61
93
25
31
77
46
11
2
52
84
42
24
79
97
25
63
88
82
53
81
57
97
75
92
22
66
96
19
38
0
91
52
93
16
83
23
15
46
25
19
82
19
43
14
16
68
77
56
2
30
89
11
27
65
3
50
31
99
21
21
99
12
73
45
81
9
68
48
7
93
19
90
12
62
4
80
82
33
88
37
63
78
48
90
43
52
92
26
3
13
47
55
78
73
0
11
34
20
11
41
65
30
83
29
44
87
9
26
72
97
15
35
27
64
26
70
68
70
96
23
36
96
78
66
69
30
29
3
2
40
96
67
22
80
48
66
19
9
44
92
7
60
27
86
76
5
57
44
28
5
19
64
