246
23
57
45
34
57
93
43
20
85
38
77
35
51
60
62
86
11
27
36
18
40
78
49
81
89
33
39
76
70
20
42
45
29
87
32
38
32
27
11
18
65
88
5
68
0
67
55
11
46
91
81
86
21
82
68
10
15
59
39
37
79
81
83
60
20
67
98
4
94
61
22
60
49
28
28
1
47
83
12
46
26
45
32
47
28
52
10
95
11
1
33
42
34
68
2
6
35
53
10
81
14
85
41
16
65
22
17
64
57
82
10
36
79
95
35
7
47
97
55
11
98
40
53
84
8
8
90
95
13
53
76
27
38
70
95
3
44
13
19
1
47
30
89
26
77
25
86
76
22
41
87
21
33
93
57
41
1
48
88
14
1
64
93
91
86
89
46
30
54
65
84
53
95
25
79
72
50
17
49
73
10
88
46
43
81
3
36
34
3
24
0
56
41
94
47
27
35
45
10
41
11
46
94
58
71
25
31
74
95
32
47
5
72
45
1
6
48
37
40
4
62
93
12
3
39
60
82
74
57
44
67
68
42
13
27
66
90
10
40
85
42
39
43
66
84
44
