704
39
24
39
59
97
56
14
5
16
22
52
17
1
74
34
51
61
81
91
29
22
66
53
44
27
28
47
70
26
60
83
18
36
22
77
33
30
43
91
98
66
43
15
67
17
1
18
31
83
61
60
57
27
13
1
6
41
1
29
20
13
12
38
49
87
15
35
69
59
26
68
77
69
35
96
38
37
14
69
72
27
81
81
7
95
83
65
88
36
94
8
49
59
98
98
46
14
85
67
25
11
35
2
32
23
98
23
60
64
92
84
43
26
65
50
21
0
16
61
36
62
70
37
21
68
36
19
34
21
87
11
85
74
65
17
49
15
40
9
31
85
45
75
11
11
25
84
63
93
45
52
56
67
89
29
36
77
49
22
51
88
34
36
14
51
5
64
67
98
25
98
83
71
73
46
34
51
82
97
44
27
49
52
47
91
82
35
68
83
57
19
23
43
7
37
95
13
53
62
11
79
12
46
2
86
44
36
89
26
85
85
5
87
90
52
78
72
87
46
7
97
18
30
40
25
19
35
38
73
49
1
52
62
99
6
0
43
42
89
21
27
26
27
14
16
31
92
40
19
91
47
16
9
29
8
34
49
96
25
74
45
78
26
59
78
84
59
73
26
0
95
5
27
22
72
95
53
64
36
24
7
35
92
16
65
1
3
14
97
80
88
94
58
66
54
36
50
65
10
28
66
5
33
45
79
5
40
84
22
76
9
81
12
1
50
29
54
53
95
51
33
35
98
43
1
52
80
3
17
42
83
83
99
68
80
78
26
21
62
48
49
23
81
13
77
31
42
31
36
37
35
21
72
33
65
25
85
45
80
54
39
63
90
38
32
70
16
10
91
30
10
93
6
91
6
83
23
49
66
59
86
1
33
11
34
98
36
71
95
17
78
34
32
68
72
16
38
40
26
82
70
36
75
28
28
81
11
3
82
78
14
69
31
47
80
18
45
68
89
40
37
19
26
70
87
98
38
26
90
17
60
13
53
87
41
33
68
53
88
51
83
3
72
14
2
4
32
0
24
74
92
62
93
19
84
33
69
22
11
60
39
71
73
45
58
66
30
78
19
71
81
54
26
5
21
28
9
5
28
34
31
21
48
77
92
32
10
61
6
21
21
98
92
46
95
2
13
25
80
84
48
14
91
74
19
12
3
81
17
83
15
49
4
15
26
48
99
88
10
5
9
83
3
53
82
50
7
95
28
39
31
76
53
22
51
73
86
6
54
4
89
21
5
46
88
83
94
87
23
4
92
32
40
48
37
22
98
44
69
26
83
0
55
89
75
6
62
61
12
68
17
1
41
74
99
29
9
94
16
32
50
8
16
90
8
53
12
59
49
33
37
85
86
92
74
61
50
36
74
14
56
44
68
97
18
67
78
80
61
94
12
12
54
81
2
63
34
67
74
36
0
11
21
86
56
95
99
6
83
74
21
39
70
89
88
88
56
66
20
70
12
33
82
66
66
36
81
0
55
55
36
8
67
9
46
23
4
46
81
87
72
2
78
42
43
18
82
52
84
3
22
96
88
56
15
54
44
96
6
52
4
95
60
23
4
6
46
9
4
79
48
76
34
79
70
77
97
5
81
34
8
3
30
48
