526
76
60
87
23
27
93
29
34
19
17
70
72
6
83
96
52
65
72
84
58
70
95
9
99
12
22
47
26
57
39
81
85
0
20
8
79
13
89
13
84
6
36
56
12
71
53
17
88
77
53
46
99
48
7
50
13
29
98
39
38
89
20
23
89
92
84
69
57
73
34
41
32
70
50
96
41
55
65
81
84
18
27
83
19
87
34
32
16
84
71
7
73
43
82
15
87
66
36
44
92
70
37
24
93
39
72
86
94
38
68
30
8
47
14
79
34
0
11
3
36
34
10
61
29
92
76
68
11
12
12
3
35
2
79
80
93
51
66
88
41
86
70
50
34
84
81
20
36
45
23
72
79
33
86
61
78
62
29
89
27
94
44
14
48
23
94
41
74
12
81
68
99
52
70
33
88
51
5
25
96
29
49
28
14
35
41
92
50
70
33
77
16
77
43
64
52
37
58
79
49
39
47
48
43
17
33
32
20
39
9
17
20
58
97
34
46
38
79
96
60
12
25
77
42
68
93
94
57
51
73
6
91
72
7
34
89
92
18
62
83
27
79
3
38
28
38
84
66
17
32
26
81
9
55
23
29
49
70
86
0
95
44
43
68
51
30
9
96
48
71
79
76
2
83
14
30
21
50
48
90
34
27
23
95
82
99
24
83
69
62
36
16
6
79
84
10
61
46
6
10
17
85
38
72
68
4
2
41
6
51
83
92
30
7
87
12
6
11
48
27
73
84
43
31
15
80
41
77
26
99
39
95
85
29
67
5
85
22
99
91
73
82
35
3
41
22
67
47
33
15
26
58
51
70
41
67
2
35
96
28
34
87
23
19
16
43
77
53
65
76
96
90
10
31
45
52
53
12
51
38
80
78
96
31
0
89
98
2
24
46
82
59
33
57
30
49
0
7
2
65
35
98
7
46
81
52
98
34
65
1
72
97
31
20
28
31
10
79
85
34
25
67
45
59
77
76
60
77
83
15
95
19
65
2
17
47
55
67
81
72
68
54
69
0
26
49
83
36
28
69
23
54
88
68
13
65
96
25
95
32
40
42
3
6
96
20
53
3
87
86
27
7
92
96
7
19
98
43
7
26
64
82
32
52
3
97
70
99
23
17
31
63
11
34
21
7
54
74
11
93
61
38
1
5
87
60
24
85
3
32
63
19
66
96
24
69
93
46
69
16
63
0
32
74
87
53
