606
87
5
85
10
4
49
47
17
14
36
71
61
79
27
16
77
36
64
88
33
35
63
29
37
74
98
22
14
17
50
23
56
7
9
18
63
10
17
80
25
54
3
38
33
83
54
62
71
70
51
56
57
66
86
95
92
36
69
6
5
71
30
13
30
91
83
45
1
0
77
26
54
81
16
40
16
71
2
87
93
5
44
51
71
82
46
16
70
67
22
27
39
4
40
69
95
23
15
49
75
92
27
30
25
44
22
93
15
76
81
60
82
77
11
5
11
9
21
33
77
96
60
68
0
52
37
48
75
4
97
50
49
24
32
26
68
54
20
35
31
53
96
65
82
59
70
45
69
44
78
46
40
38
14
40
90
3
40
17
60
37
19
61
62
52
87
82
58
59
18
41
64
66
6
46
25
29
91
94
25
69
92
65
59
58
57
49
14
98
18
74
87
38
87
49
90
74
84
48
86
54
90
50
20
48
49
97
77
92
44
2
62
36
19
73
47
29
23
61
79
41
87
66
31
74
16
21
0
52
22
38
6
64
89
26
12
38
75
42
82
19
96
44
8
68
70
55
97
45
68
76
86
7
42
70
33
10
91
33
62
65
24
68
29
13
46
94
3
22
88
85
41
36
82
1
4
52
8
1
97
76
29
35
35
72
5
68
82
49
54
97
66
78
17
48
43
64
42
98
86
82
83
79
18
17
81
23
21
89
76
18
18
6
6
5
78
63
74
12
64
80
61
31
10
79
79
53
43
73
51
81
55
86
12
25
56
45
48
77
35
77
48
5
83
54
10
13
69
36
25
34
16
39
65
78
18
44
83
61
69
34
94
24
73
6
49
29
52
50
6
39
27
54
96
62
60
6
75
82
95
52
16
63
91
33
42
9
29
25
22
98
12
16
74
85
75
75
66
27
25
24
18
4
31
14
66
91
72
41
25
67
46
41
31
37
74
25
47
55
50
21
53
62
38
27
99
65
3
65
44
80
90
62
37
21
28
3
64
0
97
90
20
43
83
51
32
10
76
31
65
78
53
71
41
43
98
92
8
53
58
52
86
0
66
23
73
94
26
37
46
75
79
66
70
63
69
3
25
45
34
90
76
39
61
17
82
12
9
42
17
19
94
3
19
12
26
92
58
5
82
5
80
61
23
51
76
93
6
1
90
92
44
66
32
5
35
14
69
97
57
87
68
3
90
88
68
17
32
26
22
66
83
54
80
59
57
56
52
63
10
94
8
54
13
40
59
0
6
81
97
63
68
66
19
10
6
87
79
90
65
53
9
49
8
89
8
65
45
12
81
7
58
89
61
71
81
73
72
87
54
21
51
74
39
22
84
97
61
64
88
26
69
97
27
77
86
87
95
83
51
28
91
10
69
4
33
