496
71
70
70
49
0
41
2
71
29
67
28
62
31
96
13
54
45
65
69
9
37
84
84
80
62
40
56
87
9
1
81
81
23
3
30
23
45
32
46
74
52
27
36
35
23
1
89
20
18
10
29
7
95
66
88
57
6
96
96
68
97
29
49
72
33
31
95
78
16
41
4
20
68
93
7
43
94
96
64
65
7
45
24
54
11
12
63
70
8
59
90
57
88
39
29
73
22
24
3
90
18
8
62
86
1
69
82
47
66
46
64
25
43
89
31
7
1
94
29
62
53
19
19
93
58
49
67
32
25
22
23
43
30
37
82
31
7
64
31
25
62
95
50
5
84
33
12
38
27
41
0
32
60
19
25
70
20
44
55
98
67
30
93
49
67
75
81
74
91
64
99
53
59
1
59
44
34
23
82
61
17
82
45
29
53
23
0
26
67
55
24
86
85
17
88
4
45
21
79
36
85
30
90
44
32
1
88
66
76
22
80
93
56
25
23
10
48
75
36
68
30
12
6
67
29
46
23
74
67
2
63
52
33
53
97
17
6
37
83
82
12
15
76
68
93
51
30
93
26
18
13
8
30
20
27
12
66
50
38
86
53
1
38
38
6
87
55
12
77
90
95
89
58
23
57
51
74
40
44
52
58
58
60
89
30
87
53
48
37
91
34
42
45
25
32
51
12
87
16
89
30
63
30
88
38
40
39
64
80
35
16
38
45
76
79
27
63
84
76
52
28
62
47
73
87
79
76
52
67
44
93
97
7
24
37
45
64
28
9
44
63
25
34
61
53
66
88
68
50
16
73
78
31
20
51
70
99
80
74
18
24
68
67
32
44
4
29
60
32
91
56
48
68
90
61
22
56
1
42
59
18
15
37
1
35
41
23
35
21
98
5
97
66
73
29
62
77
11
22
62
2
78
62
22
68
23
44
77
24
87
36
94
54
73
47
90
66
71
77
87
69
82
85
87
7
66
49
37
29
71
51
31
49
13
54
69
36
50
46
12
89
34
7
44
60
54
86
26
77
15
14
46
49
51
33
57
69
82
46
99
5
97
82
54
10
88
24
98
91
22
10
80
57
69
76
69
76
14
95
53
29
61
0
31
64
85
40
34
20
86
85
25
83
67
80
93
