965
28
59
67
88
89
35
60
53
63
83
18
82
7
97
15
13
90
25
11
71
12
14
98
58
34
34
25
29
85
67
33
65
79
52
5
68
39
66
73
2
49
91
84
56
41
99
69
83
76
80
55
40
47
5
99
33
92
76
14
77
43
47
94
74
51
99
42
90
65
16
92
66
59
76
74
52
28
43
36
56
76
43
97
75
48
96
8
40
72
23
69
67
22
15
94
74
15
36
16
32
4
9
99
16
37
73
68
17
69
56
74
97
51
23
72
0
71
32
92
95
7
14
14
30
81
8
56
96
45
72
29
1
33
80
69
71
53
90
40
74
46
66
71
98
89
95
50
60
80
94
55
87
60
70
69
42
78
25
90
75
50
71
29
83
51
98
6
57
88
47
83
87
13
55
37
3
2
39
15
82
85
23
70
98
93
91
40
23
17
82
51
19
54
80
2
5
30
61
14
71
8
98
58
73
5
47
28
59
86
96
94
23
19
64
21
12
7
13
87
24
96
38
43
50
70
98
7
1
59
74
24
19
72
82
44
29
81
73
88
19
69
82
42
40
98
64
4
6
77
91
82
73
82
78
75
52
76
35
5
87
9
29
58
33
63
54
62
44
27
50
15
48
85
58
88
35
22
92
41
99
36
76
25
18
54
0
22
82
35
80
21
96
61
79
29
25
33
91
21
13
94
37
13
79
95
54
66
69
98
8
20
34
36
45
4
90
98
79
72
85
59
93
82
20
24
11
97
9
3
71
74
49
60
40
80
7
94
46
76
92
6
48
79
42
94
35
32
44
14
56
29
25
1
11
98
77
23
47
87
78
18
13
27
30
53
7
37
47
53
65
92
12
14
23
54
60
10
39
4
77
95
33
2
97
97
52
26
20
0
13
50
70
79
77
1
32
36
90
32
41
8
76
53
22
99
8
34
9
47
38
86
94
23
41
43
20
93
70
92
93
35
42
16
14
71
17
47
59
59
31
1
67
7
54
89
6
14
75
67
13
13
6
8
89
99
3
9
92
73
54
38
9
48
54
75
72
23
74
31
82
5
32
50
12
39
91
70
5
67
38
19
32
96
79
21
95
82
83
39
8
89
77
69
37
83
44
9
6
19
93
41
24
25
91
89
16
82
59
74
1
49
93
34
45
24
7
92
6
90
32
14
31
9
35
69
93
80
30
51
51
23
92
75
1
35
64
69
70
76
43
71
25
36
57
23
12
65
15
19
7
47
85
39
57
21
8
2
53
90
5
4
14
98
31
67
33
48
36
3
24
80
27
49
16
84
72
81
49
40
0
9
87
37
48
44
10
8
98
63
50
4
19
64
54
51
31
87
99
68
43
23
0
70
24
68
6
49
49
8
89
49
17
76
39
17
73
1
77
71
65
27
27
84
92
81
87
75
21
86
95
64
61
95
86
86
64
92
87
13
52
28
15
69
4
6
86
29
7
15
53
24
43
80
61
87
14
48
62
35
87
10
51
48
57
37
86
21
81
73
87
34
1
54
55
58
60
94
87
19
9
92
44
52
73
5
39
87
53
54
74
40
64
25
41
21
14
27
95
47
53
34
33
6
88
89
16
0
35
56
19
44
48
63
49
73
68
88
12
74
94
86
66
10
63
59
32
29
87
79
77
92
13
10
50
1
51
67
53
38
23
72
83
23
36
84
97
56
24
9
82
19
96
49
29
11
8
13
41
47
92
18
91
57
80
94
10
84
61
63
22
36
36
57
59
72
93
56
80
18
66
63
37
14
64
18
25
24
32
18
24
76
36
15
86
69
9
96
5
22
60
79
58
96
37
70
20
30
26
52
48
44
15
37
10
79
8
88
56
92
6
80
68
95
47
6
64
9
3
21
31
15
0
42
11
37
12
83
20
90
35
20
87
3
10
49
34
18
37
90
10
44
70
30
91
18
37
7
79
92
28
10
7
28
4
70
18
68
5
38
11
40
10
98
95
20
47
30
90
37
72
52
33
43
83
24
13
72
31
92
64
59
54
23
39
59
93
57
79
98
47
90
90
58
88
86
30
88
68
73
25
40
25
58
35
60
34
0
32
65
44
48
76
99
23
15
10
16
73
89
66
20
80
57
30
20
95
61
60
15
34
37
7
11
47
95
72
81
95
56
46
40
57
74
91
80
90
1
97
15
42
63
35
74
72
18
47
19
31
59
34
17
97
94
28
44
