828
53
45
47
67
59
51
25
73
52
8
67
93
36
77
75
15
17
19
32
20
37
71
95
15
94
95
11
88
19
2
12
24
0
60
44
59
63
21
84
67
30
52
61
66
29
88
81
98
59
66
19
97
37
14
64
31
9
75
71
80
30
83
56
30
95
0
41
10
22
77
78
4
29
91
70
10
31
4
9
90
70
80
39
7
46
3
90
7
31
13
87
13
48
95
95
96
96
36
58
70
13
36
74
95
79
44
5
62
0
66
53
70
98
44
29
44
0
71
3
83
36
42
96
37
38
91
33
86
79
91
56
44
80
30
39
11
26
97
74
27
15
27
49
66
23
31
10
23
2
66
6
91
8
54
28
46
97
61
32
76
4
88
21
84
70
12
96
49
9
22
28
77
1
29
43
24
60
5
48
15
71
6
6
80
13
34
78
10
47
11
87
51
51
60
88
74
72
36
23
34
58
3
63
59
32
6
83
93
63
83
8
35
42
66
67
55
52
45
17
51
56
4
54
60
64
42
34
89
30
57
23
88
12
86
99
44
44
35
37
7
70
97
94
12
15
13
19
67
59
37
18
67
93
73
27
10
67
13
99
98
22
74
38
34
12
38
79
56
73
68
15
95
66
62
60
81
75
31
1
34
68
71
54
14
44
33
24
64
47
75
14
69
1
52
4
13
42
83
21
67
51
88
63
69
50
23
3
26
54
56
12
75
27
18
41
24
52
65
88
99
92
2
20
93
6
76
6
49
59
79
16
63
67
79
84
18
54
39
96
9
95
60
36
23
79
77
99
31
94
87
82
38
41
54
31
47
31
89
48
42
68
65
57
87
96
42
5
51
81
53
12
77
14
0
52
93
29
51
76
23
90
10
13
83
16
44
82
47
85
31
90
5
48
47
92
44
41
50
47
75
3
11
4
69
11
56
14
40
59
42
15
1
4
28
84
21
24
66
20
9
49
10
66
49
10
59
46
3
61
93
78
16
57
82
86
20
90
52
13
49
95
28
50
51
9
86
72
85
5
93
47
6
55
13
56
17
24
2
21
85
47
51
2
4
34
40
25
76
92
38
26
39
18
28
91
79
67
15
65
72
8
64
30
16
77
86
85
54
88
6
39
88
10
93
92
96
33
69
72
78
59
50
69
78
79
60
9
98
76
74
70
36
90
52
4
68
39
90
22
79
48
13
67
58
59
12
54
92
81
27
22
41
77
92
71
8
4
80
6
32
7
28
69
97
81
25
17
72
15
91
51
64
57
71
22
16
83
29
60
16
56
83
57
85
27
80
46
83
13
52
16
20
33
37
69
66
62
87
38
78
30
41
42
87
12
16
3
95
45
64
12
53
99
21
91
78
54
37
61
67
41
77
39
74
66
8
92
29
47
30
59
78
24
53
17
36
69
73
84
67
89
48
72
88
21
63
18
75
0
79
94
42
9
33
68
75
94
61
56
41
43
15
71
67
68
41
4
90
14
40
9
3
88
81
43
9
97
61
37
97
40
31
91
49
65
12
77
59
73
33
52
68
1
24
36
69
65
92
11
31
84
72
34
72
6
77
33
3
38
70
52
30
2
44
80
67
8
9
78
33
42
30
1
43
6
89
65
23
33
28
54
17
1
40
41
7
69
75
62
7
45
14
90
47
10
22
66
18
31
96
51
73
27
53
69
85
94
86
61
28
14
67
97
67
8
39
74
77
14
88
37
59
3
27
59
13
49
25
84
80
22
35
5
1
40
26
38
35
12
99
15
79
67
12
46
27
3
73
4
17
61
93
29
64
20
88
30
21
65
14
53
87
49
11
40
42
37
79
29
50
30
44
29
49
8
27
76
12
0
33
29
62
26
58
78
99
98
8
72
64
74
26
51
24
37
44
18
26
