227
59
16
69
35
26
15
88
34
38
96
90
39
21
5
22
55
46
18
34
62
71
51
18
78
79
29
81
36
34
60
7
93
29
28
29
55
43
69
41
33
65
32
72
38
89
47
93
87
65
27
49
88
31
68
67
62
49
48
98
83
60
57
28
41
86
9
97
81
79
90
15
96
74
87
35
15
34
28
2
51
8
52
40
91
20
7
53
21
7
3
56
19
61
84
61
99
94
10
80
25
52
95
21
27
83
8
94
69
89
97
21
49
49
61
92
21
20
45
42
79
0
50
98
61
34
59
60
80
21
93
5
74
88
79
53
23
39
47
93
28
44
14
77
45
27
69
18
99
66
12
78
67
62
76
80
97
88
93
29
61
86
35
35
26
66
40
50
5
88
95
34
84
61
63
82
88
85
0
87
51
13
17
70
27
93
51
76
33
96
6
95
34
93
82
60
59
23
62
16
63
57
2
47
18
18
81
58
3
82
97
54
47
14
77
74
60
80
51
45
76
9
40
10
2
75
22
13
