926
89
18
5
46
74
74
8
45
2
10
99
64
0
36
67
63
86
87
29
83
51
76
43
98
82
40
57
18
20
99
21
61
70
78
59
96
53
19
41
7
82
41
71
82
29
90
45
67
30
74
50
81
51
93
79
85
86
89
55
58
88
28
20
10
6
31
6
11
51
48
18
33
41
41
67
70
32
12
37
62
38
40
95
41
85
26
78
71
15
33
30
56
61
2
66
68
85
25
31
36
73
50
21
66
43
40
88
75
52
77
89
43
17
84
84
55
11
63
26
78
96
8
86
10
62
5
30
48
30
61
36
55
11
58
21
55
50
61
82
55
38
72
98
8
8
82
63
71
97
89
50
46
50
36
56
12
41
86
60
23
99
49
78
63
59
99
18
9
12
52
64
51
76
62
59
85
97
22
56
94
63
58
92
13
95
0
78
88
86
90
12
38
39
42
1
98
94
19
8
6
23
72
57
0
87
16
85
84
90
93
30
54
52
23
19
99
23
97
87
62
88
51
0
27
46
53
78
40
24
86
46
47
10
4
47
97
72
84
33
63
78
64
69
30
39
88
29
14
86
68
28
26
72
80
5
18
33
83
58
57
21
56
57
84
60
4
81
85
89
67
0
19
83
69
49
22
57
30
88
95
50
69
21
22
49
79
92
35
62
2
92
36
59
49
20
19
6
53
56
47
20
56
66
3
25
67
77
83
49
66
30
99
35
52
74
36
83
66
71
97
69
16
33
28
17
5
99
23
59
56
22
31
64
40
35
90
59
64
25
8
82
55
60
69
59
34
6
42
52
29
40
73
45
25
53
15
31
53
38
42
61
13
73
25
53
60
67
13
25
92
73
7
0
33
77
11
67
83
6
72
64
98
45
10
23
99
25
6
4
15
48
65
80
22
42
34
82
10
99
7
54
72
67
6
6
44
18
25
79
24
97
43
22
95
5
97
94
82
4
98
50
52
15
30
74
57
16
57
19
15
16
26
40
35
32
46
79
50
23
10
26
73
6
48
68
63
46
14
46
50
12
96
54
27
78
29
36
95
38
8
10
6
34
50
42
18
48
73
69
24
36
47
97
42
96
17
57
94
31
3
96
95
51
50
74
30
31
10
77
69
70
87
76
4
90
70
23
90
43
44
14
79
91
63
73
39
32
31
85
63
86
81
58
90
84
32
72
15
95
49
37
65
88
65
22
78
35
97
21
30
41
35
62
84
51
87
24
83
70
61
99
57
95
57
47
79
42
71
46
37
20
83
54
8
0
76
39
87
25
60
18
66
47
32
3
98
19
27
82
90
88
33
99
35
90
98
14
84
69
13
73
89
48
28
49
49
56
88
36
82
0
6
0
48
38
3
46
10
82
80
52
23
13
51
58
56
49
73
40
70
38
14
11
86
94
60
35
50
1
24
84
1
30
85
49
69
88
48
31
71
80
83
94
94
86
4
2
87
29
42
57
67
8
68
54
2
80
41
5
33
65
89
35
96
74
36
17
15
84
48
86
65
83
32
11
69
36
65
8
66
59
65
85
68
85
39
22
17
81
27
51
46
17
38
94
43
74
11
58
11
11
44
76
46
28
39
67
17
4
75
35
63
92
20
83
29
12
6
47
93
33
50
91
2
88
38
46
62
1
4
73
13
1
1
11
81
92
79
50
96
54
85
12
47
6
95
76
70
53
75
15
39
25
6
41
65
96
39
80
98
96
5
63
49
7
74
30
51
53
33
0
60
18
12
59
76
59
87
46
13
63
61
4
40
20
45
6
16
37
86
14
33
43
29
34
50
4
16
54
57
49
54
69
68
18
28
44
29
16
43
94
31
4
98
71
76
96
29
93
33
67
59
18
11
89
52
13
45
68
67
54
70
73
24
38
91
52
34
21
20
29
15
51
34
14
75
62
10
4
7
95
72
19
13
35
8
17
48
5
37
68
59
7
41
83
97
33
88
32
6
8
61
21
12
47
87
87
62
49
91
69
44
15
88
9
50
48
78
51
53
16
19
13
23
60
48
21
93
36
5
99
97
18
73
61
18
60
48
80
62
91
49
6
59
90
68
61
38
46
12
44
62
31
57
38
44
57
11
89
46
68
41
43
86
14
56
