318
48
91
54
97
36
18
21
76
36
65
84
97
21
31
36
74
35
5
88
93
35
52
39
76
73
61
66
5
54
56
75
54
99
30
51
87
0
73
64
89
90
0
86
11
31
75
37
67
32
25
12
19
30
3
95
3
64
13
9
70
21
36
25
20
18
28
8
19
53
24
8
43
76
46
6
7
21
44
26
5
21
38
25
51
93
20
7
9
86
16
80
7
4
57
28
75
85
88
94
39
64
54
34
40
52
41
99
74
85
26
79
6
64
56
10
10
77
17
19
63
85
99
70
41
8
50
16
94
90
10
85
54
16
19
46
69
12
46
95
49
72
26
8
88
83
18
98
60
87
70
75
72
69
97
65
30
0
82
24
90
44
61
97
61
32
95
82
45
93
77
94
65
3
2
6
86
20
56
98
59
26
25
83
48
75
49
78
75
31
54
17
75
15
66
88
47
14
70
92
7
47
39
25
3
41
31
41
14
87
40
73
66
17
57
14
92
6
44
19
89
98
89
64
13
7
5
12
21
75
5
29
23
44
54
78
37
37
19
51
76
11
77
42
29
34
8
73
92
52
45
33
2
34
49
15
93
54
28
15
30
85
96
5
81
2
83
18
91
2
70
67
14
47
62
95
33
22
20
77
75
65
10
77
51
59
45
97
14
25
12
96
10
60
1
91
62
36
9
5
90
31
72
56
30
34
51
15
9
24
92
36
89
54
65
93
66
10
90
