484
43
66
64
19
48
91
39
75
50
37
10
39
97
42
9
47
10
39
6
74
91
39
75
81
71
82
87
82
75
95
91
71
62
7
42
10
98
81
37
0
18
99
91
15
41
0
15
3
91
21
78
83
12
5
64
83
39
4
17
15
99
8
38
13
15
80
75
65
61
64
17
31
63
8
99
5
60
14
60
52
35
38
87
99
43
51
82
83
7
52
50
59
12
88
24
80
20
0
97
81
16
15
64
80
23
63
37
36
77
97
88
64
88
75
63
31
78
98
66
38
50
68
97
14
8
21
94
28
73
92
9
90
7
74
70
82
37
59
18
67
56
58
31
44
85
95
28
16
93
94
54
95
15
51
9
23
72
56
52
46
48
13
88
7
87
58
41
77
69
12
96
25
22
27
22
8
74
2
24
19
48
78
14
63
81
76
87
5
32
39
3
32
52
91
91
92
1
84
21
70
96
17
48
71
96
70
31
71
72
7
90
72
37
57
36
18
33
23
23
65
14
79
49
18
70
40
10
72
24
83
42
73
52
90
96
49
12
27
20
36
34
62
9
71
19
97
41
52
20
64
69
86
95
18
4
66
10
67
90
87
50
32
12
3
75
8
52
39
87
24
76
21
38
37
44
58
34
85
62
6
1
32
92
97
2
96
15
65
63
5
52
66
89
16
69
64
76
73
4
63
49
32
36
87
21
80
45
55
17
8
61
18
92
5
67
46
1
82
11
17
39
15
83
29
83
52
45
59
77
1
22
26
33
58
13
6
90
11
61
7
19
74
78
63
31
97
61
33
32
73
2
71
40
85
0
24
89
98
83
18
99
58
44
85
16
9
91
59
20
5
66
91
79
96
54
11
94
16
96
78
41
98
49
33
35
2
57
76
0
93
94
51
51
38
36
19
99
28
78
20
33
97
11
64
93
18
27
39
34
75
17
27
25
19
60
60
73
18
88
25
11
82
76
14
72
13
33
72
93
12
92
78
9
55
42
2
73
22
94
7
97
63
86
23
82
47
35
7
17
24
32
80
58
61
94
31
26
27
55
71
39
99
49
0
54
43
55
80
65
49
39
63
12
26
38
47
73
73
6
90
97
39
22
56
