672
24
76
7
94
68
57
11
8
71
37
48
30
82
83
38
3
27
82
5
47
48
4
44
80
70
3
92
57
98
56
51
22
84
11
16
52
20
79
61
44
16
61
26
99
96
64
54
75
99
59
23
47
15
67
28
85
23
72
94
21
28
98
95
12
61
12
65
81
91
78
77
60
91
3
11
87
20
65
15
19
76
38
66
91
5
94
28
80
66
75
1
46
25
97
59
38
61
76
19
4
6
49
64
97
4
75
36
24
92
51
43
68
89
10
11
47
56
92
27
75
19
81
21
44
78
32
82
91
8
53
95
14
54
12
63
59
39
0
83
32
3
79
52
45
41
16
44
49
8
23
24
79
4
98
75
34
30
9
25
91
14
21
5
69
33
69
80
24
21
63
56
24
94
61
21
35
77
17
85
37
41
61
16
97
11
91
32
42
0
57
33
66
30
90
35
15
59
15
40
80
31
48
57
25
9
30
13
86
48
98
23
89
59
91
38
23
34
70
65
86
80
50
53
62
40
88
30
52
56
70
84
39
70
93
16
80
24
29
18
72
79
94
13
39
85
51
14
72
74
79
58
54
81
11
68
73
52
98
77
8
20
62
99
91
55
15
23
31
45
41
3
24
87
68
15
25
72
29
97
46
60
55
52
93
19
72
19
71
71
96
31
91
10
30
34
66
45
9
97
90
3
53
67
90
73
34
15
97
64
64
95
76
20
99
70
91
72
89
62
43
37
93
86
48
23
73
66
68
82
15
11
85
68
30
28
94
64
95
91
28
60
87
57
32
86
27
23
10
68
85
5
5
30
44
5
53
17
71
73
51
87
84
89
7
14
17
1
79
64
45
59
24
84
16
8
22
95
83
33
15
68
38
73
50
34
78
3
3
50
77
55
89
13
96
96
80
65
50
11
29
95
22
6
79
91
14
53
86
98
86
54
18
77
27
69
11
5
24
15
7
53
22
96
67
18
45
99
35
95
10
64
42
32
22
73
23
37
26
62
87
65
16
57
94
43
78
5
0
55
72
60
8
46
8
27
16
53
26
51
48
36
68
90
21
90
63
44
79
42
58
66
7
74
76
1
69
54
58
22
9
83
82
70
29
90
97
98
44
24
49
44
12
17
87
33
60
2
30
39
44
88
58
51
15
34
52
84
40
63
6
50
46
40
72
75
83
69
73
79
45
75
23
10
44
62
43
4
65
25
96
9
14
54
61
29
88
65
65
28
28
24
30
74
64
2
2
99
24
27
78
69
54
54
79
99
16
75
55
81
0
51
91
66
5
4
47
45
21
13
74
50
37
56
76
53
59
78
53
83
58
83
4
12
37
36
63
54
11
19
87
63
22
78
30
28
34
77
73
56
42
99
58
79
56
34
85
67
65
90
50
75
73
6
87
11
42
51
17
5
22
4
69
44
35
51
24
69
28
50
77
23
49
87
2
57
74
39
24
91
29
26
66
3
33
5
66
27
8
83
33
30
87
54
27
74
5
51
96
85
53
73
8
55
13
63
12
87
2
89
78
84
15
