861
17
75
13
15
81
68
73
15
61
50
34
23
68
6
90
16
69
95
14
70
43
84
99
8
98
46
69
52
52
87
5
21
14
18
89
96
39
62
63
0
12
49
75
32
56
18
1
77
65
67
47
8
51
99
16
1
45
37
53
49
24
59
71
91
29
60
39
68
22
54
21
86
4
96
70
60
66
71
37
31
38
85
39
42
84
7
43
81
44
49
30
21
8
1
12
89
13
3
10
35
57
31
73
61
79
44
21
98
67
59
29
58
96
69
52
32
76
95
13
73
96
95
94
56
49
58
46
62
61
56
50
18
39
23
32
70
19
53
68
87
64
50
97
60
19
49
92
47
96
57
72
93
5
18
49
54
76
47
68
89
55
70
60
94
94
92
17
65
45
37
4
10
87
1
22
58
50
15
58
47
24
82
40
29
1
41
35
77
89
4
19
44
26
79
91
20
71
60
38
68
49
42
78
37
44
53
47
94
68
57
93
44
40
85
74
41
27
9
70
68
65
41
64
92
20
7
64
43
67
2
12
17
45
42
6
41
95
5
87
63
63
81
8
55
66
34
48
45
95
18
65
61
60
30
5
32
37
69
76
57
24
88
74
69
82
32
62
78
37
49
93
52
30
53
7
49
87
55
46
83
26
12
96
38
42
1
22
79
22
98
36
46
38
62
67
21
94
29
99
84
79
44
88
61
98
48
10
37
55
57
20
81
69
68
71
63
69
94
42
92
44
31
90
83
45
58
56
92
87
7
76
18
51
16
80
49
64
42
87
20
51
59
53
20
80
25
35
49
71
30
93
15
61
84
50
6
94
58
50
81
65
26
0
69
95
32
18
59
74
57
31
26
69
85
98
1
62
34
50
33
64
96
0
77
32
3
35
26
61
86
59
79
64
11
48
59
43
18
71
70
28
2
96
49
39
46
50
1
80
52
86
96
0
39
73
32
42
61
10
55
47
70
86
11
81
34
71
77
5
94
47
85
96
95
34
36
41
84
89
74
88
76
22
89
15
48
21
9
9
84
16
56
54
55
67
87
41
90
64
46
84
63
31
33
58
17
69
52
53
10
26
42
86
0
31
53
48
4
14
57
88
83
13
94
38
33
82
79
75
98
26
60
62
9
45
72
27
66
24
80
76
2
74
63
3
5
68
51
62
83
61
2
66
26
97
4
59
31
83
87
81
61
99
43
23
44
68
50
10
92
82
86
95
57
1
50
14
70
53
28
5
14
31
71
41
80
27
52
11
62
39
44
76
38
88
99
34
56
1
44
0
83
31
47
92
84
97
59
54
51
87
59
17
70
82
58
50
61
63
13
76
54
58
52
45
98
3
79
6
4
24
6
87
7
54
32
91
51
91
98
54
78
9
72
49
44
82
51
5
45
65
81
0
75
85
45
73
88
76
79
92
52
85
32
59
91
64
3
43
55
53
49
85
14
21
86
58
56
38
64
1
3
97
53
30
35
50
3
75
27
82
68
79
19
52
91
11
16
46
6
23
51
7
60
65
81
47
24
37
85
40
90
40
89
96
70
76
46
73
52
25
7
20
57
78
24
0
41
40
98
99
15
49
7
75
66
40
74
42
77
59
82
67
99
24
63
21
0
62
94
52
39
53
24
96
32
48
48
25
40
46
25
7
47
84
83
14
24
9
56
1
69
91
20
20
15
36
42
67
50
88
20
89
42
44
38
26
93
86
3
85
33
28
93
32
64
28
46
88
37
55
41
58
46
14
79
13
2
73
80
52
61
0
41
55
97
79
33
42
66
37
27
51
17
72
83
82
0
82
22
38
37
16
96
35
82
27
48
84
0
80
36
62
33
29
69
82
61
3
24
79
40
3
30
57
76
65
91
28
99
14
66
36
82
15
23
64
42
23
48
95
4
36
9
89
65
78
71
26
81
47
5
73
50
87
31
78
5
74
7
4
88
25
93
22
40
16
86
35
40
34
