637
23
51
57
64
17
28
66
21
4
99
1
3
51
17
82
11
16
65
70
68
27
26
57
40
37
41
12
4
80
99
41
55
2
98
71
72
78
37
93
35
37
47
38
40
16
72
3
84
89
74
52
17
52
10
57
89
3
69
46
84
20
87
91
75
37
63
47
67
52
92
2
89
91
92
82
8
65
85
92
54
59
97
23
11
7
81
53
10
2
99
46
75
86
90
50
23
5
97
90
57
41
45
99
33
37
81
93
54
66
85
61
26
82
84
89
41
17
42
52
20
41
50
47
79
40
97
54
97
46
97
55
87
42
54
20
79
35
13
86
53
51
47
31
85
31
21
79
1
15
31
73
9
33
20
88
26
17
43
23
63
40
78
50
34
84
23
65
71
88
51
25
91
98
56
77
82
77
56
83
45
39
56
54
24
76
42
50
93
37
74
8
29
4
58
63
41
33
29
12
22
80
37
13
79
94
42
13
23
50
96
20
41
4
74
66
80
69
16
25
6
42
33
36
99
43
51
40
77
80
52
51
61
42
16
92
88
59
57
63
61
53
84
3
57
10
69
89
79
37
14
86
32
99
74
83
42
25
23
71
58
27
22
71
69
91
63
9
50
20
73
63
25
9
66
34
19
87
23
99
77
37
37
61
88
63
44
30
88
67
54
98
46
76
69
16
67
84
25
69
56
50
85
81
59
51
15
31
91
90
30
68
27
19
29
67
82
25
98
22
92
52
21
38
80
90
6
0
27
84
21
83
86
6
65
46
10
32
77
1
23
59
21
2
30
2
70
64
27
20
86
71
24
59
61
56
2
68
56
29
4
30
12
90
36
29
36
46
14
65
99
37
76
72
91
6
74
13
70
53
33
9
24
9
20
86
66
74
6
22
55
10
52
20
0
41
49
89
39
15
6
39
4
83
11
96
41
38
61
64
91
47
25
68
56
97
54
22
72
12
97
79
22
1
99
74
42
1
63
34
16
22
73
21
5
36
69
98
26
30
14
18
77
91
86
34
89
92
8
13
4
5
92
78
59
92
52
1
45
68
87
61
90
12
34
47
49
3
97
75
86
12
45
15
55
83
1
44
75
10
9
31
67
54
61
26
98
14
80
43
82
67
4
24
80
91
71
81
94
68
8
32
32
54
48
88
37
49
84
65
59
94
48
79
0
10
5
98
76
85
41
10
5
97
34
85
40
5
18
87
25
26
19
58
80
67
46
70
69
82
35
80
76
35
59
28
45
65
26
21
2
19
31
7
69
17
44
9
74
62
96
0
89
68
58
21
87
56
91
56
38
78
89
67
66
48
95
11
65
74
85
68
45
68
27
14
86
72
76
60
86
24
12
75
92
70
49
32
78
92
88
17
71
77
36
37
78
31
0
43
57
37
63
3
6
43
69
44
67
45
56
53
70
69
81
14
91
30
46
22
22
87
39
45
16
75
34
46
