222
82
91
93
30
16
67
28
7
42
15
75
9
58
47
28
98
33
26
56
14
32
4
26
16
14
72
1
82
70
49
31
52
41
77
82
9
96
11
68
39
78
44
48
88
43
28
86
28
54
94
43
38
99
21
54
65
93
56
48
63
5
31
15
98
8
50
60
5
13
80
96
43
76
44
31
20
24
69
48
78
63
43
17
14
65
71
32
58
27
32
22
85
15
89
35
24
91
47
81
4
28
29
99
4
25
30
76
49
51
25
79
67
20
96
33
85
20
65
44
99
49
18
36
65
59
24
41
51
71
74
7
99
3
7
56
28
37
32
77
89
9
8
56
30
5
89
67
77
7
63
28
56
81
65
73
41
89
14
92
60
88
99
12
91
58
20
71
96
4
0
37
14
9
45
96
66
86
15
43
45
79
71
2
12
88
27
53
77
42
97
90
82
49
2
26
7
74
97
55
78
98
44
44
59
89
40
25
28
8
20
73
87
91
27
99
32
55
5
9
49
2
51
