207
43
90
77
91
36
7
23
85
92
21
52
21
52
61
82
26
99
11
28
99
12
96
24
30
72
47
43
1
49
6
37
44
96
15
36
32
22
59
69
67
32
73
88
84
34
22
62
33
33
91
85
97
87
9
28
11
56
71
65
5
77
2
50
25
17
38
57
40
49
78
59
33
51
47
18
86
69
32
71
2
23
56
52
62
65
80
26
22
51
91
79
81
93
81
6
63
71
16
55
20
46
14
54
98
61
24
36
82
8
7
36
84
16
88
46
81
20
24
55
24
67
87
5
13
68
63
76
92
31
83
64
78
97
18
28
10
94
64
44
3
71
80
87
87
21
85
21
41
62
28
65
29
15
22
94
36
86
70
28
69
5
92
47
2
63
27
64
9
91
60
64
15
41
51
54
62
89
75
55
3
4
21
32
71
43
27
7
81
49
35
51
55
80
50
9
95
78
26
4
21
86
69
36
79
72
43
93
