687
11
56
72
1
11
25
36
20
50
54
62
20
87
57
37
12
21
48
69
2
6
88
27
40
46
29
31
77
80
0
64
91
8
37
44
20
62
80
92
65
86
55
85
73
64
75
37
85
75
58
39
81
46
18
22
93
47
5
70
79
57
35
71
66
24
15
38
86
48
30
51
86
85
89
60
49
64
49
87
39
8
26
73
54
45
47
99
44
52
22
24
61
9
47
27
33
14
65
19
62
48
23
1
85
64
13
87
28
62
74
19
70
0
92
77
97
39
76
42
43
50
18
5
59
65
84
92
79
2
64
94
50
39
95
87
3
8
74
31
22
48
2
45
1
95
22
98
86
50
92
30
1
62
87
12
79
23
5
59
25
21
5
27
60
52
15
63
12
89
46
34
90
48
79
91
95
53
41
82
56
86
64
9
0
51
21
80
74
78
39
52
99
96
79
11
48
46
26
12
88
72
46
78
73
78
21
68
83
62
2
39
0
66
0
1
69
22
81
96
52
72
0
52
68
31
15
68
78
42
80
66
66
78
44
39
56
65
60
92
79
14
31
80
33
32
33
54
6
14
2
58
38
2
62
58
34
78
26
64
72
58
30
38
36
26
30
45
43
42
37
74
56
20
6
89
52
39
96
10
5
98
21
43
1
83
1
35
13
79
99
85
37
81
76
74
59
6
71
2
48
8
76
4
28
83
46
33
74
42
43
80
40
16
75
93
52
77
80
65
8
31
3
46
12
79
72
71
85
43
25
85
3
54
41
31
37
87
64
63
81
60
95
74
76
71
19
28
0
0
46
8
31
49
6
44
80
30
67
65
73
93
2
76
99
43
60
88
83
76
51
16
36
47
90
65
70
62
45
70
62
43
30
45
44
37
41
24
67
9
41
93
54
43
21
53
87
33
41
22
10
44
38
98
91
81
15
61
43
61
83
5
56
14
50
1
3
92
25
22
53
19
67
59
62
41
12
1
74
5
23
84
49
62
35
93
43
50
6
38
63
42
43
20
56
45
21
11
89
98
85
94
17
53
53
32
94
17
85
20
74
61
5
76
23
40
69
18
42
27
56
6
69
51
26
77
48
99
88
90
49
74
84
67
79
38
51
25
7
88
45
82
49
2
58
72
94
27
42
37
6
50
43
76
1
21
53
2
20
94
92
69
20
76
88
99
66
91
24
74
80
21
56
29
24
14
54
18
93
96
55
99
99
50
75
0
71
81
54
91
75
46
13
95
75
1
46
41
93
22
15
25
43
23
54
67
37
60
38
82
57
45
82
8
96
9
8
19
42
15
63
69
61
76
16
88
29
62
30
22
84
97
99
80
21
54
47
10
14
37
93
23
83
27
31
31
88
92
50
31
7
65
52
20
41
69
9
71
31
91
45
68
40
45
48
61
51
47
24
17
85
69
93
20
48
24
3
36
68
5
19
27
71
72
0
12
93
61
35
24
4
33
44
44
30
92
58
81
92
82
50
77
51
43
49
51
20
52
87
40
57
59
68
28
83
20
93
76
81
80
52
85
13
97
29
43
41
87
76
33
21
27
62
24
70
11
75
42
