313
92
33
93
70
89
92
50
51
33
12
99
1
14
48
76
58
6
58
42
32
45
88
66
18
11
36
96
95
23
93
69
67
79
62
38
68
6
88
71
40
52
23
93
67
71
70
25
29
28
67
14
25
7
80
44
18
69
92
13
92
85
35
60
64
49
50
84
56
38
8
96
90
31
41
57
54
11
82
83
91
1
97
17
60
30
61
78
99
5
44
43
90
79
55
7
28
5
43
84
95
3
32
86
86
74
95
40
85
30
76
29
83
73
46
44
55
59
74
54
64
18
50
6
97
57
65
26
63
9
62
10
64
95
48
51
21
44
91
58
26
19
87
9
93
33
5
48
44
80
55
60
98
57
67
48
14
32
26
29
93
88
40
58
35
88
9
56
84
52
67
10
72
54
72
17
40
29
17
84
9
72
45
60
81
64
8
96
96
34
25
42
22
65
0
10
6
61
66
90
65
85
53
89
40
77
6
32
6
76
16
16
0
13
76
82
29
36
78
78
70
55
20
44
73
72
54
79
33
73
21
50
58
74
92
98
51
50
30
58
26
99
26
27
64
54
61
94
90
39
72
60
46
44
4
19
16
59
98
1
84
72
51
42
46
43
93
50
94
75
60
72
26
86
51
91
92
12
37
82
51
61
94
98
5
98
69
73
9
68
74
45
40
77
88
38
73
33
40
19
8
0
91
35
38
43
78
30
55
15
64
59
28
58
