352
74
59
73
14
42
63
11
31
53
14
14
56
42
23
80
48
45
27
16
66
51
51
63
71
74
4
61
55
73
7
12
0
66
85
14
8
1
77
92
54
92
6
62
86
81
43
34
79
70
2
45
73
54
9
44
80
65
57
35
91
65
47
43
83
85
57
44
38
86
36
92
78
94
55
65
28
98
51
7
20
54
52
93
60
13
89
40
31
47
75
74
64
75
17
47
12
26
43
50
12
79
94
43
74
1
60
54
51
11
61
71
65
65
64
25
31
6
65
14
53
93
88
69
20
57
68
84
35
12
86
99
91
80
42
17
34
2
71
85
66
84
57
83
50
73
61
33
79
26
47
84
71
87
5
43
44
74
27
31
86
65
30
29
98
25
47
32
79
70
17
45
55
26
29
5
0
90
90
31
68
37
68
92
24
25
35
20
99
15
51
37
32
81
67
30
6
14
62
86
36
32
83
91
58
64
48
10
54
38
94
75
75
14
19
51
39
6
71
91
73
74
28
6
56
95
36
14
61
51
52
98
35
88
41
45
52
42
56
59
80
2
34
8
68
5
11
7
11
83
98
85
57
79
91
65
74
79
32
36
82
36
86
17
24
27
15
77
69
23
36
2
25
22
62
93
27
73
52
90
56
3
75
66
82
18
31
8
50
15
96
84
52
82
54
76
62
69
53
83
92
41
85
69
15
99
62
94
73
66
85
29
21
60
47
55
31
31
64
81
46
12
65
50
95
71
27
9
40
32
92
32
26
30
1
41
29
15
36
2
34
21
84
55
33
83
63
64
14
79
97
13
91
