711
59
57
71
57
0
20
77
37
79
67
55
14
77
10
79
55
12
71
50
78
98
2
4
67
80
26
96
34
45
89
69
4
46
40
13
98
12
42
87
92
9
42
6
38
53
38
93
17
9
44
47
60
98
52
27
79
30
23
65
27
64
34
84
62
26
49
12
39
92
99
83
53
94
89
44
99
79
37
16
41
33
64
1
32
68
28
11
50
4
28
77
20
14
61
83
40
63
47
79
55
99
62
60
93
4
4
92
83
42
60
24
27
76
25
59
44
6
22
46
62
50
24
82
64
37
17
57
52
65
36
7
16
51
20
9
55
24
53
38
18
65
15
46
42
92
5
86
98
80
85
60
30
61
43
47
50
12
4
3
29
92
10
45
43
82
6
50
7
11
89
25
77
56
71
19
48
29
57
47
9
42
59
91
3
54
90
54
67
46
57
96
39
19
94
34
2
0
85
61
12
26
86
89
82
10
60
30
91
17
29
52
60
41
43
15
95
86
69
14
32
78
63
71
50
9
6
52
9
43
13
73
69
51
14
3
13
74
33
4
92
15
56
4
8
52
19
55
38
41
70
70
19
85
94
69
94
52
73
55
95
38
81
16
42
95
19
55
22
4
12
66
19
20
70
79
72
41
35
62
82
57
85
54
42
79
75
88
83
49
95
78
87
76
94
81
24
65
37
46
69
1
12
41
21
34
20
46
27
55
60
62
64
45
16
58
76
91
46
59
92
42
89
32
70
35
13
94
0
2
40
70
3
4
11
25
90
31
23
70
39
83
32
3
81
0
62
57
43
60
17
36
54
58
68
25
94
33
19
46
36
12
68
39
16
79
16
59
63
39
29
54
75
13
9
56
13
71
65
8
84
34
44
38
93
64
63
39
98
83
85
86
95
54
25
63
85
94
74
0
85
55
54
60
68
64
68
33
87
34
42
23
68
86
62
13
3
77
52
53
12
90
39
59
96
16
23
33
10
49
34
96
5
40
8
73
56
77
7
96
63
1
19
83
87
33
97
42
11
1
95
75
43
86
35
91
3
10
25
65
59
11
61
64
3
22
90
60
99
49
8
14
50
27
97
89
13
46
32
76
48
79
51
43
18
86
35
73
96
12
38
56
75
52
72
78
74
14
90
25
63
98
91
65
26
88
55
91
35
39
67
35
70
18
78
88
5
65
13
53
77
4
61
4
56
34
83
82
0
73
59
16
72
50
81
50
90
88
41
25
27
60
12
50
78
43
90
83
8
4
37
38
8
50
42
16
84
25
50
37
51
61
53
23
63
86
25
53
75
18
31
54
78
43
4
56
86
95
92
47
51
81
85
11
31
79
79
68
57
81
5
8
42
10
83
5
96
8
58
71
78
89
26
56
85
82
64
23
29
8
70
32
89
55
43
73
87
74
41
44
55
98
52
97
8
35
54
56
95
65
28
25
6
6
33
91
40
97
15
70
6
85
54
47
93
98
20
32
72
13
76
80
11
28
29
71
15
84
28
62
49
8
39
7
66
72
99
6
69
66
28
27
3
83
27
48
81
47
80
5
61
56
85
24
36
15
48
3
51
28
17
52
36
56
59
2
80
10
8
50
28
37
29
32
72
56
32
53
56
65
10
69
