829
75
47
28
5
91
9
55
99
37
83
63
37
16
93
51
95
3
30
46
2
90
70
66
65
96
69
41
85
65
59
64
40
6
92
46
49
2
53
0
39
36
64
28
5
9
80
52
64
62
98
66
52
68
84
17
17
6
10
54
71
69
18
64
27
11
10
76
65
15
77
56
3
41
84
8
2
16
60
66
78
10
85
83
79
21
52
48
27
63
2
51
32
73
15
60
84
77
88
1
44
65
57
47
58
93
56
60
10
68
79
40
79
64
75
10
85
28
10
65
43
12
68
75
37
83
87
21
12
76
74
56
93
31
3
4
25
11
16
87
32
95
79
63
11
55
25
97
35
35
14
78
99
82
5
37
17
45
10
81
73
85
37
66
16
92
70
93
56
87
32
88
34
12
51
46
19
76
95
6
63
61
84
62
43
41
99
12
86
62
93
59
47
82
78
15
74
0
61
30
39
93
70
74
57
21
72
28
49
67
34
12
28
70
75
23
12
26
35
98
88
80
10
87
62
88
3
88
40
64
71
80
9
41
54
67
15
26
95
64
45
30
77
73
52
4
48
64
82
83
15
23
15
77
10
29
17
65
17
57
81
40
37
91
82
91
10
97
69
5
13
14
87
90
39
40
46
87
56
81
22
23
4
37
0
66
66
17
32
36
75
65
76
12
56
10
56
18
59
77
24
73
44
63
63
83
55
62
71
12
43
45
35
47
83
88
65
1
5
49
89
32
15
18
97
23
28
5
42
88
82
18
61
26
81
76
10
37
90
33
1
33
78
88
32
13
76
98
67
34
47
56
66
14
74
15
90
55
20
32
43
55
50
56
81
83
32
43
72
75
28
73
8
59
14
93
72
90
91
39
76
90
48
95
57
22
10
47
77
83
31
72
38
33
28
71
16
13
67
89
88
95
14
48
6
80
41
79
71
84
70
99
27
18
94
84
93
57
83
70
40
14
95
30
47
75
1
63
88
20
4
28
68
71
29
74
51
70
5
74
7
76
74
34
46
20
70
39
77
53
62
69
67
9
99
14
84
53
29
25
25
86
53
93
9
34
20
12
5
25
87
12
53
13
98
0
85
68
91
63
21
5
84
88
14
36
54
99
41
35
76
66
73
81
60
82
16
80
47
73
57
34
85
11
99
83
63
84
3
54
99
24
12
36
64
26
72
70
77
13
57
53
79
31
35
91
65
3
71
12
76
81
98
13
92
49
48
55
86
51
61
85
75
73
73
91
52
45
61
29
58
18
35
90
1
22
81
67
25
5
31
1
86
30
14
30
79
62
85
65
13
98
3
40
72
76
31
24
74
44
5
84
14
40
74
16
62
8
83
39
13
14
40
51
96
6
81
28
20
18
93
85
16
48
77
40
77
8
64
51
4
22
35
19
62
62
35
77
70
70
16
35
36
9
38
33
67
71
13
88
89
58
25
57
7
3
98
36
63
14
39
68
36
26
39
99
88
26
28
10
48
96
97
84
5
35
69
25
6
82
65
95
41
90
5
0
45
3
36
9
17
75
29
6
53
20
57
42
46
85
4
94
81
2
30
39
37
0
64
44
34
81
91
27
23
96
27
69
51
15
30
21
42
59
27
96
31
84
90
77
21
94
23
2
96
53
93
34
5
9
30
92
90
73
19
14
70
99
35
73
66
65
94
9
76
73
57
7
57
47
36
78
93
59
33
90
64
26
76
22
88
58
66
78
31
85
44
53
36
79
27
3
44
73
64
72
47
21
79
4
20
15
35
13
26
68
55
91
46
83
65
86
41
31
65
73
68
61
26
5
93
5
60
89
79
76
62
26
97
41
82
69
9
17
34
35
37
90
78
36
25
95
22
67
26
39
92
95
53
18
52
46
76
64
35
7
40
49
33
89
