320
82
58
28
41
40
83
34
71
94
18
59
67
93
80
73
16
83
96
37
94
66
43
67
77
0
36
21
44
18
30
0
0
40
28
93
80
63
27
51
58
98
62
77
43
95
50
11
78
98
48
24
64
91
43
93
43
80
67
39
98
97
39
51
89
20
44
69
83
24
72
93
22
87
22
17
82
24
28
12
22
29
36
38
72
31
84
16
11
51
7
62
0
47
13
89
67
57
10
2
33
82
48
55
21
70
24
3
95
53
15
17
82
3
8
54
35
92
22
98
95
30
60
95
77
73
84
96
83
46
98
16
28
46
24
2
69
48
5
64
1
73
33
35
28
41
42
15
85
64
14
80
46
74
75
75
0
11
71
83
57
22
51
38
20
75
40
89
76
97
5
77
22
39
65
51
32
7
66
18
71
80
50
70
7
78
45
7
89
17
42
99
91
93
89
11
21
29
1
97
78
6
26
1
97
91
52
30
50
70
0
74
51
2
44
10
80
89
69
22
6
63
21
97
8
10
61
29
91
62
78
69
20
5
22
70
48
74
52
99
45
4
73
48
6
17
10
87
58
79
9
17
94
82
66
2
44
27
32
35
41
10
56
14
67
79
84
16
5
36
67
50
40
92
50
46
61
60
85
19
91
46
36
85
28
3
88
72
82
72
59
24
34
68
90
54
99
74
70
4
62
89
7
2
81
9
0
42
70
86
61
13
32
50
51
13
5
91
37
87
63
