425
1
16
76
23
16
41
87
10
38
48
45
12
86
68
0
93
87
76
82
99
46
99
50
53
45
94
22
83
29
40
23
82
8
99
5
24
93
45
34
83
93
32
96
79
0
96
24
40
24
6
39
22
57
42
76
55
36
50
38
18
42
14
0
51
65
58
75
10
3
62
94
96
46
90
28
98
38
52
38
14
11
78
37
68
20
65
75
8
67
14
26
9
80
27
60
45
37
88
56
40
50
50
88
48
40
16
46
30
21
85
44
84
63
81
4
35
46
80
43
13
46
22
75
26
49
35
71
86
75
27
78
77
29
66
25
21
35
72
51
8
57
96
92
72
29
96
59
76
76
54
41
22
76
68
48
25
4
20
63
31
99
93
9
81
60
34
2
47
6
54
55
15
2
47
39
31
43
98
59
20
53
53
94
81
21
43
59
77
15
22
9
66
16
18
47
28
52
50
75
11
56
30
78
58
29
70
89
72
20
49
44
25
2
39
7
23
34
66
1
49
40
62
67
8
80
15
36
84
17
63
47
73
45
78
31
74
48
20
99
20
21
43
46
75
82
53
99
68
71
52
17
11
66
37
72
46
52
60
82
69
24
82
94
21
60
25
96
60
97
47
80
71
90
26
46
25
31
97
93
54
49
63
18
15
0
90
13
4
50
48
25
74
30
19
48
90
96
96
50
45
43
82
16
33
61
63
10
92
60
4
99
62
19
17
29
71
7
95
75
57
43
0
84
73
71
32
15
67
28
65
64
23
99
81
56
60
96
67
5
8
23
4
22
42
21
52
65
28
99
40
37
42
92
21
67
15
5
82
82
85
99
46
8
98
79
17
59
27
36
64
36
59
20
58
53
41
62
18
21
13
10
58
55
2
32
22
69
89
4
51
27
55
49
87
54
81
4
65
8
40
81
96
51
1
7
56
42
21
26
15
35
36
25
90
90
57
65
59
99
21
62
26
77
64
13
