640
17
63
33
61
69
62
3
19
99
29
22
68
83
73
7
40
91
24
49
37
97
23
79
27
37
54
20
52
69
25
40
39
41
73
0
10
36
56
81
87
85
3
55
68
28
14
9
71
38
10
60
88
33
39
15
22
94
87
74
15
64
15
54
5
40
7
15
28
63
48
16
48
51
23
68
31
90
29
3
28
39
15
68
24
55
35
46
1
22
73
68
87
40
75
44
80
34
12
61
97
60
77
97
64
52
17
95
42
47
50
23
38
18
43
63
73
79
9
26
53
34
46
92
74
73
37
55
7
1
16
4
61
45
53
77
49
71
25
92
70
75
67
8
93
10
71
18
89
33
96
95
67
95
87
42
68
76
49
76
77
17
32
91
14
38
68
63
61
93
7
31
21
26
91
66
37
15
37
78
48
85
73
67
80
13
61
1
89
62
77
67
79
61
10
45
99
78
61
12
24
68
43
45
95
87
63
84
2
0
62
2
86
88
21
18
1
83
19
90
45
48
9
77
62
19
74
13
50
35
26
74
56
21
19
51
8
34
87
62
35
49
64
73
37
86
43
90
21
15
33
18
15
42
47
77
14
22
91
64
57
17
38
13
90
9
16
99
43
3
61
30
5
78
55
94
16
99
85
89
14
18
7
29
12
7
59
26
29
50
42
38
19
32
52
9
93
20
60
37
76
74
19
81
4
75
75
20
74
12
61
40
82
20
21
95
27
80
73
56
82
68
95
53
0
99
63
94
71
75
83
47
49
2
28
5
29
56
25
55
20
38
95
3
59
17
50
86
49
23
43
32
91
90
85
44
41
0
38
12
28
73
12
77
27
40
83
57
48
60
12
69
99
60
72
58
77
22
44
78
97
39
62
41
81
48
85
74
0
75
39
28
0
51
58
27
91
93
84
92
5
49
61
4
9
85
14
38
59
11
16
8
2
79
49
36
79
86
10
79
13
49
60
13
0
18
41
44
63
77
36
68
26
49
25
87
86
39
25
45
2
94
53
57
73
55
93
4
93
55
35
7
5
95
20
57
65
13
53
28
91
89
49
17
90
74
57
76
65
82
73
68
76
79
77
1
86
70
5
79
25
93
86
82
88
59
40
6
72
93
86
63
35
35
33
77
9
90
6
75
24
79
95
53
10
24
6
96
94
12
76
71
57
14
54
97
73
46
3
98
91
90
13
78
77
46
56
87
88
14
14
65
45
61
18
56
85
24
4
31
88
32
2
97
47
8
95
72
6
98
22
98
40
36
28
18
34
36
57
75
50
23
40
96
36
10
4
21
86
60
4
75
93
58
72
92
67
19
16
25
18
39
75
10
75
4
80
61
40
89
36
43
12
76
91
48
38
95
21
25
55
25
52
0
84
76
92
3
96
9
28
66
0
4
76
75
60
9
36
0
98
25
43
63
1
34
11
92
81
85
17
89
62
21
89
46
97
34
1
93
43
