628
45
32
11
5
66
77
36
70
43
42
37
66
38
36
14
8
52
36
3
57
52
44
84
20
2
7
35
0
9
90
75
54
74
38
12
40
15
48
10
10
90
0
28
80
88
94
88
41
30
91
50
34
88
35
7
42
94
42
42
4
84
69
10
11
60
22
3
27
22
14
38
64
66
18
44
6
13
32
47
95
76
50
30
16
85
37
58
79
31
52
35
16
73
46
27
33
20
30
61
43
96
51
7
14
21
52
21
34
36
68
82
64
18
12
32
55
1
90
87
32
94
22
48
68
20
27
1
93
10
14
36
6
65
95
73
87
47
94
73
36
14
55
52
85
19
85
40
20
75
79
53
70
54
53
90
74
33
91
19
43
58
55
1
75
51
74
14
50
20
88
38
35
95
91
72
67
76
64
39
3
44
92
25
98
98
67
24
83
59
44
26
69
51
79
44
2
6
59
5
26
47
43
13
94
34
85
13
62
50
53
18
94
97
95
44
95
63
68
30
74
64
8
43
16
88
87
18
94
46
23
20
45
19
34
92
5
71
5
68
21
58
38
15
56
33
59
3
48
80
86
22
44
94
17
60
82
5
31
28
3
54
49
1
25
35
93
31
6
50
51
28
61
89
95
69
74
7
24
23
87
10
97
83
5
15
44
39
72
75
68
27
81
69
28
7
4
73
38
62
76
89
42
37
30
38
58
4
97
82
79
84
93
29
19
50
44
63
89
68
90
9
47
72
78
76
31
82
1
69
97
29
10
39
66
40
29
24
96
26
59
28
62
4
57
82
54
53
97
95
21
88
5
20
60
35
48
43
18
50
12
67
79
74
6
98
66
88
74
14
66
33
42
81
89
99
15
95
52
12
91
25
0
48
46
12
83
94
55
53
96
19
72
28
45
31
78
63
19
52
78
37
38
20
18
27
72
33
23
76
46
66
54
98
66
52
63
1
46
70
55
95
90
79
23
87
10
53
51
29
5
29
19
95
1
37
23
25
71
98
2
69
64
8
19
82
60
82
83
58
5
90
53
95
70
28
34
80
81
85
62
39
66
81
34
68
70
9
45
93
7
99
62
23
7
34
57
67
68
41
78
73
31
31
20
53
12
55
86
45
40
0
36
7
81
71
27
3
32
72
97
40
72
59
15
79
45
73
99
14
14
77
87
97
60
8
3
24
63
89
22
55
89
58
62
22
29
41
25
62
14
74
54
38
86
21
69
31
94
68
45
60
97
85
10
10
45
13
34
8
54
56
15
95
15
78
69
96
71
46
10
85
21
16
23
7
38
93
90
84
13
36
45
11
73
7
73
18
72
7
78
78
16
93
73
83
23
94
79
95
40
42
32
61
58
8
20
48
1
11
33
66
99
30
29
72
37
2
42
9
62
20
87
78
65
12
61
41
6
92
88
46
34
20
60
45
28
32
93
