502
24
54
4
98
51
76
51
19
87
30
39
29
6
2
81
35
1
35
79
7
46
17
55
92
91
0
35
44
8
11
56
84
65
12
83
16
40
34
88
28
16
27
57
74
81
90
9
82
25
40
41
23
10
96
15
1
97
50
46
57
61
54
41
27
66
76
95
7
62
35
35
79
15
44
53
48
34
15
31
11
55
72
34
65
21
49
19
70
52
17
27
65
71
20
44
37
49
92
44
11
27
31
42
42
75
48
91
61
63
74
72
70
98
6
88
71
8
59
41
60
76
20
25
99
41
22
36
42
14
33
53
93
16
48
36
44
96
79
5
11
5
30
81
55
36
21
27
96
80
68
56
8
89
34
7
82
56
96
76
22
81
29
15
97
29
3
41
25
34
99
36
39
29
70
95
17
43
74
14
76
42
70
84
83
56
44
17
64
40
93
86
21
75
54
70
4
57
12
82
92
11
18
83
92
40
30
9
36
4
23
12
99
94
48
34
2
92
52
67
84
45
5
5
72
59
76
77
69
40
59
61
3
29
96
95
22
79
4
58
83
28
22
34
74
70
69
28
63
21
95
47
18
53
5
43
12
33
20
81
73
31
94
28
12
43
23
34
22
79
44
57
59
66
92
33
37
61
62
52
34
9
51
4
62
8
47
27
41
19
8
66
2
55
46
15
98
69
1
72
1
46
29
60
64
21
46
53
34
60
5
20
69
9
77
84
17
24
11
11
96
71
29
98
78
76
65
76
97
67
48
98
13
78
59
77
51
5
31
38
65
88
58
86
97
35
22
67
12
33
78
60
57
7
58
35
83
24
64
81
91
64
31
56
94
90
85
46
47
68
84
64
57
94
51
6
30
73
25
94
59
3
54
16
63
64
3
98
40
67
31
31
32
63
39
26
53
25
24
53
45
60
17
2
55
20
61
37
46
86
31
5
42
37
73
5
1
76
55
42
96
87
25
80
50
17
6
55
94
83
8
39
43
78
94
98
98
55
87
44
93
18
1
35
7
74
92
61
3
48
3
99
35
80
79
37
97
37
92
91
20
53
83
64
31
77
14
81
84
2
26
77
72
27
65
80
2
57
41
57
57
96
8
92
28
87
81
26
76
74
69
49
79
52
65
62
81
79
43
65
33
69
95
