402
70
64
39
78
7
59
58
62
23
17
77
12
44
41
53
95
76
15
50
14
92
24
57
47
11
97
37
57
92
36
91
62
52
82
40
60
41
50
22
16
67
51
28
63
92
81
58
20
48
61
34
41
85
44
40
48
93
77
57
85
65
48
47
69
31
40
81
72
90
55
89
10
6
69
73
98
3
84
70
51
97
5
44
34
49
84
82
42
13
91
27
30
40
26
0
71
66
81
95
57
37
36
19
95
58
44
46
13
28
16
64
77
21
61
11
22
97
45
64
11
37
43
41
29
70
93
52
88
75
47
45
64
36
16
59
94
61
5
7
89
22
23
19
95
36
30
18
34
28
82
45
17
78
38
46
0
32
98
88
59
97
86
75
33
2
34
79
63
92
86
5
14
62
24
9
98
6
27
84
34
62
81
51
92
20
49
92
4
47
32
15
45
18
90
30
21
76
10
36
68
48
41
34
62
65
96
61
24
75
45
58
89
79
62
81
99
11
25
55
11
58
22
8
28
64
38
49
40
48
38
61
49
79
47
11
97
43
24
21
71
22
31
60
1
45
94
52
9
19
7
20
29
81
80
58
45
18
59
85
19
97
98
68
29
46
31
78
89
56
99
60
78
82
73
79
80
67
31
89
38
90
61
68
71
41
78
16
11
89
53
30
39
52
50
68
50
82
46
91
38
97
4
68
31
77
99
11
96
82
52
34
72
13
54
95
6
84
63
18
74
16
0
13
20
51
33
22
85
31
14
75
28
18
43
59
95
42
23
43
24
75
77
48
41
84
43
99
68
58
17
94
26
70
7
47
73
92
69
58
23
83
33
3
53
76
15
0
70
38
43
46
65
21
94
6
5
89
6
25
47
75
20
73
45
79
72
18
72
94
28
47
29
61
51
83
89
66
83
11
56
79
57
