723
41
41
40
91
71
17
61
15
95
23
54
89
70
89
18
69
47
3
37
76
35
16
70
40
94
43
42
93
91
75
17
85
68
58
76
39
27
89
54
23
12
60
12
35
1
82
4
48
85
94
77
21
10
47
13
57
90
55
50
33
82
67
18
51
77
46
42
57
35
49
80
0
61
44
35
63
27
91
63
64
85
40
37
48
87
3
5
77
10
7
63
45
26
33
48
4
80
90
61
67
91
93
67
53
37
54
68
16
98
31
33
83
72
70
83
59
25
88
89
36
47
52
81
74
85
29
30
17
71
91
85
15
36
4
20
25
11
88
42
9
19
27
44
43
49
28
3
75
16
44
11
16
48
92
90
85
73
20
3
44
63
40
11
99
44
31
24
7
19
18
16
91
97
61
34
47
41
89
22
9
85
33
25
33
77
15
19
50
87
74
46
50
14
58
1
10
41
78
18
13
48
34
4
46
47
90
93
40
32
15
50
17
48
75
3
77
91
22
27
30
96
25
81
10
35
82
20
77
12
90
90
61
77
46
7
76
88
0
17
20
67
67
90
15
42
93
92
85
67
71
16
15
96
49
77
32
83
49
61
96
40
51
57
17
97
16
93
37
16
10
10
83
29
0
50
72
45
94
9
64
17
77
79
65
26
56
49
10
57
10
58
97
13
15
66
62
83
60
0
99
22
10
34
52
62
36
76
7
82
37
23
51
15
2
16
93
10
66
3
67
28
13
17
42
28
83
4
63
95
4
62
18
66
48
22
28
36
98
87
70
35
10
21
2
64
90
96
74
56
99
94
36
65
11
78
45
46
83
9
42
39
71
60
6
72
82
34
60
32
22
83
19
84
4
22
49
94
18
23
2
69
69
39
34
32
69
80
79
52
89
21
44
12
33
50
36
67
36
49
99
10
32
70
95
36
92
44
83
10
19
37
32
89
76
66
21
46
98
0
50
87
73
94
52
6
96
88
25
85
37
76
95
21
47
90
10
39
34
93
2
54
82
86
95
59
4
16
57
3
69
59
42
42
6
94
1
54
35
26
39
24
3
35
46
2
77
56
93
12
1
47
18
83
33
13
94
38
29
3
93
50
15
35
93
21
82
46
27
69
72
67
93
27
54
91
81
31
99
75
43
0
74
13
36
8
26
30
98
8
86
43
58
1
78
3
22
12
49
49
81
74
68
75
53
22
18
87
54
18
14
49
18
88
63
54
48
41
37
98
1
23
41
12
24
72
15
98
84
17
99
66
43
20
93
48
42
11
35
48
29
49
50
0
90
65
54
38
6
43
37
60
18
30
72
42
2
39
92
87
8
44
53
3
64
98
52
58
9
39
7
39
41
57
91
83
22
97
21
80
41
10
92
59
41
64
54
43
56
98
82
16
42
87
20
58
85
24
17
95
15
24
86
56
33
77
39
7
74
13
39
67
75
32
79
68
48
33
64
4
83
46
21
26
34
93
84
19
17
1
66
32
77
4
41
62
81
32
21
8
45
61
27
73
93
6
41
93
91
5
98
75
4
71
53
38
64
37
9
81
91
76
65
20
80
6
35
14
39
56
74
36
69
53
9
14
12
51
8
3
8
58
30
12
29
83
50
45
73
12
26
16
88
43
88
20
50
75
86
89
84
12
25
53
