983
47
55
56
88
97
2
51
19
4
59
47
66
61
60
94
11
37
84
21
85
19
63
41
64
25
52
19
25
70
88
24
17
43
32
57
92
34
8
63
91
19
63
9
80
23
3
43
13
88
65
98
7
80
91
23
57
43
42
82
65
82
58
82
78
90
91
22
76
52
86
19
71
49
28
52
24
32
47
37
72
64
87
31
44
79
54
53
74
48
87
40
31
45
74
61
87
66
83
64
18
21
83
89
22
12
93
47
96
41
84
20
5
24
51
2
3
57
7
29
5
95
69
88
92
44
1
32
62
85
96
80
58
31
21
33
95
67
80
43
60
16
63
65
40
66
19
95
23
27
25
81
74
94
69
18
90
71
50
4
8
98
36
18
30
58
51
77
77
83
21
37
0
36
2
40
3
74
88
26
53
13
7
27
59
29
97
2
52
0
6
12
98
43
30
80
53
34
58
30
17
31
67
17
67
21
10
70
95
98
49
48
63
8
27
22
37
25
24
41
25
31
53
75
26
36
56
79
22
66
9
39
49
28
9
16
49
71
39
97
21
88
45
84
48
25
58
86
2
83
79
79
66
85
54
92
21
62
23
95
80
84
86
29
12
95
98
13
18
37
10
39
77
8
75
25
85
34
63
87
69
95
66
35
80
72
79
53
87
54
48
67
38
34
97
2
82
47
15
0
36
78
92
65
38
19
90
23
53
6
62
74
53
80
9
33
52
40
86
39
94
86
59
32
20
8
86
2
55
2
55
91
32
47
56
70
18
98
45
24
56
7
98
9
87
8
42
39
0
80
31
95
66
90
79
39
98
66
41
53
20
96
96
52
95
4
74
14
54
19
90
11
78
88
72
65
48
67
56
49
47
87
44
66
29
75
5
27
41
98
32
13
47
80
17
42
84
91
8
39
62
98
2
40
87
74
57
35
41
14
36
41
53
32
7
83
8
64
62
1
62
47
15
9
27
32
4
64
76
64
55
90
63
57
31
2
83
88
89
25
2
78
18
56
10
77
91
18
41
53
20
3
0
35
65
80
19
69
44
95
33
99
86
48
8
69
2
91
9
44
68
64
22
86
20
32
15
63
51
56
16
71
12
69
58
77
49
29
98
45
25
83
96
63
32
56
84
86
47
93
30
68
57
52
6
29
85
22
92
88
30
61
11
42
30
69
71
31
50
21
28
75
5
24
90
37
32
74
23
31
68
6
99
25
58
6
7
95
80
99
83
10
60
46
5
42
67
28
25
18
50
53
93
7
29
36
96
61
62
19
93
30
77
92
8
36
50
15
83
82
66
19
93
27
65
50
21
33
30
47
51
80
0
96
87
30
32
83
43
95
55
36
77
32
81
37
20
83
4
56
66
71
75
11
50
40
13
71
73
43
18
76
76
71
73
63
53
57
99
96
4
6
85
82
90
66
71
63
1
76
19
67
47
94
30
49
34
43
20
60
87
91
36
63
14
61
78
67
19
29
15
23
35
0
57
78
18
29
41
20
57
60
39
56
6
70
5
92
13
77
52
52
68
41
67
34
2
46
1
73
75
17
49
63
69
6
41
88
87
34
60
44
94
99
0
0
69
57
44
35
35
97
87
55
90
55
90
92
53
91
18
80
60
67
43
82
73
36
70
13
70
30
57
16
29
10
68
51
67
13
86
2
62
25
58
52
32
0
96
37
91
14
18
4
81
13
86
7
50
8
72
72
90
81
89
19
91
9
22
11
22
60
65
84
38
75
88
70
75
85
60
19
51
78
23
85
43
61
44
45
69
16
18
59
97
59
30
41
68
5
52
43
65
69
27
3
45
16
26
20
53
86
39
4
16
14
89
59
75
33
5
96
49
75
7
99
86
90
40
54
47
44
49
12
13
77
68
10
45
46
31
50
32
22
54
0
37
96
59
64
81
16
13
83
43
72
82
29
62
74
36
61
70
85
74
83
14
94
94
11
40
77
61
24
99
68
24
88
16
35
5
97
4
18
80
47
90
14
29
5
40
65
66
10
50
92
46
65
86
92
76
78
21
90
54
20
58
30
61
74
66
66
23
22
84
4
21
26
70
50
31
63
67
50
73
18
42
71
35
81
63
63
59
84
53
14
57
63
44
70
37
62
36
61
36
72
17
58
98
39
60
82
2
28
32
76
46
74
99
33
55
63
96
67
99
2
33
8
65
77
78
3
92
14
16
28
86
85
38
37
24
99
19
79
27
3
7
73
77
6
6
85
21
54
