749
82
36
38
48
36
24
43
71
58
2
23
60
35
2
29
35
42
58
13
80
48
77
67
86
64
41
79
87
39
55
66
22
91
57
22
80
33
65
51
91
20
26
3
55
28
32
42
70
90
55
51
90
32
70
76
48
12
55
88
51
10
54
73
54
11
47
86
44
65
37
87
85
63
90
92
92
22
35
14
12
42
65
2
27
88
79
27
0
86
15
51
49
22
77
55
33
76
41
30
41
78
17
26
93
8
19
37
30
6
52
95
0
69
49
27
57
80
7
57
67
22
61
68
44
90
23
30
66
16
60
8
46
29
34
39
37
5
29
20
11
81
67
64
2
16
91
60
97
98
69
16
73
82
36
69
72
11
99
91
27
11
99
73
41
85
12
30
43
93
2
54
74
69
18
77
38
62
89
87
12
10
55
37
93
91
7
65
2
58
56
29
22
7
2
63
45
66
45
88
60
48
94
86
69
65
15
59
79
56
46
91
67
1
81
60
92
88
25
46
98
34
27
20
93
29
35
38
48
81
78
60
81
73
98
2
38
14
62
17
70
60
60
37
62
41
49
6
81
27
5
80
13
32
0
6
14
88
97
14
69
75
74
2
48
24
56
38
38
18
7
61
31
68
50
93
61
0
51
43
27
8
75
92
41
27
98
55
15
95
69
36
23
95
38
23
19
95
62
10
65
21
23
96
89
25
41
51
77
45
46
56
53
21
48
94
0
47
1
16
94
22
52
69
69
43
93
89
90
7
51
7
28
26
56
18
51
97
21
29
94
19
85
48
92
86
94
92
85
48
60
79
70
65
49
40
8
94
81
50
1
84
57
29
10
65
99
61
63
72
42
9
91
80
9
35
66
56
28
51
4
40
82
26
5
83
66
13
77
99
15
78
83
73
60
93
38
59
7
53
84
1
15
27
81
24
63
99
80
43
2
84
83
85
11
89
20
29
54
98
81
70
28
64
95
88
10
85
0
69
91
84
70
6
11
52
82
26
3
63
69
6
99
53
43
62
94
63
44
0
13
25
70
42
41
17
82
3
55
82
72
46
18
43
4
30
47
86
56
50
1
78
8
53
83
3
67
77
19
63
77
32
40
0
26
82
17
9
37
72
43
10
70
62
53
74
44
52
13
0
2
66
30
63
71
13
66
91
42
85
54
72
70
47
72
96
81
41
57
18
66
1
28
36
15
33
63
59
85
28
11
40
46
42
3
70
55
21
61
50
59
67
22
29
14
94
77
95
87
87
14
53
40
94
42
55
28
57
66
13
37
77
53
83
71
8
5
79
30
66
29
89
86
51
70
0
97
99
48
84
38
62
90
78
56
84
85
36
41
51
50
30
81
3
65
52
12
71
31
94
37
12
35
75
63
5
76
12
56
24
97
95
38
39
25
46
23
63
83
16
66
33
46
47
88
11
52
52
82
35
46
72
48
81
47
11
38
75
76
95
99
25
42
89
64
19
36
39
34
19
55
1
4
53
48
92
64
52
45
99
88
91
23
36
25
22
99
63
50
75
10
1
0
4
91
16
76
27
55
10
98
62
11
2
67
12
94
84
64
91
83
52
83
58
40
60
32
40
23
82
67
86
84
20
42
75
36
18
54
44
29
52
58
92
6
26
4
0
10
69
92
45
73
27
55
14
39
87
6
14
22
73
0
6
93
43
33
82
13
87
26
94
91
36
87
97
62
91
49
24
