765
1
73
82
15
76
71
8
15
80
87
62
64
9
71
14
68
98
43
10
54
26
93
32
89
19
20
28
27
66
96
14
68
21
96
35
98
20
44
65
0
83
27
17
92
98
31
12
97
26
22
3
53
67
36
94
87
8
74
66
27
71
33
95
44
81
30
94
1
26
59
54
61
87
71
54
85
54
18
34
81
93
38
86
60
26
32
99
86
7
18
13
30
51
60
74
32
43
21
86
69
80
40
31
19
11
37
57
17
55
91
50
48
81
36
61
59
69
60
98
28
30
63
58
81
24
84
66
67
5
52
88
38
92
71
9
55
8
66
72
16
58
23
16
91
11
77
51
32
90
1
60
20
64
70
54
88
55
20
7
12
24
48
2
16
19
12
23
80
78
47
48
88
70
64
32
34
94
35
66
36
36
79
8
0
49
62
41
56
34
0
69
58
48
23
26
20
35
1
52
66
49
0
6
71
16
38
5
62
73
24
50
61
3
59
14
4
73
7
61
60
7
82
18
8
5
97
28
41
98
32
59
47
32
65
19
48
56
76
63
81
52
13
95
7
72
9
12
98
16
73
58
23
7
28
83
12
77
63
5
76
95
64
75
27
82
46
28
90
75
91
23
27
56
18
35
81
27
47
79
95
72
89
71
31
69
54
43
47
70
49
75
65
65
50
45
99
49
73
41
24
16
65
51
72
35
38
53
15
37
84
10
9
25
33
40
95
40
36
94
10
37
69
75
54
71
20
6
20
45
47
96
61
64
0
86
52
38
91
67
76
76
29
37
1
63
30
48
55
66
42
65
55
11
40
9
35
13
15
55
58
15
4
72
79
4
58
83
42
1
50
70
77
32
8
31
47
38
79
2
56
74
67
11
85
59
72
20
72
40
28
83
55
32
55
86
88
65
70
82
66
72
53
96
4
13
79
3
51
10
57
59
84
76
22
22
36
46
94
60
86
74
95
41
58
2
28
46
67
50
29
86
22
82
34
79
95
13
82
98
23
92
9
60
68
83
34
4
29
28
17
16
3
12
9
13
15
37
60
34
39
41
20
62
75
54
93
70
19
27
20
95
19
81
7
88
64
41
44
45
69
61
13
24
26
23
38
93
12
50
27
52
91
0
66
66
6
59
88
78
86
60
73
58
41
80
46
57
21
90
54
42
4
68
19
30
91
57
75
3
59
2
55
50
54
21
16
61
32
56
39
19
16
64
29
9
44
75
18
17
17
72
59
73
40
78
3
83
87
30
87
46
33
94
96
87
16
64
0
48
20
91
19
88
55
48
97
99
75
67
16
45
40
28
18
32
6
74
16
46
4
55
92
89
49
41
29
65
5
29
66
78
21
37
66
76
38
16
28
65
35
96
10
75
24
81
60
83
55
28
29
11
83
73
1
32
14
30
50
20
11
68
50
32
5
68
61
95
84
41
61
20
37
23
47
14
4
7
49
11
87
30
23
70
3
76
3
70
58
53
90
69
21
92
54
78
60
15
74
45
56
35
17
45
10
16
11
15
76
12
78
63
42
53
34
98
29
89
68
87
94
10
57
15
2
11
45
14
78
19
11
86
6
28
83
17
97
95
84
73
7
62
36
2
16
22
0
97
11
20
85
5
82
94
72
36
57
70
50
35
89
62
73
48
90
56
17
39
3
1
12
63
15
1
65
83
75
17
81
39
89
18
44
71
12
69
7
21
39
57
56
80
19
81
80
62
37
97
53
93
50
66
56
66
19
21
