433
86
31
7
11
77
99
1
42
33
82
11
18
89
18
26
25
6
77
5
69
64
63
19
4
42
97
64
36
33
15
29
71
98
36
82
28
36
35
70
69
17
33
39
58
52
65
36
10
94
41
31
58
4
2
63
47
99
27
35
84
94
64
55
45
1
90
73
89
77
95
58
95
81
49
5
85
66
41
95
61
82
78
19
87
81
34
86
32
14
21
17
8
38
24
53
39
14
78
80
92
74
38
39
55
39
44
40
5
38
87
18
20
65
90
59
98
24
97
31
38
71
0
99
9
24
4
0
39
83
80
83
9
70
22
16
9
18
8
66
56
47
85
29
64
75
40
63
99
38
46
90
9
46
41
18
70
45
70
61
80
50
44
41
20
66
9
81
37
17
47
45
64
84
26
29
59
67
44
11
57
90
53
66
88
94
36
58
91
58
20
24
8
64
65
80
83
75
13
72
44
60
69
9
97
96
90
8
15
86
71
72
28
24
90
16
70
78
74
14
36
46
38
96
63
3
76
98
30
89
70
75
1
39
36
50
87
78
59
2
64
30
74
92
7
16
60
29
94
86
43
30
33
81
26
48
37
54
46
19
43
68
94
97
7
82
47
95
60
58
49
76
89
24
20
48
40
80
77
87
67
21
17
0
54
96
48
43
50
46
63
46
14
9
95
73
44
42
68
56
1
18
33
42
94
53
90
86
34
19
73
1
92
43
53
99
39
53
42
41
99
57
87
65
19
82
38
63
77
59
19
30
29
52
24
23
58
14
61
44
85
35
45
78
30
50
77
69
55
71
10
6
29
50
71
0
84
9
63
61
20
34
43
49
39
67
24
97
81
86
41
19
73
38
97
3
40
26
24
95
49
86
1
30
36
24
30
21
85
45
34
6
80
78
7
19
45
32
68
79
70
61
98
95
99
47
50
91
25
74
86
74
60
39
57
49
15
87
22
0
33
8
58
65
86
66
36
84
50
4
15
72
65
65
