592
38
50
5
82
74
57
84
60
45
7
94
22
3
88
19
56
37
47
96
44
55
50
41
54
62
90
13
84
7
79
35
45
29
41
79
55
50
63
67
95
22
61
18
25
1
37
33
38
36
29
82
44
31
24
98
93
66
63
78
25
42
65
22
71
6
1
78
9
16
45
4
38
58
74
63
11
63
96
49
0
77
84
44
8
60
94
54
78
57
84
55
0
49
77
23
8
78
2
17
46
47
21
84
58
96
47
69
59
95
71
59
24
55
55
84
67
49
38
97
7
22
52
59
24
81
82
32
11
36
49
57
36
22
41
94
18
40
63
30
87
34
41
11
41
97
95
60
98
86
57
57
60
61
16
84
42
51
16
53
87
17
62
75
40
3
69
10
95
85
40
82
71
82
93
13
31
41
25
29
79
83
87
39
96
55
24
91
6
92
96
46
10
59
21
2
14
43
12
10
80
53
92
51
87
38
16
70
31
42
51
10
77
38
49
73
46
25
64
52
70
61
50
32
72
24
34
86
67
98
96
99
3
41
50
90
31
19
12
14
61
64
24
90
54
25
15
0
3
80
5
73
93
55
5
65
79
91
3
98
89
52
97
93
93
0
35
76
71
48
90
84
12
66
74
18
91
89
19
94
21
76
19
66
31
24
31
63
15
87
61
57
39
11
50
84
63
85
60
34
33
2
18
97
68
44
68
11
33
39
58
7
15
77
73
46
54
57
9
21
44
23
78
83
86
80
19
1
66
31
35
51
33
5
1
53
1
69
16
86
8
74
93
75
4
19
21
10
76
83
83
20
58
14
55
44
94
26
45
60
57
32
64
90
89
65
95
90
86
11
28
46
38
22
21
94
41
94
56
69
29
39
41
87
53
48
83
0
74
80
12
31
64
76
73
5
93
68
47
31
31
76
77
21
50
50
15
43
97
23
12
26
63
53
66
68
1
1
68
75
34
81
6
50
9
31
56
3
99
3
34
82
31
64
4
81
14
71
24
63
47
36
90
10
41
8
30
42
61
99
17
95
32
75
46
41
6
54
44
57
9
31
92
41
95
48
74
61
71
99
77
18
87
19
80
29
27
11
71
40
62
41
36
94
68
34
35
27
40
32
84
49
63
28
90
10
76
65
23
0
16
0
18
3
19
99
84
98
10
8
39
24
1
27
18
69
13
5
96
53
37
33
2
52
61
45
14
90
62
38
90
30
90
60
85
10
59
70
60
21
78
99
45
79
26
15
0
91
21
97
44
58
82
99
63
95
44
77
37
58
67
27
88
58
40
73
20
51
43
80
73
73
32
70
4
10
38
5
2
59
54
46
69
88
45
32
83
41
10
21
99
77
0
