680
47
96
82
16
98
91
70
58
79
81
73
3
74
21
38
12
35
87
24
57
34
35
62
9
37
47
94
63
14
17
33
62
13
67
30
11
58
52
21
90
34
94
93
60
67
84
24
54
71
0
12
57
36
74
18
25
73
64
40
39
81
26
1
94
93
83
57
4
36
78
94
22
24
39
82
43
23
58
97
94
58
61
3
46
87
21
72
12
85
64
52
66
90
53
12
36
89
21
40
25
51
86
47
27
25
81
70
49
39
68
95
97
81
99
44
69
72
68
81
58
84
33
76
75
39
41
63
28
62
3
53
14
41
52
41
66
33
64
15
72
84
63
21
65
62
17
34
86
85
68
96
22
1
73
49
40
66
12
20
80
67
25
46
8
77
40
74
10
4
42
34
88
5
8
5
19
25
92
57
63
60
54
85
13
79
34
54
45
46
26
25
65
52
72
73
81
12
99
44
68
41
78
8
98
86
13
69
64
5
27
27
65
81
64
79
12
98
85
57
96
63
34
61
15
58
86
97
22
85
41
90
79
71
98
77
10
64
99
26
69
78
53
87
11
69
18
23
19
55
80
15
18
66
28
86
25
14
35
99
99
28
90
78
51
40
8
13
4
7
39
74
37
44
13
48
13
31
71
32
38
3
99
8
69
27
46
46
41
81
46
93
61
88
23
13
80
31
78
85
90
18
11
27
62
76
27
28
7
98
12
97
1
12
5
23
91
52
21
33
85
19
78
99
59
1
64
40
85
42
25
27
60
88
7
75
64
34
55
23
85
67
20
38
31
77
61
23
81
35
56
67
54
86
66
66
39
82
6
76
24
83
4
37
71
63
12
35
49
19
10
34
86
82
73
18
59
86
41
41
21
49
60
28
87
78
94
26
60
52
3
84
35
59
21
58
74
85
45
23
4
55
58
43
37
31
13
48
69
6
89
43
7
1
71
94
79
17
72
91
21
27
28
8
86
1
66
60
87
11
36
43
18
94
38
55
77
3
3
46
9
45
89
16
98
12
62
78
81
35
21
54
62
49
62
1
51
28
13
90
91
49
85
9
43
24
16
72
27
72
71
89
69
12
5
67
77
20
97
58
55
19
65
69
68
27
22
71
8
36
61
99
37
99
61
33
23
77
5
2
1
76
91
70
89
49
90
66
69
87
76
76
6
41
97
27
21
20
50
29
56
64
28
45
63
41
78
86
71
84
40
72
12
84
95
53
33
85
71
54
72
0
82
31
93
79
10
14
99
60
43
7
76
24
53
39
17
31
77
88
67
18
61
32
2
8
85
87
93
9
93
17
9
75
48
2
6
10
69
6
23
12
65
99
88
70
39
6
54
68
94
21
86
7
5
40
15
43
79
60
52
24
78
61
51
26
15
58
89
84
16
12
49
81
63
89
52
54
47
6
23
42
79
61
1
37
54
69
80
85
29
32
10
7
45
61
86
12
19
75
49
35
39
98
69
54
39
21
9
87
79
32
81
10
45
82
47
99
3
27
85
33
11
47
40
8
8
78
21
80
5
70
67
44
20
36
51
59
9
60
46
