485
52
16
39
78
43
46
49
35
97
50
35
3
93
90
83
59
91
23
74
56
49
12
55
74
85
61
16
35
52
38
43
56
54
34
34
49
80
35
36
29
37
24
32
31
66
16
42
58
91
16
66
40
28
21
14
65
34
82
0
87
20
95
95
26
29
30
27
61
17
64
90
55
88
23
38
54
91
80
64
82
96
30
74
76
3
40
41
38
22
94
77
94
89
72
20
19
54
47
32
24
11
23
31
51
98
69
6
89
49
22
23
45
53
97
21
8
37
14
46
11
8
75
5
50
0
25
21
6
24
53
30
36
76
61
39
26
30
97
15
31
20
90
28
73
87
49
33
76
16
80
87
76
7
92
26
59
69
47
66
94
1
96
82
29
10
21
56
92
19
23
24
39
66
52
64
53
54
97
82
70
29
69
98
89
14
25
48
83
24
14
29
77
63
11
7
73
85
15
17
56
90
93
47
56
98
63
62
52
12
44
74
42
65
24
83
79
49
31
15
74
98
44
51
61
8
10
86
45
77
55
1
68
49
0
76
47
63
38
51
75
82
77
69
0
1
4
31
3
36
46
77
86
43
80
47
3
91
85
48
68
40
1
36
41
53
65
88
68
3
91
95
38
68
65
38
22
21
69
25
9
68
54
95
63
34
94
66
25
79
66
46
72
19
34
13
72
99
54
40
3
45
35
93
66
52
31
88
74
52
65
35
20
19
31
83
53
77
1
31
57
67
77
81
38
11
94
10
11
0
2
66
46
90
59
64
94
42
4
20
94
69
56
67
40
39
2
93
16
4
76
25
23
53
6
14
17
53
76
80
53
79
46
51
21
5
15
15
99
19
36
93
40
44
12
80
83
15
26
99
71
2
25
46
56
83
60
25
36
37
5
90
68
51
93
41
8
9
56
59
80
44
52
21
88
17
53
23
84
79
23
55
82
0
53
90
83
66
15
20
55
72
62
75
75
7
16
83
16
24
94
49
69
46
22
9
15
75
33
99
55
8
6
37
60
60
79
43
78
46
15
85
18
29
60
93
37
76
28
5
0
22
54
21
20
76
31
36
4
16
35
59
76
42
48
36
54
27
31
84
73
99
69
43
28
29
