625
71
28
30
28
13
81
75
10
87
54
42
59
42
11
74
78
22
99
95
95
60
33
54
18
20
66
52
13
71
34
13
94
14
95
23
27
76
50
37
64
56
31
75
50
43
49
81
17
0
28
12
13
61
66
83
33
32
88
46
56
22
12
50
37
7
25
16
36
28
6
0
36
37
27
87
32
28
20
49
81
48
14
94
10
80
29
43
65
17
42
73
40
54
23
29
61
1
97
97
81
3
49
17
93
28
56
25
57
76
27
90
25
41
84
87
21
13
30
38
31
72
11
23
78
87
4
40
88
1
89
21
5
39
38
98
67
47
75
76
23
2
66
0
43
2
87
17
68
70
55
51
94
67
26
73
54
30
13
94
31
2
15
88
93
5
38
13
52
66
41
28
68
8
28
12
62
68
81
30
90
36
33
84
55
59
57
61
89
22
55
73
77
22
13
22
80
4
35
84
70
77
12
38
37
93
2
51
13
83
82
3
72
67
87
27
27
97
89
68
71
96
93
48
71
59
71
3
63
58
87
85
87
52
75
24
45
30
76
10
65
10
13
37
77
52
65
56
1
6
25
73
54
70
73
25
29
96
80
44
55
68
29
94
20
5
19
17
35
47
27
0
9
92
90
38
44
55
95
98
13
72
71
67
42
44
45
24
93
25
68
0
45
98
94
65
3
65
34
90
12
61
90
73
53
80
12
50
87
59
48
52
31
71
72
25
67
69
49
60
94
18
60
92
16
55
57
71
20
44
61
85
5
3
58
11
36
22
13
23
81
61
28
12
84
0
38
51
69
39
12
15
57
24
7
73
31
17
96
4
13
57
89
18
13
99
81
49
22
46
24
3
59
52
68
43
4
58
95
25
97
59
41
55
35
0
80
67
69
77
23
82
86
64
53
99
63
86
48
37
33
73
41
92
77
61
36
82
19
83
7
16
42
0
23
77
53
4
96
22
33
19
57
71
83
10
71
99
96
71
36
29
96
29
74
74
42
10
8
61
93
15
30
87
68
53
16
21
9
65
95
94
36
52
66
72
62
37
71
11
8
59
92
5
41
66
31
83
28
39
97
21
6
27
60
74
32
77
47
42
94
43
36
30
95
54
2
10
91
73
21
52
85
65
9
26
32
92
61
12
31
58
86
37
85
46
64
70
75
11
64
69
54
0
0
50
7
54
60
50
28
33
2
65
98
63
91
82
55
4
95
86
63
81
76
0
79
40
70
55
51
34
76
6
87
28
8
94
83
20
44
63
53
99
28
3
62
71
38
70
75
85
8
38
18
84
39
97
24
61
4
28
96
81
86
35
9
94
29
92
66
25
7
71
24
35
74
39
6
64
9
34
49
17
72
67
54
63
65
78
77
21
58
73
2
44
8
64
90
89
8
8
14
16
79
39
51
6
30
10
70
39
44
20
8
68
