314
9
85
9
78
58
70
98
32
16
90
61
56
29
34
89
21
5
97
22
49
32
12
44
62
43
51
77
59
10
57
18
71
42
27
50
0
49
0
84
65
91
46
21
72
32
10
93
90
60
67
39
44
80
83
7
75
34
84
34
97
42
4
68
36
83
70
37
33
71
21
98
14
19
72
86
4
34
31
94
94
99
85
39
79
20
46
6
6
82
40
3
76
45
24
13
28
46
2
61
69
75
12
83
95
36
21
51
70
53
97
17
4
82
56
83
2
54
89
8
88
81
64
65
26
40
30
7
86
32
20
8
59
32
43
54
20
65
57
43
70
54
60
74
88
68
9
42
74
50
3
62
31
67
79
10
59
9
69
97
93
89
5
53
74
49
59
94
66
69
37
88
23
49
14
64
17
23
6
91
25
9
54
8
28
85
70
87
95
39
85
40
29
90
93
55
91
5
1
9
74
91
97
49
40
63
13
58
38
20
1
63
81
7
24
10
93
94
97
40
34
34
80
15
77
26
22
20
83
23
30
57
14
79
58
7
95
72
17
33
44
18
97
25
26
21
87
71
67
37
11
53
71
43
20
0
21
42
21
4
18
3
13
84
34
72
91
29
96
8
63
40
27
12
17
5
85
57
28
52
94
91
58
17
34
78
70
8
73
91
12
91
46
78
75
80
2
67
10
98
27
25
90
54
37
59
11
22
16
39
26
62
30
84
32
