266
4
10
71
52
42
58
71
48
48
65
26
93
75
11
43
8
72
20
33
49
12
76
90
20
41
67
85
66
9
76
40
14
38
63
18
32
22
42
81
22
7
59
15
34
23
10
42
47
31
27
96
95
3
86
15
45
53
1
63
15
29
55
81
67
18
99
99
40
41
32
15
48
44
30
82
67
93
76
14
24
4
10
19
59
49
87
56
54
88
19
69
69
74
50
36
45
50
87
37
43
72
52
44
16
35
26
83
28
55
97
4
11
59
75
70
8
62
27
15
2
98
84
71
73
35
59
70
37
47
7
32
19
60
76
35
95
55
70
75
62
19
79
73
78
6
95
39
69
74
54
23
73
90
95
98
77
6
68
66
53
75
99
24
87
27
59
82
34
81
9
96
0
88
21
31
95
69
22
16
43
28
39
68
18
86
66
96
93
86
14
98
14
65
23
1
93
34
36
27
16
45
76
68
86
97
99
33
18
21
49
62
1
40
82
20
79
49
68
24
87
82
22
1
48
97
3
93
32
91
72
0
36
48
68
74
98
20
7
16
93
8
30
95
49
13
67
80
14
87
4
1
69
78
3
69
28
58
14
12
1
87
12
89
35
32
64
