203
76
6
27
36
0
29
33
16
60
91
84
26
63
76
50
40
71
45
33
49
84
28
62
67
37
48
2
86
63
37
45
39
96
24
27
96
54
13
12
14
4
48
92
19
25
42
59
96
39
93
98
24
73
12
43
11
61
45
49
76
83
46
68
79
70
95
27
24
60
40
91
65
40
35
84
65
78
44
62
69
89
12
93
14
24
88
25
37
34
26
14
69
72
82
0
43
29
27
67
90
19
10
7
60
46
43
25
76
39
39
45
28
51
91
95
28
79
20
65
13
47
31
34
71
13
34
14
95
14
34
85
33
44
44
93
42
87
19
18
27
10
64
7
62
7
2
42
86
75
7
52
74
39
86
45
4
73
12
51
87
46
36
20
42
32
66
37
20
37
55
99
47
71
6
61
78
61
3
17
36
63
69
62
2
7
7
58
32
71
10
19
69
98
92
12
31
58
1
3
47
56
2
94
