577
38
43
78
50
84
2
75
45
93
49
89
72
94
77
0
85
75
60
6
57
72
88
71
24
23
71
44
88
45
0
36
83
44
67
85
28
21
60
26
14
10
15
39
4
44
39
41
19
51
47
76
23
87
47
47
63
70
44
51
67
44
88
50
40
7
88
21
28
48
47
95
10
14
34
66
10
25
8
29
76
7
57
52
47
57
51
10
27
95
61
95
92
1
97
84
60
85
5
41
86
4
36
48
70
22
67
80
47
75
61
75
34
19
27
81
28
79
43
55
26
57
2
70
58
52
55
71
37
12
12
75
69
48
76
91
70
43
24
69
70
85
44
4
56
24
38
36
55
81
92
81
90
46
4
49
98
11
20
88
75
84
15
44
32
91
88
54
86
12
75
56
49
19
13
58
43
51
94
50
84
38
32
75
85
88
76
83
99
48
23
26
32
39
23
16
30
11
22
17
23
97
73
24
68
38
82
64
89
77
14
26
15
98
53
52
86
81
88
37
29
11
64
13
50
39
29
81
50
3
50
25
0
75
49
20
14
84
84
55
61
99
81
28
97
86
33
36
67
21
25
96
32
41
9
83
80
90
64
82
93
14
7
45
89
9
66
55
93
50
11
6
1
92
86
51
79
19
87
46
40
64
95
73
6
56
56
38
47
72
21
40
38
28
86
79
89
4
35
82
54
46
40
8
90
27
59
21
46
98
68
87
62
15
12
20
71
68
59
18
92
80
11
30
60
49
9
50
53
96
84
59
42
25
67
33
52
78
54
50
76
74
89
91
41
1
11
13
21
22
83
65
54
46
95
15
95
57
17
0
53
53
12
96
78
31
81
82
10
87
33
38
14
74
29
55
28
93
20
1
67
56
67
22
2
62
89
50
71
58
2
25
11
14
73
90
46
54
24
8
93
9
46
7
84
28
15
64
73
87
65
40
43
32
14
98
47
55
48
18
13
2
95
25
17
68
67
15
74
91
23
68
1
21
27
37
1
94
1
74
82
66
67
77
51
33
75
98
89
75
16
2
78
64
79
47
32
46
62
7
38
37
27
91
58
6
80
12
53
81
38
87
99
5
64
50
91
92
48
80
19
17
34
49
81
14
96
65
60
10
24
50
47
51
93
58
10
73
70
63
6
8
50
6
66
66
56
9
10
57
89
30
26
75
79
59
41
28
24
54
38
49
4
38
52
50
48
14
23
70
77
30
78
79
88
96
98
96
5
8
5
46
90
31
74
70
42
15
50
19
69
88
68
26
78
72
76
26
87
51
96
16
33
27
48
21
23
46
70
81
6
75
79
97
59
53
19
53
