740
99
96
23
13
90
8
31
13
49
79
95
83
84
93
47
43
51
29
63
34
73
61
4
19
33
46
19
62
13
68
91
64
65
67
77
55
75
60
21
76
92
68
59
76
61
7
20
65
88
35
99
61
49
55
32
34
53
51
97
66
72
40
31
37
59
60
44
87
73
65
63
65
86
23
93
47
82
65
12
70
53
63
83
2
18
16
36
71
19
85
90
91
78
73
80
37
33
25
76
6
42
40
23
28
15
17
28
97
34
92
19
87
56
2
89
26
18
78
98
90
15
88
81
93
61
14
83
46
91
59
5
33
51
28
14
66
45
94
15
32
86
86
19
94
89
9
21
59
39
71
49
54
11
83
0
72
49
35
70
40
46
75
25
98
4
39
16
1
85
84
33
24
22
5
18
11
66
91
23
5
62
24
11
73
59
63
97
8
98
20
48
97
95
74
95
51
65
63
5
3
99
90
27
22
95
45
85
61
89
60
66
3
85
30
77
96
93
26
5
92
46
5
89
94
79
36
45
97
51
2
0
3
93
27
77
88
24
62
2
65
75
20
69
60
50
98
56
44
24
13
88
23
19
29
17
50
17
62
99
20
17
99
75
10
78
52
50
55
67
52
72
42
25
41
2
75
39
10
71
16
76
11
91
95
92
8
97
61
22
97
82
39
48
57
49
79
62
52
34
29
4
6
71
81
0
25
57
91
87
80
59
63
44
50
10
36
58
8
98
33
57
32
72
5
41
74
84
3
26
70
32
82
29
55
16
29
32
73
72
20
5
32
83
49
82
46
38
93
54
88
26
11
72
50
16
13
76
53
69
54
23
1
89
4
9
5
85
41
30
58
61
35
90
97
37
24
43
27
69
49
15
95
60
39
98
28
52
74
33
73
29
9
75
18
13
36
23
99
77
53
9
91
40
51
40
29
75
83
56
45
84
23
92
96
62
90
76
67
17
10
40
46
19
67
16
84
3
91
35
33
96
44
76
36
95
16
66
71
51
74
68
35
98
60
31
12
3
7
79
20
17
20
18
88
39
86
25
95
77
60
28
73
5
4
61
0
72
79
23
23
54
43
10
4
56
41
16
59
0
96
31
70
68
1
58
59
87
35
54
64
96
34
89
1
90
2
53
62
82
29
37
88
24
47
92
80
88
60
91
41
56
74
11
76
75
21
36
62
57
42
26
53
77
67
6
67
70
11
30
4
92
67
92
17
15
36
49
55
96
41
96
5
67
7
81
43
29
69
5
38
12
84
91
89
3
49
8
73
60
38
77
53
58
21
22
25
57
71
80
6
64
29
11
32
36
44
75
17
66
32
7
30
68
98
71
72
99
79
45
60
18
75
65
28
48
87
53
58
10
33
64
75
62
75
59
51
71
86
20
37
18
28
67
87
78
38
59
78
18
56
90
88
31
55
16
80
94
21
90
56
54
54
31
69
81
42
72
52
28
44
42
47
24
9
86
3
0
45
33
70
53
23
10
37
30
78
69
24
99
59
80
5
13
64
74
94
58
98
98
87
43
40
86
19
2
72
22
2
69
55
24
74
30
34
11
60
12
80
36
11
39
69
16
52
85
43
46
43
93
97
82
36
37
68
56
39
92
30
93
13
38
17
88
20
3
99
81
15
80
69
78
19
38
47
72
23
90
70
19
83
67
1
72
57
70
80
96
14
62
90
