348
81
41
49
37
22
60
65
27
15
85
11
59
97
85
5
16
32
72
88
88
13
11
85
66
62
96
69
91
78
59
85
59
1
34
49
75
94
14
3
9
0
66
21
49
3
26
66
35
51
6
75
64
69
12
82
31
9
51
74
87
10
59
98
63
93
47
91
40
62
46
1
14
12
22
15
15
49
33
2
52
39
29
68
8
42
50
39
51
53
65
90
15
24
88
31
70
88
22
62
2
68
63
68
32
38
83
99
39
17
1
91
56
82
59
17
24
61
8
27
66
74
69
81
50
10
64
20
98
86
82
0
6
98
68
38
36
51
37
75
20
90
18
77
25
29
46
49
90
54
29
8
28
98
41
79
8
6
51
6
44
86
6
51
84
26
41
72
78
31
99
50
73
17
27
98
46
25
48
88
80
29
96
60
27
37
91
36
43
95
94
88
81
53
91
65
79
32
89
9
63
88
60
37
57
39
35
55
65
35
43
97
64
91
57
44
80
1
80
76
96
26
64
77
79
7
94
59
39
83
68
55
23
28
44
32
68
31
87
33
19
82
30
83
25
39
79
5
40
11
81
88
38
97
65
17
4
11
76
96
46
97
51
21
25
47
53
45
78
40
30
97
74
60
33
99
52
12
5
44
24
38
33
62
36
50
31
92
14
60
88
60
57
91
82
34
38
35
80
17
28
10
66
54
23
99
54
27
64
11
71
40
1
56
54
37
59
85
30
73
45
70
33
54
62
67
89
52
55
69
21
35
31
88
89
6
39
95
33
3
58
5
43
60
13
97
49
72
35
