321
49
63
49
17
5
3
68
79
25
72
41
14
79
95
95
41
48
89
11
34
51
76
18
53
27
83
58
18
21
97
33
22
13
83
39
18
38
7
50
64
31
43
30
63
39
26
4
87
67
67
73
18
43
43
23
23
27
81
93
0
31
27
22
44
62
13
62
0
72
64
16
55
8
47
18
47
25
22
86
92
41
59
63
37
54
86
60
81
68
53
33
99
32
7
95
94
20
9
95
44
74
11
0
82
10
18
81
35
93
67
28
86
78
91
23
32
77
83
66
97
89
99
48
21
59
43
68
31
5
63
76
79
26
28
61
89
98
42
24
91
61
52
30
39
95
53
71
73
89
89
70
78
41
71
51
0
66
19
31
71
34
59
50
13
87
63
2
86
5
26
29
66
31
59
57
26
13
29
99
2
18
22
32
11
45
83
11
11
55
43
83
89
2
33
54
42
97
56
28
54
35
57
73
66
17
30
92
82
11
44
36
82
18
68
93
63
3
57
26
10
0
9
0
54
95
54
96
44
63
76
50
98
34
23
16
3
6
60
37
69
4
73
51
74
93
97
89
48
54
16
59
6
25
11
12
20
17
61
16
80
37
67
30
23
90
46
78
48
7
15
18
63
40
21
38
85
70
79
34
76
95
93
82
73
56
47
45
73
8
62
54
97
29
36
21
71
83
51
20
42
19
90
5
11
11
95
97
34
75
31
10
22
76
45
95
32
92
41
57
52
3
