832
0
38
80
47
93
92
75
31
82
16
68
5
34
25
99
28
17
42
92
34
92
80
43
41
63
11
68
1
85
34
73
86
72
6
85
18
98
61
49
80
29
17
38
63
94
37
91
12
31
35
98
24
67
93
17
30
56
85
83
42
19
9
80
44
15
65
62
13
26
11
93
7
81
83
22
27
20
13
91
4
0
89
28
67
82
45
49
39
82
33
33
54
42
13
98
57
78
12
22
57
75
67
16
56
51
39
84
23
4
75
27
5
17
55
24
51
52
74
42
35
59
75
89
53
88
39
10
19
51
84
76
26
51
44
35
2
83
71
26
88
98
5
93
15
13
69
19
65
95
61
52
54
37
93
7
77
32
69
96
35
53
24
62
5
69
49
59
4
20
37
92
18
43
37
86
56
7
5
73
54
66
26
9
55
19
68
85
4
90
33
39
95
10
53
52
31
2
12
35
74
1
80
45
96
17
31
52
76
88
78
31
6
56
92
14
27
12
99
31
2
32
23
50
42
76
2
25
31
66
61
5
68
41
50
64
10
33
69
87
21
47
70
80
55
14
94
82
26
93
66
81
77
89
31
72
17
33
97
48
52
58
54
20
51
4
84
62
90
5
1
11
4
71
43
59
85
37
94
63
30
60
44
60
1
27
32
18
13
81
19
65
40
73
37
43
29
21
57
19
79
58
83
83
81
26
95
66
16
89
82
98
1
78
58
54
6
42
24
71
24
43
36
16
16
73
59
98
46
17
69
25
27
52
61
9
31
56
27
99
97
9
97
98
88
56
4
46
50
28
17
74
72
53
90
40
78
2
38
24
71
8
2
98
12
63
7
95
71
35
94
68
96
92
18
84
0
22
30
2
50
47
77
22
52
19
15
30
73
53
7
44
13
61
95
26
24
54
73
47
89
68
15
86
12
85
22
64
7
53
66
57
52
95
32
5
15
47
87
88
52
94
85
66
55
80
44
31
34
17
78
76
37
45
14
49
30
36
65
89
41
32
99
94
79
31
51
94
30
38
35
82
85
20
0
40
0
44
24
86
14
54
62
51
52
76
53
82
65
18
24
6
2
23
52
82
6
55
28
36
94
63
70
79
35
23
71
87
67
95
74
81
2
88
85
54
17
38
88
82
8
12
40
63
35
45
97
41
0
25
29
46
41
52
25
28
75
49
16
94
96
42
28
98
30
13
52
99
3
41
33
63
5
74
26
41
71
23
34
71
1
16
18
42
20
95
22
47
96
38
41
93
32
21
43
15
34
48
14
89
41
48
53
46
74
79
39
45
55
26
68
56
94
86
50
14
34
72
61
30
11
54
75
43
76
19
10
62
19
25
52
60
25
57
6
99
36
46
44
43
24
64
99
18
51
49
84
37
22
97
19
85
51
47
80
79
66
91
42
37
16
46
97
93
3
3
92
91
1
88
35
77
52
86
95
55
36
79
44
58
28
64
43
80
11
75
59
29
66
53
66
34
99
63
27
54
18
71
98
72
59
33
49
64
19
97
71
7
28
16
17
57
32
12
89
43
88
48
24
54
54
42
89
53
57
68
60
75
40
58
99
51
43
1
15
14
98
87
22
78
55
39
35
87
52
76
82
92
25
6
46
31
48
87
36
5
8
96
32
48
6
84
51
49
85
67
16
35
6
90
65
61
29
53
48
33
29
30
25
6
88
24
37
88
63
74
45
71
70
29
71
29
13
23
30
50
42
46
37
48
36
3
61
18
56
61
3
85
91
81
92
31
5
29
19
20
55
64
92
78
93
15
7
59
38
37
9
80
84
47
80
72
2
41
90
58
2
46
43
45
27
87
76
84
69
47
4
24
63
48
2
57
64
61
16
54
99
77
35
35
76
67
59
78
9
50
36
63
96
32
61
75
71
