603
82
26
29
42
21
0
26
65
58
19
97
34
4
22
50
23
16
87
40
8
99
56
11
39
85
38
80
74
36
4
55
19
83
36
13
4
89
39
70
99
10
19
85
66
93
35
41
10
22
34
18
73
90
81
12
27
19
44
1
8
1
8
79
84
45
92
40
86
83
62
85
45
82
70
12
27
57
5
37
79
39
7
5
81
88
69
9
60
14
62
20
15
71
99
51
68
91
91
54
26
54
91
71
88
61
35
15
18
41
5
49
32
12
6
14
53
76
23
65
42
37
85
9
60
84
60
28
27
51
34
5
57
25
76
45
38
12
13
8
5
18
58
37
82
16
51
35
92
26
0
86
16
37
95
76
73
7
5
52
11
39
57
68
17
34
66
55
98
79
64
55
49
74
92
31
90
96
19
35
74
71
21
90
61
69
67
34
76
24
87
87
15
44
56
32
30
74
40
80
5
56
35
54
30
80
37
72
28
8
7
2
80
81
45
41
50
12
27
26
88
14
66
3
11
22
88
93
48
80
74
53
36
9
7
18
41
96
42
69
5
50
72
37
83
17
78
33
81
5
11
21
72
77
76
35
51
16
28
99
96
2
52
84
64
11
2
5
8
45
75
13
47
99
50
82
68
80
15
1
37
78
22
61
8
98
96
59
15
25
11
63
27
63
48
43
27
2
49
35
99
76
0
46
75
2
28
43
34
95
44
71
26
18
85
34
68
81
93
35
6
4
99
86
20
47
81
47
49
30
34
49
6
86
47
33
88
28
76
22
23
72
45
49
42
30
83
11
12
29
46
70
85
45
8
57
44
90
56
46
72
90
95
79
76
94
64
16
22
41
90
98
65
36
99
60
66
35
71
30
64
69
53
1
67
61
59
11
3
15
57
76
58
4
7
86
99
71
3
73
64
93
71
82
81
71
42
48
58
13
30
74
34
83
75
1
97
34
13
0
2
22
28
60
27
35
46
78
59
1
51
23
47
75
5
28
98
47
28
56
12
59
30
47
42
57
0
91
92
65
92
46
88
20
6
67
8
4
97
67
58
48
90
5
75
48
33
73
95
14
81
60
73
11
59
67
69
59
59
13
77
3
11
65
23
17
84
31
73
81
50
31
81
41
88
57
89
74
82
36
88
64
48
61
27
59
80
48
19
39
61
48
42
24
13
18
41
49
1
67
30
52
50
63
45
39
72
86
13
55
74
1
71
23
14
98
82
94
47
53
86
60
1
28
85
66
46
78
15
48
97
97
52
48
13
97
39
85
83
4
40
57
57
11
32
71
62
15
17
61
20
3
21
74
32
58
40
30
89
8
30
86
57
34
86
70
31
25
8
66
81
0
24
38
64
8
61
26
75
79
87
96
82
60
