702
62
21
67
52
1
38
43
37
45
84
60
68
43
0
38
56
20
11
91
66
44
5
84
36
72
91
28
60
26
48
4
88
21
72
40
23
10
36
12
7
20
73
75
15
25
65
71
46
77
62
64
21
68
48
10
92
91
90
52
17
38
56
57
59
80
97
34
42
85
99
50
5
24
77
72
1
43
43
99
72
6
63
45
26
11
55
18
54
97
70
71
35
78
80
47
11
78
33
53
15
32
55
21
8
33
93
10
28
89
9
52
47
73
97
73
36
5
43
91
2
65
14
90
43
95
37
54
25
70
60
40
55
15
13
63
0
59
73
80
48
35
32
95
8
82
20
96
87
63
39
41
28
54
31
23
1
68
30
78
91
90
18
46
57
84
9
10
43
35
42
43
22
75
90
82
9
10
78
96
73
18
37
53
24
69
76
77
89
58
55
80
0
25
78
10
9
40
20
52
75
14
95
97
41
85
79
50
47
9
46
72
27
36
25
3
57
54
80
98
64
35
79
65
13
9
75
22
49
47
27
24
61
74
73
3
12
4
53
59
66
52
32
93
40
9
49
97
15
29
95
80
17
26
97
30
36
24
4
37
71
31
62
84
6
87
87
18
44
93
77
10
97
61
55
37
23
4
86
90
86
33
22
55
60
19
37
48
43
41
85
14
73
99
51
31
39
38
49
83
83
78
45
80
92
52
17
15
9
3
57
95
37
80
2
49
99
39
49
95
32
86
61
5
86
12
88
77
51
37
12
86
68
57
67
60
61
36
27
70
92
84
65
81
64
19
82
16
58
31
11
43
69
72
48
7
85
89
84
88
26
96
74
94
5
93
6
67
82
33
37
74
70
55
7
34
74
89
50
85
72
61
28
41
86
28
49
71
17
85
59
96
82
85
42
39
31
49
6
13
34
96
39
4
3
46
91
77
87
41
14
11
55
42
52
93
23
53
64
40
39
75
36
73
12
79
12
43
80
71
56
14
19
95
19
22
93
10
51
80
3
66
91
10
8
96
3
83
1
19
24
40
46
12
65
59
43
30
2
23
53
11
38
72
58
9
46
52
71
97
84
26
63
28
37
24
24
92
7
77
64
83
70
10
96
35
21
39
65
76
63
70
87
53
42
97
62
40
1
33
38
86
11
1
66
48
77
42
93
85
19
9
68
89
71
16
25
93
56
42
69
71
13
8
24
7
5
86
48
7
71
38
45
82
39
11
83
69
53
28
6
24
37
74
14
8
43
91
53
99
33
22
70
98
82
46
58
88
32
6
47
55
44
44
89
35
7
72
56
12
52
62
36
41
89
50
2
32
93
55
83
27
30
53
77
12
99
35
52
83
93
51
90
89
95
79
77
2
4
33
14
56
96
3
98
37
5
0
69
99
7
52
78
37
57
55
2
8
43
54
91
88
6
33
78
53
12
7
8
16
40
74
25
88
77
75
77
83
27
46
34
34
50
12
24
7
19
26
67
62
80
58
3
38
43
81
44
56
88
52
24
80
78
49
21
8
24
98
43
51
97
77
38
47
41
62
7
60
88
74
75
20
85
78
11
28
11
55
36
51
59
61
83
89
10
4
97
87
55
40
90
52
17
