265
4
52
91
2
4
61
49
73
89
42
9
4
23
58
8
50
76
99
14
18
21
48
51
86
55
44
40
31
98
33
35
2
85
78
57
41
92
6
14
81
48
76
38
71
34
46
73
62
97
87
80
19
87
32
5
95
76
98
26
27
83
13
29
21
44
86
62
36
44
29
69
92
5
7
15
91
5
41
54
3
28
86
74
68
18
31
63
47
29
89
74
13
54
55
34
98
94
96
86
38
77
56
83
82
15
50
26
73
91
80
28
20
66
2
88
37
33
3
36
63
92
62
28
98
17
62
97
11
10
83
2
88
91
37
22
59
87
48
84
79
28
12
51
47
66
39
36
99
94
72
14
86
34
42
84
3
56
33
67
67
69
69
55
60
6
77
71
93
26
55
24
6
19
75
5
85
66
41
85
60
13
51
98
47
94
35
51
50
68
70
69
37
39
76
50
97
6
21
42
32
77
67
90
96
94
96
34
61
37
71
21
3
22
72
2
68
7
5
71
75
75
40
13
66
17
63
63
23
36
6
7
13
25
49
62
19
97
96
80
87
19
54
90
41
26
92
10
33
50
81
60
25
73
25
92
90
40
55
65
77
13
24
90
90
74
