870
62
10
35
28
55
83
49
76
31
58
86
98
33
99
61
22
61
78
27
32
45
7
99
43
31
63
48
33
57
79
3
71
89
90
51
96
73
52
25
56
10
11
54
43
62
68
18
23
46
97
8
43
5
59
86
88
23
34
73
32
14
28
3
55
18
6
4
44
59
29
0
69
92
7
65
7
27
35
30
25
32
90
69
89
50
55
29
73
90
2
5
56
30
60
63
1
18
67
45
77
96
97
99
41
56
16
48
83
51
30
61
35
21
30
77
23
85
6
48
27
61
5
35
91
65
99
44
83
66
89
13
15
39
12
56
47
28
4
31
31
86
44
18
59
74
95
82
11
54
30
39
15
35
74
58
52
25
3
88
92
44
1
59
83
65
15
31
93
71
14
76
57
58
94
17
84
42
51
95
48
34
34
15
21
61
73
74
86
28
62
30
73
15
89
8
80
56
91
25
27
57
53
37
67
99
6
51
41
9
99
41
43
85
56
65
46
82
91
85
62
5
67
35
20
9
96
52
65
87
77
45
97
30
34
64
29
92
68
23
1
67
16
45
4
25
62
51
7
53
88
69
58
7
57
30
16
53
82
34
92
59
31
41
41
65
6
22
57
26
97
58
45
14
55
49
39
17
52
98
70
92
19
80
0
76
10
68
81
92
2
26
3
85
67
44
50
25
19
59
3
16
70
48
82
25
50
21
43
54
71
65
47
91
46
99
19
56
67
53
49
22
31
4
59
98
1
10
24
20
21
79
88
91
80
71
17
30
44
12
84
68
77
83
11
75
82
82
32
2
35
33
76
66
37
35
17
90
97
93
10
19
72
99
10
52
22
27
34
66
91
19
34
21
54
97
96
37
80
80
91
15
65
67
34
55
2
3
45
52
96
56
71
68
7
81
73
81
61
7
99
52
78
86
73
33
83
70
70
63
2
61
79
68
80
65
23
34
68
20
86
64
28
57
84
35
91
9
16
52
17
16
56
95
2
30
28
37
52
50
1
54
63
32
74
95
97
49
30
17
70
68
33
98
78
69
86
69
79
54
21
96
22
77
43
76
59
24
14
11
74
15
18
90
47
92
85
96
42
67
13
12
36
46
62
14
15
48
83
46
3
56
42
25
85
38
2
97
62
16
8
88
31
78
78
30
71
16
26
65
83
91
29
19
37
91
85
4
92
68
51
95
76
45
20
14
83
74
11
97
90
71
86
73
50
16
3
73
32
81
90
16
72
19
87
9
62
73
66
54
93
69
1
22
66
22
36
50
48
47
47
39
70
85
64
20
2
68
45
34
1
35
2
74
6
42
35
69
67
1
75
12
22
77
34
89
51
22
91
99
21
90
90
92
76
55
64
30
75
10
64
28
45
19
2
52
13
38
73
80
91
0
92
14
29
79
55
80
1
46
32
23
36
74
67
64
81
31
94
8
41
11
37
39
82
39
43
95
29
16
27
21
68
71
87
98
50
42
30
4
40
62
27
28
89
94
45
70
77
39
79
19
50
68
58
84
7
1
79
37
69
6
10
37
78
49
87
80
43
18
84
83
80
63
63
21
9
8
92
87
48
23
6
50
91
16
35
98
69
66
87
38
25
49
27
3
98
15
35
41
33
72
76
65
35
40
87
97
48
79
84
96
2
42
99
45
10
86
95
79
52
83
17
77
84
96
32
83
11
68
24
44
40
1
10
27
93
49
76
41
80
12
90
82
6
89
79
16
27
74
95
79
57
64
9
94
61
41
77
24
61
53
69
53
6
31
81
99
32
57
93
12
22
83
46
28
24
25
45
51
99
92
82
9
9
91
3
22
33
32
46
94
85
67
0
44
98
81
95
30
90
88
42
12
23
88
93
47
65
38
50
65
82
85
74
91
76
77
13
61
9
60
8
46
27
8
90
78
41
86
60
83
26
55
48
50
95
41
97
61
79
0
26
61
85
52
5
61
81
18
75
42
30
83
88
10
91
31
88
32
69
