481
48
6
79
69
39
89
56
98
39
72
9
46
93
11
45
9
86
82
61
16
97
38
48
90
99
11
96
15
93
79
6
42
37
38
63
77
79
71
27
18
43
37
64
36
48
9
97
35
43
11
3
41
49
52
83
48
15
79
15
61
10
22
55
0
60
18
77
91
89
56
10
33
93
26
21
42
88
19
29
31
30
32
24
31
36
7
80
4
39
47
65
49
69
20
1
81
38
30
25
79
87
35
64
80
13
86
74
53
57
55
85
39
88
61
70
76
21
2
32
60
50
97
61
71
69
63
5
7
93
30
87
80
17
51
13
82
89
87
36
98
43
73
37
83
34
60
11
55
62
44
67
64
93
81
36
63
44
93
70
89
23
9
22
92
13
35
74
54
74
10
53
17
83
90
52
70
2
64
77
65
8
45
29
1
26
17
64
22
10
87
63
85
48
85
77
61
20
52
16
47
62
21
64
98
63
17
68
66
33
45
31
41
42
12
94
20
82
11
42
92
50
6
30
50
43
7
12
16
11
80
63
26
53
27
24
16
96
44
82
29
41
65
22
36
78
69
56
60
32
51
4
34
9
86
84
52
46
48
20
57
80
83
83
33
63
59
50
11
3
32
93
97
98
15
33
28
36
41
40
20
92
96
54
53
83
39
6
29
87
78
38
20
62
22
53
77
81
55
88
37
88
33
86
38
49
19
18
37
12
58
58
5
6
12
58
41
3
16
22
43
47
61
63
61
83
68
38
16
24
78
5
64
12
91
2
13
62
72
50
75
82
60
32
88
25
42
30
28
11
52
23
58
13
86
19
48
7
57
17
31
87
22
95
51
66
49
64
28
73
67
55
55
27
39
43
4
82
25
85
93
30
8
3
95
47
22
96
54
31
13
85
18
87
32
22
53
33
86
34
6
5
89
61
33
81
56
89
63
34
74
8
64
83
11
11
30
33
7
36
16
20
73
86
8
5
8
61
90
95
47
96
0
89
9
85
70
65
75
33
99
1
93
15
84
4
27
66
89
34
2
5
55
75
43
15
32
52
28
22
99
76
70
51
17
79
89
87
45
16
72
96
17
65
12
2
21
91
68
62
25
23
