871
0
15
95
55
63
45
3
56
95
64
35
47
42
49
32
46
6
45
27
24
20
69
55
55
9
65
46
40
5
30
61
57
98
9
65
13
6
68
70
1
84
57
0
78
58
84
24
64
30
51
41
2
20
96
10
81
13
8
74
70
39
35
27
89
44
92
54
51
12
24
4
96
34
57
74
44
41
98
9
23
49
50
78
21
98
88
55
63
96
29
85
87
64
12
28
61
57
83
64
69
59
68
18
45
25
92
90
19
43
99
42
44
1
20
66
51
60
73
14
57
2
51
96
66
15
25
79
72
60
43
94
19
64
12
65
89
4
55
60
47
6
3
92
59
75
10
10
36
83
76
45
37
27
41
3
42
18
35
67
78
78
61
50
42
73
67
84
29
74
44
29
32
47
73
91
23
35
53
11
70
29
56
7
8
97
62
2
68
97
69
98
76
82
48
18
7
67
2
37
41
99
18
73
98
43
16
21
78
69
84
48
50
40
7
58
90
69
61
58
67
82
56
43
65
57
13
72
76
68
61
18
67
31
43
65
74
60
39
52
29
23
52
80
16
59
90
6
29
3
16
48
86
24
43
3
33
56
27
10
76
41
80
95
72
23
61
47
35
52
51
17
27
4
49
43
15
39
1
44
43
17
44
81
42
87
36
27
96
15
37
72
56
17
68
29
93
81
28
28
85
79
45
12
35
94
8
51
86
9
47
81
79
92
14
73
79
50
0
75
65
38
0
74
7
68
55
0
1
83
29
86
14
26
50
50
21
10
53
59
20
0
40
51
44
54
76
76
56
76
3
21
66
3
47
26
23
2
26
24
85
7
62
52
34
65
54
7
75
7
66
47
59
6
98
56
60
74
32
16
3
87
89
21
91
37
47
66
91
74
91
29
81
5
81
67
70
87
74
46
94
40
93
5
46
44
13
58
70
97
26
73
85
68
47
76
57
94
42
48
68
85
77
2
43
10
69
65
97
44
11
43
84
57
1
83
53
14
93
23
12
20
49
97
40
96
25
97
42
19
45
11
57
75
65
0
85
34
65
83
78
29
26
15
38
27
50
43
94
95
66
58
67
67
7
7
15
32
4
58
3
2
21
12
77
86
12
62
20
30
97
51
11
76
18
1
55
20
44
49
15
62
7
83
30
14
42
97
98
47
7
54
49
80
66
78
66
31
40
39
13
38
42
24
66
12
25
21
32
69
71
99
31
30
34
13
45
77
63
95
76
22
49
77
3
68
55
69
99
95
60
12
85
2
88
3
14
13
25
98
34
96
50
17
26
36
83
23
65
98
71
41
20
72
18
23
40
25
93
39
73
53
3
58
8
91
14
74
56
39
25
42
35
75
12
13
63
95
89
29
93
12
70
13
84
41
37
77
66
82
68
39
87
72
50
95
15
64
70
72
3
95
66
90
22
78
55
85
25
96
66
70
8
37
36
45
30
25
22
48
7
90
40
46
62
90
42
30
6
64
54
61
11
20
3
33
51
58
70
76
7
37
99
67
26
35
12
8
60
34
56
19
77
96
65
91
38
7
21
96
23
75
57
34
96
12
19
99
23
42
27
30
31
26
97
9
61
62
17
73
96
25
92
73
74
58
17
64
17
38
61
93
14
70
27
62
83
99
61
6
41
88
36
24
67
85
33
28
47
2
54
96
79
46
21
53
56
38
18
74
77
31
19
91
1
46
5
36
97
18
42
90
58
30
14
25
16
99
6
63
1
60
11
81
58
33
86
15
71
56
41
0
87
60
43
41
58
48
77
56
66
20
46
25
2
13
2
18
12
8
34
66
20
45
47
79
30
85
94
2
42
87
2
81
47
46
74
5
46
52
61
65
24
60
90
26
73
44
97
37
53
31
3
73
28
2
4
59
88
98
61
82
85
15
15
84
13
90
90
12
94
3
77
70
15
67
96
88
63
45
78
16
76
81
42
57
36
46
16
76
97
29
10
34
96
25
19
10
67
9
22
61
