795
7
4
25
80
44
71
21
94
43
18
16
89
12
23
68
79
30
25
80
55
73
14
90
36
11
81
63
76
16
45
98
23
1
23
4
97
47
25
43
90
96
59
79
60
35
47
39
65
25
71
72
50
86
14
38
49
95
2
78
12
99
76
87
52
51
91
49
98
69
92
40
17
51
72
77
38
71
17
55
48
40
27
98
26
42
37
28
89
91
6
53
42
34
41
94
85
84
43
36
5
87
28
22
90
0
0
29
24
69
84
72
9
64
23
88
58
60
16
47
3
74
1
45
60
94
39
45
78
34
33
84
21
62
58
11
14
58
92
38
79
29
63
89
93
86
29
51
98
97
50
53
71
51
98
31
97
89
28
76
75
62
12
96
76
70
59
90
81
4
81
60
33
96
49
26
82
78
29
32
27
79
85
98
83
83
81
80
24
62
8
99
24
72
47
52
43
58
42
24
62
75
36
95
71
38
73
5
68
54
37
96
86
22
94
69
57
28
1
33
90
62
32
66
34
79
18
77
38
12
53
52
40
90
48
11
28
73
69
96
28
6
92
66
81
39
35
90
19
88
24
9
50
56
27
85
88
97
14
78
61
20
30
1
10
30
65
90
4
34
38
84
92
83
50
73
74
37
64
93
77
40
54
28
96
81
65
36
78
31
14
91
51
45
93
13
75
58
55
31
44
94
67
36
77
69
62
51
6
26
96
36
66
50
64
14
31
81
51
61
12
17
4
16
14
97
29
42
7
85
73
3
31
93
40
60
62
2
63
21
80
59
57
98
9
73
64
92
54
15
5
18
85
9
34
99
59
64
41
66
1
67
70
32
12
62
92
26
16
55
47
96
14
56
46
75
29
10
19
35
78
24
6
63
85
40
14
44
56
8
63
9
27
33
41
39
47
85
65
63
40
65
11
6
21
57
33
3
19
52
38
97
76
44
60
14
37
27
58
45
35
21
55
14
6
96
5
53
34
70
68
74
87
79
33
9
88
66
12
8
71
2
5
99
99
18
13
36
97
72
33
32
93
88
98
0
37
3
5
71
25
74
97
13
5
30
74
46
49
86
54
20
40
11
19
91
81
33
79
78
57
13
62
2
1
60
2
38
15
60
61
41
86
59
54
43
41
28
89
90
66
95
62
6
7
34
98
40
67
29
71
76
42
33
78
44
46
33
34
61
93
96
2
31
7
8
74
48
36
64
39
2
59
53
61
18
87
11
11
6
40
82
82
83
67
61
79
65
46
13
27
39
61
81
22
68
90
96
17
78
12
8
81
24
61
94
94
49
5
5
7
97
39
90
32
7
3
11
72
49
77
51
40
90
85
62
59
27
58
28
5
71
88
86
95
49
32
89
50
89
47
58
87
86
0
19
45
3
83
18
52
60
21
92
50
58
54
61
85
64
41
91
35
29
29
82
31
62
72
81
51
19
91
38
57
91
10
3
94
93
73
98
5
94
90
7
53
96
21
38
61
62
81
48
44
11
31
75
73
55
8
76
26
0
67
83
43
77
86
38
22
59
88
79
6
31
38
59
27
59
49
40
74
31
89
18
94
72
45
67
27
53
95
53
53
62
36
97
39
75
87
13
34
27
92
40
58
31
51
38
42
53
78
16
36
19
86
30
43
31
49
70
85
44
75
90
7
64
39
98
39
78
12
25
6
56
18
64
39
21
2
82
74
33
50
10
4
37
92
0
68
41
22
5
38
98
96
45
14
35
95
5
66
7
82
72
16
0
36
55
22
91
37
48
76
88
11
32
25
3
84
45
97
7
51
35
57
99
32
71
86
27
28
52
87
10
