691
19
98
72
37
53
72
30
70
99
20
35
23
34
57
98
54
30
42
95
32
62
68
52
19
4
98
27
65
97
16
38
16
15
62
5
20
34
35
90
34
7
77
9
42
35
7
48
17
2
96
50
64
64
54
35
20
52
62
85
49
30
76
18
45
38
23
17
25
11
7
59
18
37
68
12
24
27
61
41
29
57
91
45
73
45
80
93
50
94
30
51
25
58
69
22
49
93
40
74
56
99
85
74
36
53
87
60
32
0
54
62
9
97
59
82
43
40
27
45
34
9
96
11
68
18
34
17
11
26
43
67
25
28
93
14
33
32
26
65
32
80
79
41
78
39
75
73
31
2
18
17
64
66
29
32
84
63
1
47
89
96
66
66
24
12
80
57
44
7
74
77
39
54
70
69
45
46
42
76
0
12
93
64
31
22
48
67
37
1
15
78
97
33
45
21
97
25
30
42
84
5
71
76
11
41
45
56
39
88
84
40
52
77
56
83
52
5
51
89
6
18
68
56
3
13
77
1
90
60
43
27
65
14
3
76
7
48
84
47
88
68
39
41
97
95
24
49
0
75
39
59
93
59
15
97
24
44
50
14
4
93
93
21
59
96
49
18
45
33
65
85
53
56
26
51
52
51
0
4
26
91
15
72
2
82
21
26
27
71
93
83
16
86
57
75
35
6
93
32
92
11
17
45
67
44
48
71
95
1
28
73
92
43
97
95
78
70
73
57
93
18
40
9
5
97
36
40
56
82
72
48
45
41
45
64
85
46
36
32
47
16
6
39
11
55
86
89
26
12
46
19
30
39
29
35
36
17
27
44
99
51
44
44
93
42
9
30
88
97
63
35
65
69
74
76
24
13
66
2
25
64
22
55
3
3
43
92
20
22
36
72
74
81
68
19
23
29
49
63
78
64
98
43
33
24
20
10
37
38
12
14
2
86
22
6
41
17
98
62
39
86
86
65
67
54
36
42
36
86
5
14
2
55
10
36
80
30
98
69
20
62
36
74
1
58
80
42
75
30
56
66
17
42
32
36
49
68
31
85
6
88
51
9
44
61
97
76
43
47
45
15
9
81
90
62
91
70
5
66
53
61
33
70
56
17
6
5
85
37
42
44
26
45
53
22
7
2
98
2
49
43
18
10
77
8
73
68
30
78
35
83
91
20
53
47
37
12
52
74
1
46
18
27
92
23
49
99
77
99
53
26
43
71
89
20
31
62
40
62
92
75
97
83
47
51
31
36
15
83
11
16
82
81
96
74
57
97
25
34
97
78
13
40
2
2
12
33
16
52
47
8
80
45
91
27
48
22
64
15
58
27
31
40
60
27
14
17
25
91
4
22
69
17
14
23
71
78
9
87
30
56
47
62
53
38
90
53
13
6
68
71
85
52
63
45
79
29
15
56
20
19
30
41
88
44
65
11
74
74
50
5
82
97
67
88
35
9
41
0
67
62
71
52
14
86
50
45
15
65
54
87
36
84
81
76
81
46
39
55
72
89
12
6
86
80
94
73
41
88
74
9
50
97
13
16
36
63
61
3
80
15
91
68
52
72
96
85
70
35
40
94
