368
36
0
73
59
97
0
77
25
7
4
39
56
28
52
1
71
33
35
96
63
56
4
76
35
46
22
42
36
0
95
38
88
96
11
47
45
11
24
70
70
80
61
78
9
13
79
32
98
66
29
61
74
85
37
9
31
59
51
68
11
47
6
99
95
17
98
40
80
75
62
2
55
76
80
16
41
59
1
40
77
30
1
51
67
91
60
98
50
63
66
14
62
24
65
57
93
64
49
25
91
64
27
98
40
7
15
81
18
16
21
95
98
75
46
65
66
58
15
68
22
34
82
84
58
48
94
4
12
43
29
55
7
57
53
99
64
68
81
83
36
2
30
34
29
77
51
95
35
67
64
9
53
46
94
63
94
88
67
58
83
97
13
43
6
19
42
22
87
75
5
76
30
88
62
59
65
14
55
52
33
19
62
86
17
8
49
64
48
69
22
31
66
88
26
24
7
21
46
46
48
4
22
78
92
85
38
57
51
45
61
84
16
23
22
33
31
23
97
79
92
72
63
10
60
41
34
67
14
81
65
63
85
88
41
29
25
31
38
76
76
99
12
92
75
86
26
58
9
75
90
54
47
5
16
7
46
3
26
13
36
92
76
73
32
69
2
57
1
40
33
77
91
97
22
66
83
48
25
44
75
15
98
23
20
67
82
18
70
9
31
58
53
59
31
85
29
33
42
82
25
27
11
16
24
33
35
7
33
12
51
9
27
2
32
99
69
14
69
91
75
53
49
28
64
32
13
45
17
55
27
42
82
91
10
6
24
45
65
58
57
17
67
36
19
51
87
40
65
9
83
41
14
32
21
78
64
35
76
81
42
3
75
77
94
85
35
71
83
