442
61
47
65
58
90
82
25
76
23
95
64
53
93
21
52
56
37
34
24
7
65
89
28
75
17
75
16
84
43
53
8
56
0
25
14
90
7
40
19
82
87
83
87
81
4
39
89
93
25
14
0
90
55
29
18
72
56
86
8
51
39
16
7
39
93
74
82
53
66
1
35
5
36
75
38
92
66
28
85
92
94
37
34
49
66
4
73
23
91
81
26
82
49
34
22
42
60
4
95
78
57
83
83
93
58
22
85
24
2
70
16
96
7
3
45
26
7
70
1
98
51
27
81
0
13
55
94
25
11
90
3
20
25
87
13
83
61
98
59
63
20
76
11
79
31
8
5
38
78
58
37
29
38
70
29
51
77
75
29
40
65
32
60
90
71
73
25
32
23
85
47
95
13
58
74
44
18
32
82
96
42
71
25
80
93
6
84
70
82
13
62
99
45
22
90
69
47
67
53
22
52
1
17
65
11
44
61
82
28
44
78
70
15
4
51
61
62
35
83
44
0
46
44
45
20
86
66
20
53
20
42
58
73
12
75
36
8
37
18
36
81
97
6
48
53
57
9
15
44
45
12
44
91
8
42
11
94
8
83
99
80
78
9
53
90
85
42
98
22
60
34
3
9
40
3
62
50
65
30
46
10
42
91
53
50
85
16
96
45
0
95
26
78
5
79
68
90
73
18
64
34
4
19
43
96
22
58
46
39
88
45
49
30
36
2
32
21
71
28
66
71
75
44
49
80
76
69
22
49
87
38
83
43
57
79
39
80
89
38
71
77
83
73
59
71
27
91
44
98
19
10
69
94
7
18
27
83
39
1
32
78
40
68
21
49
99
61
81
88
51
53
17
34
26
76
57
53
19
1
52
90
63
73
36
70
44
15
53
83
69
86
62
61
6
35
10
5
48
92
45
99
45
62
85
23
90
42
28
9
43
32
51
7
6
87
77
50
3
83
85
72
21
47
33
27
35
95
84
83
87
29
83
84
91
20
59
81
63
88
42
58
20
