630
32
83
84
93
98
57
56
73
74
65
17
65
77
6
91
71
82
94
30
77
9
27
70
88
7
81
22
44
88
33
35
21
69
72
66
19
29
74
92
55
39
9
72
17
15
63
40
49
9
71
27
70
50
49
10
57
82
85
54
71
70
89
44
39
13
10
10
95
84
2
50
75
63
75
92
31
90
85
80
0
56
59
70
6
8
33
64
91
18
70
14
40
11
58
80
25
68
42
20
52
45
22
27
60
97
72
91
40
57
24
40
65
83
62
71
44
47
87
87
65
9
1
6
21
59
38
98
79
80
18
83
77
92
10
90
42
34
33
82
43
57
74
8
93
88
32
89
36
71
76
1
81
77
59
2
88
49
0
67
82
70
50
11
14
12
1
8
99
35
90
42
44
16
3
89
5
87
78
41
58
54
94
91
83
6
45
23
55
97
42
89
67
92
1
34
57
54
42
56
41
85
50
86
1
5
27
6
92
6
99
51
12
94
42
48
0
88
71
7
85
14
97
5
58
50
39
15
56
33
23
98
18
26
36
72
31
63
30
24
21
30
27
34
24
69
34
24
9
5
83
47
71
32
52
30
82
43
97
91
28
73
41
99
99
77
71
30
92
1
6
66
31
33
52
7
55
86
31
64
91
67
63
63
99
15
45
34
10
42
25
91
15
18
90
66
47
61
97
39
14
3
57
46
89
9
53
44
95
37
8
39
4
72
2
55
39
99
89
2
93
66
93
9
84
83
27
31
96
24
23
10
80
80
56
69
42
62
13
37
51
73
76
7
97
30
62
89
29
4
43
75
22
36
36
59
71
63
42
67
88
17
29
20
50
86
41
92
0
54
29
51
79
58
58
29
40
72
18
22
28
61
97
51
49
33
62
20
96
4
39
36
22
68
56
72
6
97
64
6
3
45
9
35
55
19
64
96
44
34
18
72
95
15
75
96
48
37
16
44
42
7
33
16
75
89
88
34
39
4
92
42
1
2
77
57
73
41
53
17
75
23
42
22
38
17
18
38
55
86
34
49
93
67
65
21
57
5
55
96
61
99
90
62
1
68
71
27
61
24
96
89
99
38
63
37
56
34
75
63
20
62
12
66
29
29
39
38
86
46
34
47
45
25
61
99
45
33
26
58
9
74
47
9
13
63
98
69
97
26
84
69
88
96
35
17
77
26
56
63
72
42
62
70
19
23
69
16
8
47
75
70
21
74
31
34
37
29
55
86
55
39
56
95
87
43
65
64
70
73
79
94
15
41
64
87
65
33
3
25
32
30
95
54
5
26
40
94
8
48
81
15
87
89
11
27
32
76
91
54
49
23
49
16
64
65
55
81
51
59
7
83
41
54
89
98
33
30
93
41
78
26
56
17
67
67
44
99
95
88
6
96
11
7
13
75
72
68
9
23
79
68
7
21
22
48
19
55
78
64
48
