488
83
87
7
89
26
26
85
38
3
10
6
45
7
53
71
5
49
69
73
58
2
17
54
22
72
37
54
91
67
39
81
50
26
88
91
53
14
76
91
69
86
49
15
93
2
86
98
3
7
23
14
9
92
68
83
64
57
89
8
24
29
89
74
7
77
65
12
91
41
3
12
27
4
79
72
59
65
70
14
25
93
28
34
85
96
70
1
5
59
9
29
88
98
55
48
75
72
60
18
13
16
83
92
20
62
64
31
80
86
46
5
31
74
91
16
23
61
70
28
21
79
10
61
30
17
9
5
90
70
76
3
86
11
48
58
73
12
90
53
51
36
10
82
62
2
51
85
63
21
66
84
52
28
98
82
45
7
40
35
77
16
91
15
27
39
26
52
3
16
58
54
4
68
89
66
70
40
52
86
13
18
22
65
98
20
48
43
28
40
79
57
8
70
25
87
61
51
39
16
19
97
23
23
18
12
89
40
4
41
26
17
11
49
34
9
21
34
5
1
74
84
59
82
6
36
21
19
39
61
35
58
10
10
81
80
74
70
21
78
64
47
47
27
48
82
89
70
68
94
71
43
30
82
77
88
70
99
59
9
12
46
67
22
57
0
3
31
23
76
62
39
23
9
66
24
43
7
94
12
53
17
7
35
52
84
75
22
83
34
32
95
81
51
70
38
52
25
21
27
1
83
66
76
45
84
0
40
92
46
52
97
64
59
33
16
96
60
90
31
95
74
79
76
26
49
66
30
26
87
57
27
23
23
55
68
7
56
8
51
2
13
1
18
72
86
86
20
46
77
52
41
3
31
17
29
80
83
11
58
23
68
37
46
43
92
14
3
0
74
6
55
87
7
73
12
93
12
84
92
41
36
33
44
67
3
26
99
86
37
57
61
58
94
7
53
39
73
56
39
0
15
46
39
22
72
51
68
84
36
60
77
24
93
21
92
96
47
91
35
37
1
48
47
47
56
0
86
81
9
78
81
24
24
21
46
96
24
66
32
12
26
9
37
72
83
29
20
30
72
7
19
73
56
66
21
64
67
59
45
28
89
27
52
66
48
98
62
24
65
47
37
43
56
74
15
39
3
36
22
27
43
93
1
51
60
74
15
79
