590
43
92
42
7
98
55
78
36
29
30
29
8
27
97
95
28
53
93
55
74
19
89
44
36
12
95
62
7
6
43
78
1
87
73
8
85
28
38
74
57
68
3
18
47
0
13
76
54
6
83
80
26
73
24
14
85
19
77
92
77
72
22
79
59
95
87
96
75
26
70
33
94
26
3
42
78
16
70
84
74
53
64
0
78
40
15
63
11
44
7
89
16
82
68
75
77
7
23
53
33
46
38
80
72
41
74
50
9
96
87
83
1
3
36
80
44
3
95
55
47
3
96
63
85
64
90
14
24
65
19
57
11
9
89
83
2
63
86
11
59
73
47
61
76
83
41
72
86
88
80
33
91
76
48
28
93
90
95
17
55
14
26
67
76
16
2
78
79
40
90
91
65
37
4
94
72
97
66
58
85
46
43
29
75
43
57
20
33
4
89
88
19
15
7
47
83
10
25
63
50
67
6
16
4
10
62
76
7
28
86
44
27
29
73
54
24
31
74
57
87
63
98
58
30
5
5
14
67
31
29
70
98
35
38
55
97
0
83
56
28
70
0
7
51
74
61
76
57
35
85
44
50
83
3
33
89
8
47
8
91
28
78
90
63
16
45
12
16
80
68
97
50
68
4
54
94
66
82
51
53
67
48
56
51
51
89
92
11
88
0
3
16
79
45
79
47
42
43
64
22
11
61
25
31
65
79
26
83
13
29
37
80
77
45
83
80
34
27
44
22
28
99
90
59
44
21
6
86
64
22
8
75
83
33
58
1
64
36
36
77
66
25
10
95
70
93
28
56
21
24
30
1
23
20
12
67
41
70
5
5
93
13
32
28
99
91
81
15
79
18
45
45
43
55
93
66
0
73
22
73
97
53
74
20
25
38
87
67
9
44
72
54
9
57
82
60
0
16
76
79
34
73
77
29
80
70
95
80
43
70
54
40
75
80
12
0
71
51
67
80
95
92
34
4
49
68
65
49
84
93
80
70
66
57
52
46
27
47
78
22
69
84
14
44
17
26
45
88
77
64
20
24
56
6
29
57
74
94
58
11
39
39
33
5
96
85
3
76
85
81
98
54
66
65
99
83
91
96
23
21
60
43
45
17
49
74
74
75
20
85
38
59
24
72
16
20
57
19
48
42
53
47
49
19
12
48
54
55
96
77
76
56
20
74
73
21
48
0
96
21
85
87
32
61
59
1
33
68
72
82
63
25
81
12
96
45
12
50
0
8
79
29
64
99
3
90
72
3
42
69
76
79
8
9
40
67
62
73
35
34
55
98
60
36
62
56
33
74
59
34
82
38
15
99
90
70
89
62
73
83
83
50
62
91
11
2
10
73
27
98
