585
30
99
81
62
39
39
82
57
30
65
72
64
34
70
58
8
8
51
72
12
30
34
39
31
67
90
75
7
62
83
81
44
83
15
6
22
6
40
80
88
57
4
52
43
74
11
3
34
14
76
47
44
62
86
28
29
28
55
89
42
38
22
86
21
89
44
96
95
36
28
83
93
32
36
36
58
99
91
44
13
19
91
9
82
29
89
63
9
44
4
3
83
27
89
56
16
85
4
12
21
32
47
66
16
83
54
26
34
46
71
47
65
62
9
47
44
98
63
53
43
67
57
78
94
98
86
63
36
91
27
9
75
74
76
92
10
30
18
44
76
89
44
94
4
53
93
0
3
56
53
98
24
62
28
70
13
15
85
1
58
12
10
33
39
86
77
49
69
96
45
45
37
89
91
93
94
85
93
50
93
99
0
69
13
29
92
78
96
77
79
6
42
42
39
81
80
17
30
49
65
75
47
54
17
38
0
63
75
45
65
69
44
66
90
10
95
82
88
91
60
20
97
2
62
88
83
42
57
65
44
74
92
91
81
61
29
81
25
57
78
42
78
23
8
68
85
3
51
25
46
11
45
95
65
59
36
0
54
93
65
98
20
9
89
1
71
70
34
48
27
12
90
5
87
99
26
72
54
77
98
53
40
95
48
5
55
84
57
61
30
74
59
50
83
0
3
6
70
89
6
50
53
49
7
41
0
33
65
54
62
15
7
2
11
8
59
18
44
16
79
74
90
90
76
26
90
79
32
12
20
39
14
74
88
74
15
88
7
32
94
22
48
2
24
11
62
36
81
6
52
12
33
95
2
9
21
44
41
53
8
61
44
23
35
32
97
2
72
56
87
67
78
35
21
55
98
83
43
79
41
47
91
74
42
45
36
63
41
77
69
49
90
13
24
78
98
73
32
22
30
19
89
60
6
10
67
4
45
62
35
39
10
78
13
52
75
49
68
16
78
89
18
21
54
94
99
4
68
31
27
50
3
16
62
9
79
30
66
76
92
53
15
54
84
81
7
59
82
27
28
13
16
98
34
70
92
85
27
60
68
54
10
71
70
73
33
1
55
51
30
99
56
45
54
40
78
13
52
13
92
32
26
8
30
60
30
22
45
57
35
13
11
97
37
34
22
22
87
29
73
17
29
29
15
35
22
93
0
26
58
92
58
84
52
88
96
34
62
41
92
49
7
55
47
96
41
69
18
29
99
43
98
80
24
13
67
46
59
67
24
17
11
82
54
63
22
50
97
85
44
41
34
3
49
33
99
90
3
69
71
54
12
70
34
36
35
53
35
46
72
59
16
83
94
70
98
16
20
47
53
64
41
40
67
90
