473
65
32
92
3
69
35
20
94
92
3
84
87
34
62
65
10
44
62
52
47
21
57
26
31
85
12
31
72
58
46
27
24
78
72
79
0
7
51
94
51
54
30
38
40
45
56
51
89
18
55
36
92
12
63
23
49
75
6
21
85
52
1
9
83
73
40
83
32
91
29
36
46
59
26
86
4
82
89
93
53
44
82
45
8
45
68
57
72
26
31
57
79
32
19
14
57
59
49
41
51
30
77
49
41
4
35
46
38
25
91
91
21
25
36
30
70
56
39
94
83
22
52
14
6
23
80
15
82
29
57
85
59
86
34
0
90
70
98
29
47
42
72
20
19
9
2
90
17
42
36
52
16
40
66
23
63
98
38
46
27
47
31
38
34
66
91
24
88
41
5
87
35
78
7
55
39
10
97
56
4
33
61
20
74
27
95
37
26
34
35
5
81
19
96
15
85
39
92
25
80
49
12
68
79
71
23
18
81
72
27
37
5
88
58
31
67
53
69
45
39
56
3
21
75
99
88
12
90
32
37
70
82
1
90
61
73
13
80
6
37
59
44
43
47
54
74
66
59
95
12
99
4
15
72
79
66
60
92
56
93
81
78
27
35
69
88
60
34
20
18
72
79
62
67
78
68
93
45
28
89
9
27
93
76
99
24
42
11
68
50
56
2
28
83
37
49
72
49
36
92
67
8
24
82
27
54
50
20
51
30
61
60
57
54
36
8
31
30
20
99
80
28
1
9
12
90
10
84
39
46
28
59
6
4
41
33
59
43
54
10
74
15
23
83
22
59
92
53
90
64
4
22
92
58
83
4
48
94
40
40
40
21
99
47
25
92
32
36
35
86
99
9
54
22
93
76
33
37
81
75
1
85
98
45
95
81
50
44
75
42
84
68
63
35
67
41
27
99
77
62
86
76
24
92
98
69
68
84
6
1
59
7
38
57
4
34
91
6
30
18
49
66
86
64
1
53
5
28
53
35
42
91
11
18
83
62
87
3
98
93
4
57
52
94
67
57
28
58
63
58
76
64
24
63
29
77
68
86
57
73
21
0
16
85
70
51
99
58
54
97
3
10
54
