778
5
62
80
24
10
80
3
50
73
53
93
95
36
61
55
51
89
23
31
59
22
96
86
16
83
46
81
82
86
32
58
44
94
90
68
4
22
72
6
96
77
51
43
65
13
98
17
54
21
0
65
43
48
4
11
31
50
93
65
88
25
23
32
71
13
53
27
36
77
85
84
54
37
27
72
2
78
41
56
99
41
22
95
41
26
58
72
28
51
89
16
28
13
1
51
78
54
78
66
31
64
50
37
53
78
61
55
8
2
63
7
95
85
54
36
63
13
60
43
16
50
12
45
15
13
96
45
19
27
12
2
43
14
91
96
44
53
51
52
55
14
12
3
52
66
39
67
31
52
11
48
54
75
45
21
88
93
66
59
20
30
13
15
45
4
11
89
9
14
42
65
81
54
68
33
72
59
52
4
63
63
4
17
38
1
38
78
94
57
89
67
87
54
82
32
59
46
74
68
60
16
85
41
22
5
26
94
17
79
50
80
94
6
98
85
7
88
15
2
97
5
21
85
59
3
69
70
49
43
91
10
59
28
3
33
34
30
28
51
9
30
83
3
37
33
88
96
22
4
50
71
61
71
56
72
75
26
43
24
21
86
86
33
14
90
66
0
72
46
51
81
77
87
36
66
20
77
62
42
33
13
14
46
36
22
18
11
0
13
88
22
99
26
7
66
68
73
66
40
20
70
73
97
57
62
15
77
91
77
72
24
42
38
70
79
60
40
42
13
6
30
87
5
9
94
23
77
67
90
70
87
60
95
36
17
57
51
46
48
81
18
24
23
56
46
54
69
39
97
34
45
79
21
2
40
15
26
18
34
16
40
74
28
35
62
97
45
66
43
45
47
62
22
22
70
68
77
91
59
26
25
4
57
46
7
98
13
33
68
0
1
8
26
29
95
88
26
92
54
69
90
53
83
12
76
54
32
5
97
92
31
23
96
88
21
55
38
35
88
6
87
41
66
13
70
14
1
48
58
8
18
48
61
53
12
37
59
45
42
57
89
25
80
85
66
1
93
4
88
33
63
75
75
29
88
45
95
42
94
54
50
64
2
63
17
15
1
29
12
95
86
1
73
18
86
39
71
31
95
60
65
58
87
40
40
28
37
35
70
31
89
72
47
44
35
17
59
88
46
71
36
32
24
9
2
10
0
73
94
95
85
59
6
73
99
46
1
36
33
23
20
23
47
19
19
34
36
30
23
82
1
59
66
25
68
20
87
68
94
33
15
79
92
21
4
43
19
5
32
53
80
52
28
79
23
47
14
60
77
89
94
30
48
61
7
68
33
46
88
27
80
55
59
24
77
63
68
48
69
0
1
1
4
81
81
27
80
47
39
57
36
34
39
36
47
98
4
80
45
44
8
77
99
67
1
28
30
69
77
51
21
30
5
25
64
38
5
44
85
44
54
73
78
93
9
77
44
65
58
89
9
18
18
8
37
19
89
19
41
66
23
62
48
28
40
12
18
97
57
3
41
63
28
72
8
37
49
52
2
59
93
63
77
11
71
66
83
12
86
24
30
9
38
79
89
78
91
7
75
0
62
69
15
90
93
24
79
42
76
33
54
70
96
83
33
19
50
16
32
88
92
62
49
31
41
38
61
85
97
37
37
11
58
53
1
51
77
32
45
5
65
99
27
61
35
61
80
85
29
12
25
22
27
74
53
68
64
14
5
61
3
95
72
13
48
25
64
77
57
10
82
74
61
62
35
96
23
67
33
52
80
58
26
7
84
79
27
48
46
85
9
1
80
33
15
80
58
31
