450
97
44
9
84
41
89
77
64
33
79
73
86
57
93
79
21
91
89
76
26
21
36
10
25
4
1
34
60
39
42
96
37
86
57
73
27
46
2
43
32
81
68
18
90
14
49
12
5
38
40
31
11
76
93
36
80
95
70
92
86
12
88
23
51
46
48
30
44
50
26
28
83
46
46
74
60
96
86
65
86
78
49
98
55
94
34
87
89
57
80
76
69
20
51
72
18
0
55
63
2
81
91
38
27
90
12
40
38
50
57
24
28
6
74
35
53
61
23
42
18
3
70
39
75
74
12
94
26
67
9
28
0
52
18
79
42
30
19
32
32
77
9
13
35
83
48
88
44
71
83
62
26
5
54
2
79
66
96
57
85
57
38
85
9
56
64
4
87
36
36
71
65
97
84
52
33
33
93
77
56
28
92
83
33
46
37
65
64
33
22
49
42
60
86
51
17
2
55
56
90
44
27
55
41
64
60
74
49
53
4
5
81
48
40
66
46
77
31
10
62
54
11
4
66
49
56
83
3
63
39
94
59
19
1
1
83
61
27
32
14
83
89
47
31
30
14
29
7
45
91
70
51
54
26
18
3
34
53
7
98
45
1
57
64
2
10
99
16
90
83
30
73
72
78
57
2
44
86
62
89
78
84
93
32
10
63
88
45
16
47
95
61
48
4
77
2
15
28
70
5
11
1
30
36
31
87
38
27
26
52
68
4
36
61
88
99
24
76
96
93
23
91
54
23
47
84
78
62
12
48
19
76
1
2
12
84
89
2
11
15
55
80
71
43
41
60
42
18
88
38
11
64
81
17
39
29
1
17
43
66
18
15
42
71
17
6
56
58
8
67
26
63
47
97
59
41
9
1
59
50
92
70
14
25
39
5
54
41
23
50
59
93
17
53
64
34
59
20
44
67
40
70
83
39
20
94
80
81
95
91
31
39
13
97
65
53
3
71
46
78
73
5
23
90
58
87
76
69
60
21
88
0
43
71
39
63
17
72
97
13
63
28
4
77
26
69
30
81
93
76
