283
54
44
39
83
10
91
20
39
80
55
74
3
74
48
30
86
71
38
21
41
76
86
69
15
60
58
76
57
22
59
43
28
3
34
64
65
25
84
56
57
39
30
61
13
31
43
51
54
33
73
95
61
11
64
76
24
74
52
81
48
63
76
28
18
62
92
36
39
76
92
97
15
75
10
81
6
53
32
60
39
57
55
0
21
71
77
45
97
81
26
45
97
55
73
15
17
66
51
57
42
96
6
10
71
16
43
77
21
27
89
12
85
96
13
58
67
42
3
16
23
81
61
72
36
86
40
54
52
43
63
47
39
21
9
10
89
52
87
10
79
28
23
16
24
88
74
43
30
77
59
5
59
20
78
47
59
70
53
63
13
16
10
53
89
71
63
78
23
3
89
55
31
64
71
8
4
98
51
34
27
11
91
38
83
21
86
42
91
39
6
57
8
68
10
97
40
25
76
15
80
17
70
64
33
94
72
37
44
75
23
71
86
66
10
22
88
48
16
31
39
22
88
99
43
50
49
35
28
25
50
8
94
73
24
79
19
48
16
63
24
91
34
10
57
96
84
97
96
1
29
88
23
69
87
18
20
36
53
48
13
56
8
59
81
33
38
0
33
6
63
57
97
49
68
7
98
52
4
46
53
85
34
29
