756
23
93
80
79
91
32
72
65
50
17
11
6
89
40
17
42
7
12
4
97
17
19
19
29
1
47
41
31
65
69
75
88
62
8
20
5
40
92
70
42
61
82
48
3
74
17
45
33
29
49
30
99
20
2
80
22
49
21
5
66
42
80
55
5
88
27
10
28
71
33
22
32
15
70
87
41
87
32
74
69
34
4
68
54
58
48
28
7
22
33
74
64
14
81
21
2
8
84
83
31
17
5
63
84
28
51
25
15
35
51
36
69
7
4
24
66
5
52
73
79
86
99
95
52
80
17
54
40
53
89
71
70
95
87
54
23
90
31
90
77
82
27
47
89
83
23
7
88
27
33
67
65
32
15
17
65
32
72
5
85
13
29
7
8
68
13
83
10
44
26
87
78
53
34
19
36
9
79
77
37
12
96
2
44
11
20
9
95
44
67
32
57
48
39
18
16
52
53
26
48
79
65
78
84
52
50
73
61
29
2
98
41
98
53
37
62
25
99
9
69
66
42
78
66
81
96
82
86
2
60
86
81
25
17
18
77
67
91
91
48
45
41
41
43
94
78
57
71
77
67
40
95
61
71
61
42
67
95
80
21
55
19
55
33
88
73
62
7
16
53
55
61
47
96
56
41
26
66
13
4
33
5
51
94
76
13
88
96
60
21
17
68
92
24
1
80
97
15
87
65
21
94
26
68
90
35
61
16
1
26
72
86
32
76
32
60
89
72
8
1
45
78
69
37
2
22
69
52
38
8
17
11
2
96
79
92
31
40
61
84
67
85
22
51
61
6
63
2
78
72
4
76
50
25
65
52
48
35
4
38
43
74
49
46
70
80
90
53
72
3
37
91
89
11
42
2
17
58
5
95
30
61
23
80
86
89
84
34
76
41
24
71
15
73
17
37
5
60
90
78
15
79
69
4
90
12
59
7
70
64
54
52
77
78
84
63
19
20
50
95
61
74
66
28
0
36
65
5
48
55
83
63
34
5
20
76
69
79
83
39
95
90
43
72
68
27
87
39
47
37
34
61
64
0
89
16
88
7
73
36
62
9
0
49
14
20
25
83
51
61
74
46
51
17
18
71
96
57
10
95
95
96
56
11
48
98
27
37
5
0
73
19
9
25
20
75
97
98
58
48
59
32
94
62
1
64
85
97
74
47
93
21
43
1
32
91
99
11
28
4
63
54
76
25
31
96
0
29
94
59
29
5
43
76
19
45
92
4
42
66
51
87
87
46
89
19
38
88
82
18
45
46
24
73
71
56
69
71
37
16
82
66
73
26
42
45
71
87
1
65
53
5
5
41
51
94
12
41
34
95
60
31
93
36
4
64
92
26
87
81
94
22
48
67
48
42
64
71
29
66
88
35
71
93
76
74
87
40
16
74
87
28
5
80
64
10
96
9
88
36
90
82
58
90
1
58
85
66
29
66
32
69
1
55
63
29
81
2
70
97
76
9
77
34
90
42
96
38
51
84
74
93
66
84
84
67
42
21
85
71
87
69
93
89
76
56
18
58
10
40
55
39
50
33
73
92
27
21
82
30
5
57
23
23
41
59
42
84
80
28
7
68
97
52
9
74
8
79
32
71
20
39
10
22
24
35
66
51
56
48
33
13
57
57
36
99
16
78
35
97
6
94
17
56
47
26
30
7
5
14
30
77
53
40
51
30
27
17
33
83
18
67
48
75
24
84
26
92
15
13
41
73
8
58
29
7
