483
86
90
48
76
75
11
77
32
62
60
97
41
58
90
35
64
5
79
9
0
43
64
12
88
88
70
45
2
54
42
20
93
85
69
69
60
32
99
44
95
11
93
88
69
35
75
34
40
55
95
41
50
59
53
39
47
75
84
2
30
79
74
75
16
43
44
28
28
95
24
75
6
17
63
28
53
39
62
45
46
9
86
48
20
92
87
20
19
24
22
1
55
48
76
71
92
73
99
72
68
23
47
27
92
62
55
97
53
69
43
99
78
81
48
98
25
87
70
45
63
44
98
18
93
75
89
37
0
40
9
68
63
56
47
8
70
2
5
24
71
0
23
1
82
23
52
7
63
22
4
26
67
3
45
60
30
86
49
30
27
58
50
42
66
98
50
36
0
8
60
24
8
36
25
90
11
77
50
74
52
54
53
19
9
50
31
39
36
32
69
63
90
72
6
8
70
56
96
22
16
57
46
25
45
72
15
56
1
17
83
53
72
88
24
81
38
7
73
74
39
94
38
81
66
96
89
36
4
86
59
21
95
5
46
92
29
13
0
83
31
83
88
55
23
13
88
61
72
61
36
12
56
26
45
74
22
87
11
78
25
22
99
20
79
45
12
61
11
12
44
42
48
32
97
71
97
85
85
70
99
73
34
7
99
79
81
73
18
92
51
43
66
51
15
46
48
79
7
11
92
51
53
92
35
2
15
33
40
52
3
39
25
89
46
24
20
27
49
39
72
1
82
38
4
98
84
4
77
43
16
21
46
21
65
82
24
81
15
16
33
70
55
11
59
53
35
79
32
37
18
4
38
53
95
94
51
31
98
80
75
66
2
21
88
67
55
64
0
70
80
86
40
87
97
51
40
84
31
24
21
1
81
11
54
76
57
57
59
56
38
86
22
40
60
62
59
15
26
60
86
6
98
78
93
47
82
85
83
65
10
5
66
91
68
73
67
26
30
78
34
68
65
8
8
25
71
68
40
97
80
78
4
30
9
97
77
91
35
12
56
45
69
74
36
38
47
55
16
78
33
50
46
50
58
7
75
29
75
68
27
7
98
83
89
7
32
18
50
67
30
58
12
0
33
0
90
80
7
6
10
93
56
57
