846
25
88
74
17
59
65
84
52
86
6
72
54
0
36
36
7
22
22
48
71
61
11
12
77
18
92
29
67
98
60
13
76
1
87
93
12
4
29
64
90
88
88
44
88
24
80
47
46
54
48
69
15
59
82
92
29
26
73
49
24
34
62
0
87
1
45
99
5
75
15
95
15
3
91
55
27
23
3
26
77
51
47
45
62
81
37
43
7
63
92
84
97
54
36
36
7
82
35
12
9
50
59
24
53
2
79
32
77
34
10
7
85
58
52
47
39
41
43
99
4
35
83
53
42
19
89
49
53
24
14
62
26
25
38
31
28
70
64
57
4
26
64
90
36
16
89
76
58
84
27
14
20
10
68
14
81
57
15
35
34
29
97
60
7
36
44
35
58
60
92
62
86
9
52
23
25
94
51
35
78
78
50
50
40
18
64
21
27
32
56
13
13
6
26
20
94
70
7
52
30
52
14
16
61
19
91
86
65
42
74
43
72
24
46
12
94
62
34
73
94
42
87
8
48
65
28
42
35
36
94
17
88
61
33
1
80
77
87
45
19
13
40
44
37
86
56
83
49
42
57
43
85
96
3
85
61
32
28
48
20
74
65
60
35
50
61
67
27
0
12
47
14
53
91
3
91
99
87
40
42
96
36
79
92
39
64
5
23
44
53
43
71
18
55
58
20
68
26
48
69
90
47
35
95
90
90
87
89
77
27
83
73
15
14
17
55
79
22
30
75
27
74
46
97
81
5
18
50
83
66
71
73
13
6
69
55
96
56
44
26
35
80
51
51
94
69
58
25
91
88
53
19
14
51
16
96
8
86
98
91
52
69
65
17
27
34
72
75
42
69
53
77
1
5
80
95
74
38
73
17
79
26
88
93
29
57
41
38
43
39
29
96
60
46
65
87
80
38
15
74
59
68
52
60
73
84
7
47
75
80
17
54
58
5
99
88
62
41
78
6
80
7
54
41
6
19
80
38
57
95
13
68
64
17
28
37
1
36
37
28
68
54
82
79
59
82
19
74
75
97
80
7
56
34
0
62
53
81
1
63
28
66
31
92
83
12
82
36
0
71
65
68
25
99
47
36
33
18
62
8
15
42
16
24
28
16
86
34
49
39
97
78
5
80
22
40
44
56
29
44
27
46
13
4
45
12
41
79
31
3
39
98
98
7
22
26
76
9
12
25
0
9
55
58
42
30
50
86
86
79
31
14
25
96
18
23
60
11
54
43
15
93
42
65
1
64
43
77
25
56
54
26
17
10
36
59
92
86
98
78
66
81
92
43
29
63
18
89
74
72
33
41
66
27
6
19
91
50
48
69
58
2
47
75
64
83
35
56
69
85
87
87
18
79
83
47
94
1
88
69
74
73
62
92
0
69
63
44
71
11
13
29
65
60
4
82
95
91
90
16
28
77
4
46
9
39
93
3
40
34
24
66
7
87
10
8
8
73
4
79
36
17
60
2
29
16
36
24
60
26
40
88
4
96
87
65
87
32
68
80
66
45
46
74
32
9
34
40
82
38
71
19
7
31
73
36
99
9
12
59
87
4
0
43
53
39
8
40
71
29
20
38
74
19
64
6
28
50
46
62
40
17
33
47
0
6
35
51
67
47
11
55
3
63
98
8
2
7
49
25
36
21
15
62
92
31
68
72
81
66
35
21
35
68
68
87
27
55
38
94
54
1
1
58
64
0
66
18
59
67
44
47
41
11
9
33
43
29
6
24
95
93
46
30
13
66
17
40
22
7
87
76
9
40
86
73
92
53
44
3
72
40
50
13
51
11
47
94
40
5
71
35
50
69
17
63
35
86
56
9
94
95
38
3
35
24
28
80
29
72
83
54
12
34
67
64
45
66
10
38
23
81
25
73
50
43
37
38
81
45
99
75
40
37
30
27
14
59
7
95
83
91
49
96
77
17
