954
14
80
85
15
0
28
29
66
80
70
89
42
17
65
90
73
80
57
54
46
65
83
41
14
42
2
98
35
25
40
79
39
73
64
6
25
44
87
91
76
57
32
70
26
98
60
0
30
69
54
28
86
38
21
0
32
23
99
67
48
91
46
39
16
62
46
41
58
33
85
34
43
17
4
69
15
16
69
46
37
76
74
23
14
96
76
98
71
27
17
72
18
64
11
35
78
9
76
37
43
61
23
38
31
80
59
46
96
29
44
34
5
71
9
71
19
85
21
90
12
38
62
83
54
26
18
33
35
46
22
30
60
97
68
43
77
28
89
74
9
86
60
66
57
69
89
28
7
10
18
19
48
33
54
3
59
24
88
94
23
10
77
83
7
45
26
85
25
67
11
34
5
71
52
62
92
41
42
99
51
61
71
52
46
25
55
57
50
95
3
25
5
80
60
64
26
38
1
3
5
64
38
11
87
42
25
80
84
68
31
87
81
54
91
79
80
46
36
82
93
39
7
50
20
67
15
98
5
68
1
62
85
91
25
72
34
3
4
70
23
36
9
56
90
1
35
22
99
71
56
93
62
15
43
34
34
10
84
91
79
86
6
64
29
31
88
15
86
93
85
9
81
95
17
23
96
52
98
95
75
54
88
90
22
84
24
56
94
9
0
73
47
6
89
28
89
78
44
76
23
29
37
4
76
55
79
24
59
77
20
35
32
60
77
6
44
1
62
39
62
62
64
61
20
6
90
10
36
86
86
59
67
75
15
44
30
94
68
42
72
40
77
56
1
6
62
97
7
76
88
22
91
53
83
11
59
25
21
95
11
59
6
79
35
73
75
17
67
43
59
91
84
88
99
37
94
13
86
54
42
75
76
33
28
11
96
39
89
70
86
0
29
44
31
16
17
6
86
36
2
97
28
38
38
79
27
32
45
13
38
87
88
66
72
68
30
68
59
19
38
97
71
20
41
55
36
10
61
74
47
15
72
27
53
10
6
32
94
3
46
33
90
86
51
62
7
81
83
18
52
21
16
24
93
9
31
30
20
44
56
67
60
28
94
65
38
52
98
85
56
96
18
98
34
21
61
41
55
96
60
7
17
28
83
11
37
14
93
57
59
49
76
71
30
22
36
68
75
86
5
83
82
23
81
17
97
94
10
52
90
70
11
60
98
47
23
88
13
68
45
72
69
74
95
99
96
32
20
23
70
25
6
53
1
40
22
98
86
32
2
77
55
13
89
5
12
12
93
26
80
91
50
1
65
46
1
61
30
21
85
0
98
43
5
99
35
79
49
22
12
51
51
19
17
40
76
29
4
70
55
36
13
6
37
78
4
38
91
34
11
28
34
10
24
40
9
59
71
59
81
35
62
32
54
79
24
31
61
28
53
68
64
18
26
2
48
30
92
39
64
4
20
51
14
44
43
75
3
14
34
37
50
97
69
56
28
94
39
89
22
92
10
39
62
36
41
10
67
33
50
83
89
22
86
3
66
29
79
21
96
65
58
46
14
80
2
43
26
94
84
0
86
94
39
1
83
32
11
2
18
13
37
7
35
24
63
53
5
42
27
1
59
85
99
74
17
54
69
43
48
53
44
86
0
35
87
35
68
99
37
86
12
74
45
0
50
8
53
56
2
80
57
62
18
57
36
87
11
5
31
11
10
75
97
62
10
85
97
30
84
34
68
48
61
14
48
11
74
54
67
77
86
77
91
56
86
79
44
49
36
75
60
98
2
57
61
64
94
58
47
30
45
15
79
58
81
79
69
56
85
89
85
24
18
28
80
4
7
76
5
43
51
65
93
5
74
54
22
69
65
69
51
10
36
30
68
18
62
89
26
99
30
11
23
48
39
4
4
98
80
9
93
84
26
86
41
1
41
15
22
58
84
73
20
73
56
88
91
70
29
17
69
60
80
93
60
71
49
65
69
81
74
62
65
1
0
59
54
93
74
28
51
11
1
71
84
9
11
27
79
41
96
1
53
76
94
65
99
95
30
68
76
57
82
94
10
34
5
16
28
79
44
79
90
97
3
26
59
14
53
38
7
49
91
12
77
85
78
76
32
60
96
9
17
30
55
79
65
60
95
45
39
91
24
82
89
79
60
48
94
14
38
1
15
30
14
45
67
92
21
0
52
70
61
22
52
16
1
69
28
49
14
67
40
