323
83
50
52
20
14
30
97
79
31
96
89
28
58
64
31
31
29
47
73
80
57
63
66
35
28
42
37
43
50
70
64
85
72
68
6
86
51
55
17
82
51
6
62
62
22
93
45
3
92
19
84
1
82
50
36
10
44
73
5
46
95
69
32
67
90
38
53
41
45
71
23
96
29
38
10
4
31
56
7
76
75
91
77
57
94
14
20
90
39
25
37
87
95
69
54
85
59
60
78
4
83
53
52
64
91
63
68
75
19
28
51
94
71
28
3
17
94
23
8
34
49
97
73
96
18
27
33
77
39
11
33
74
64
37
91
8
0
11
83
71
39
34
17
11
62
21
80
9
96
40
95
97
37
68
45
55
47
78
84
87
41
69
13
58
7
56
66
59
68
49
31
7
35
48
70
49
21
3
58
18
43
53
67
81
21
13
88
69
43
73
8
85
42
73
43
1
30
61
61
98
10
92
57
97
92
28
46
14
31
5
84
74
58
3
7
32
16
96
1
60
21
61
45
15
34
40
17
64
1
78
62
63
22
20
60
14
0
6
80
83
63
16
9
74
20
69
6
36
65
59
48
38
20
45
53
6
85
22
71
38
52
85
53
74
57
65
41
57
24
21
92
87
38
2
61
10
23
19
46
88
78
47
78
50
92
83
57
30
6
80
68
10
65
74
85
23
39
26
32
63
99
25
51
89
79
64
99
2
84
46
42
14
93
72
17
37
55
74
67
13
6
36
24
