876
58
19
30
21
41
42
25
49
37
30
4
18
16
4
72
31
42
89
29
19
13
48
65
51
29
91
30
84
26
57
29
84
29
11
57
70
54
35
71
91
65
75
62
33
32
34
64
74
75
45
93
88
94
10
92
75
2
74
12
80
31
41
17
12
5
74
34
59
61
6
2
78
33
64
12
65
50
28
91
77
26
84
18
72
47
62
47
49
36
59
81
19
53
98
32
10
25
66
21
38
72
23
17
58
40
81
23
42
61
15
20
87
51
90
11
98
52
59
99
88
70
33
7
75
83
39
37
60
58
58
99
82
34
68
40
74
49
16
68
10
83
40
50
34
30
61
85
82
72
36
22
95
69
30
22
5
21
60
65
79
18
64
62
4
32
54
30
33
70
99
96
53
91
98
40
22
59
25
56
84
13
79
31
35
9
53
40
82
65
5
62
36
22
76
40
6
30
71
40
53
22
88
6
13
86
46
35
97
23
92
81
89
23
12
24
84
18
16
66
83
73
80
19
95
56
12
54
39
83
46
92
5
34
50
18
72
49
6
69
24
50
3
13
73
67
89
57
85
5
23
21
79
4
40
26
12
52
80
3
87
78
47
92
12
50
63
36
99
69
6
23
19
9
37
92
76
78
49
14
84
24
35
15
80
27
93
45
32
26
48
19
4
48
64
69
98
27
5
97
48
11
72
67
72
61
11
1
40
60
15
76
36
2
91
17
81
36
14
13
62
62
85
67
62
1
88
60
28
93
9
76
57
34
95
29
95
6
82
87
18
49
63
54
51
6
23
33
43
37
98
5
52
35
24
66
36
12
27
16
58
88
92
15
22
39
96
18
45
79
5
15
28
21
70
32
27
45
17
22
35
15
28
39
51
4
5
39
69
84
56
27
25
0
94
47
40
90
17
37
69
75
53
98
48
75
82
75
72
99
98
7
66
78
98
69
34
56
9
3
92
65
82
17
65
76
17
57
67
86
95
88
61
48
38
61
75
20
37
47
19
87
7
86
17
5
55
51
13
16
7
6
81
89
75
99
18
92
56
37
79
51
25
92
51
64
54
26
84
43
74
56
30
81
94
99
38
1
50
52
18
57
10
51
99
85
50
17
78
59
6
9
10
31
53
14
95
7
92
32
2
66
88
84
99
82
83
90
83
34
42
53
43
4
5
94
89
55
63
19
14
69
28
77
1
82
43
48
41
35
80
96
54
20
80
53
2
64
43
38
50
37
91
45
93
48
40
83
56
55
54
22
25
35
51
78
69
94
26
10
30
59
58
36
79
39
89
34
55
85
72
57
74
15
2
68
64
94
3
72
2
57
94
27
44
46
57
13
92
83
76
74
42
34
10
74
73
52
8
80
89
80
37
63
47
92
83
63
38
38
35
40
48
82
67
92
80
24
6
72
60
82
47
54
16
9
28
42
61
36
22
50
68
60
66
68
4
1
31
42
40
19
83
88
1
2
32
81
79
38
5
91
72
4
45
41
14
26
83
75
14
5
26
35
17
44
3
21
45
34
64
37
5
99
25
6
1
10
39
32
0
45
23
73
49
69
14
15
47
97
91
61
54
69
48
72
13
51
45
10
38
61
48
43
60
25
2
14
35
93
46
36
90
70
9
92
91
75
7
90
72
98
3
78
19
52
2
84
3
48
95
93
61
43
89
22
68
91
88
56
84
34
92
75
56
53
19
99
28
26
89
52
77
45
82
96
97
85
81
52
85
76
98
46
71
87
20
39
78
8
47
14
95
39
41
3
44
60
55
24
87
96
28
64
41
11
12
90
96
93
43
33
21
41
79
92
28
0
84
58
60
31
24
7
23
66
11
67
78
66
44
65
62
72
81
56
83
94
46
31
39
89
64
61
82
44
53
62
96
89
72
8
21
97
16
96
15
27
15
93
45
59
11
59
32
92
15
15
38
14
99
78
55
63
39
38
59
44
52
7
34
25
16
7
22
32
3
37
11
18
30
8
78
93
19
10
86
