474
56
5
73
65
33
31
28
44
60
93
20
75
74
98
43
60
55
69
82
7
85
19
78
37
18
36
43
15
39
54
21
47
11
47
12
44
78
93
40
90
38
61
65
12
59
61
72
14
30
6
22
67
25
52
56
95
88
0
62
79
6
84
79
17
31
91
13
61
36
54
52
74
67
69
86
26
30
11
92
60
69
66
80
47
18
36
42
58
88
5
90
94
41
69
11
24
12
25
85
1
31
89
75
98
59
14
76
89
77
20
2
46
87
34
93
57
70
88
68
59
93
10
53
34
31
17
58
95
42
95
96
25
37
72
23
96
38
99
37
15
19
91
13
58
25
59
68
48
47
88
7
92
98
12
26
29
81
36
24
75
83
21
0
20
45
75
68
35
74
6
2
46
49
15
56
75
26
76
75
25
64
34
17
62
98
95
43
80
31
20
55
15
93
8
35
38
83
4
25
10
62
27
8
11
94
16
38
21
93
13
46
9
47
64
24
46
59
67
78
43
87
85
10
80
93
97
70
77
53
95
87
15
74
47
79
69
63
69
90
56
35
88
66
34
4
90
32
16
9
10
59
97
96
21
29
89
18
52
18
72
99
5
87
74
52
18
43
16
88
85
24
23
73
42
57
30
32
90
46
94
52
57
43
48
78
72
90
96
76
8
68
76
66
8
50
70
78
45
38
66
30
63
41
55
5
51
85
90
93
83
84
45
92
27
46
70
51
36
19
80
44
39
56
10
99
58
81
78
3
19
96
85
34
38
92
92
41
78
82
34
13
18
31
6
97
77
28
0
13
47
80
58
39
36
20
38
94
53
16
49
25
13
34
59
3
27
51
44
57
85
30
22
55
61
80
52
39
9
53
52
8
33
62
47
22
35
86
16
88
2
18
13
67
4
25
70
83
28
66
40
14
48
15
69
10
95
74
1
4
27
5
13
12
68
12
34
55
98
3
43
1
21
9
20
77
34
91
61
14
9
53
28
58
68
50
20
64
76
21
20
55
26
85
67
46
98
54
1
96
57
97
49
30
6
22
7
92
65
20
6
74
74
87
84
42
89
4
58
65
25
31
72
4
16
