512
58
60
95
69
36
17
59
45
81
86
44
92
12
87
93
58
71
8
62
40
77
13
58
67
69
86
21
93
56
24
96
66
84
43
35
72
60
46
70
94
32
14
86
96
54
31
54
77
40
69
69
69
82
27
88
3
66
10
97
22
34
45
40
70
88
75
95
0
21
65
94
6
31
32
2
85
16
57
15
8
78
84
29
60
64
18
16
30
28
13
4
14
58
44
84
98
19
79
50
92
96
97
98
28
81
53
65
97
62
32
57
40
17
87
52
81
5
68
11
33
33
67
47
91
11
83
41
82
15
44
26
11
41
25
91
22
30
9
72
92
41
29
32
10
16
84
91
73
5
54
58
38
21
5
82
84
41
23
66
56
67
93
19
60
70
63
83
0
24
55
92
17
36
76
28
53
12
71
78
17
78
37
56
51
94
38
36
35
13
54
43
81
47
15
93
69
78
76
69
54
83
13
71
20
89
51
25
54
23
3
71
53
40
27
56
35
17
92
70
31
99
66
64
46
81
57
16
11
34
37
65
69
3
88
89
44
40
14
98
15
18
70
20
10
49
76
45
67
21
68
98
20
86
62
18
67
19
34
30
5
24
95
75
27
35
16
71
27
31
70
94
1
92
14
11
41
91
9
8
64
29
58
84
15
20
2
34
92
89
64
49
13
11
76
92
46
93
15
74
76
37
20
29
29
35
92
23
78
1
31
42
82
42
78
97
14
80
31
6
69
95
8
34
58
36
78
5
81
94
31
57
31
51
86
13
38
31
36
16
32
19
10
15
61
88
64
76
21
96
34
42
43
94
29
2
31
7
59
12
1
42
22
85
93
60
50
84
91
38
0
24
57
63
91
71
51
7
99
24
3
85
67
99
80
96
53
63
3
64
75
57
6
97
94
51
58
44
35
49
82
88
25
91
51
68
14
54
76
65
79
31
3
46
82
35
94
35
98
97
51
73
6
57
23
0
9
33
96
96
34
30
84
12
74
87
80
88
94
8
6
73
40
9
71
74
44
65
62
42
14
13
67
21
71
42
21
32
27
70
80
62
0
65
26
74
4
58
15
98
67
21
23
59
30
94
33
26
11
95
68
26
9
87
47
32
82
20
16
9
90
96
71
91
13
49
17
18
8
32
68
75
53
92
34
35
38
19
61
50
67
81
28
