858
48
97
77
43
69
16
6
65
8
73
96
99
56
51
78
90
85
98
43
0
17
46
98
39
60
96
43
5
91
30
68
91
27
45
86
48
13
93
14
73
18
62
25
26
65
3
16
2
1
12
3
19
58
53
10
18
49
54
75
93
36
43
84
16
40
71
64
6
16
30
79
86
92
4
12
58
60
80
60
61
92
15
32
50
68
43
20
70
49
48
15
37
43
51
53
36
74
18
42
90
48
73
28
93
78
92
3
90
73
15
51
17
83
36
68
3
31
40
73
32
88
40
69
84
92
23
20
66
93
62
9
93
87
37
38
65
82
93
7
7
9
59
24
92
47
44
95
78
85
21
10
25
61
31
9
53
6
29
20
51
43
81
45
31
18
35
48
52
29
56
59
90
67
84
82
14
80
29
44
65
2
54
43
16
37
52
21
44
34
93
95
77
74
92
8
93
28
9
97
57
65
57
47
84
93
81
98
73
62
42
91
17
48
34
33
85
38
54
29
72
48
77
50
22
69
10
67
97
71
65
6
88
74
5
72
67
38
22
92
1
64
83
70
64
69
3
50
8
9
31
80
57
60
82
32
30
45
51
79
16
68
86
5
42
43
29
61
82
52
54
35
16
89
5
33
59
8
83
19
69
66
51
27
27
34
11
9
31
14
88
47
83
26
4
25
70
34
39
52
86
93
87
54
82
44
87
93
52
22
12
73
41
16
52
68
50
63
29
33
78
17
80
13
96
37
90
66
23
29
70
61
22
9
15
57
53
55
2
57
77
15
30
18
31
83
38
33
98
19
66
76
89
98
41
85
87
32
51
10
61
73
71
36
82
39
93
35
94
95
92
23
62
22
94
45
5
84
30
4
4
96
32
93
47
26
78
86
58
81
97
19
54
20
55
36
11
0
23
5
96
15
81
10
89
75
56
47
11
86
3
15
35
87
60
34
13
90
20
71
71
69
43
77
90
98
65
1
51
88
59
99
3
40
9
45
67
17
92
78
4
95
94
91
82
6
25
96
97
45
67
68
15
62
98
57
13
63
58
64
4
69
63
7
9
24
4
28
42
96
7
46
91
53
89
26
59
14
22
56
59
41
77
26
4
75
83
17
90
94
33
94
63
96
54
25
20
58
53
62
55
60
60
98
13
49
24
25
15
98
81
75
40
10
53
96
37
89
13
80
83
46
74
46
94
80
23
66
91
77
29
98
89
41
96
55
43
73
80
58
71
13
85
63
76
39
59
13
28
24
93
63
22
20
61
16
52
85
83
43
14
64
41
3
57
90
58
0
63
90
11
34
4
96
98
80
87
9
45
67
34
91
30
56
63
44
25
15
81
60
59
95
76
52
50
33
42
9
86
5
51
97
92
7
45
42
39
85
51
85
52
37
28
35
46
91
79
23
6
12
83
17
7
59
70
57
44
64
18
82
70
70
79
14
77
77
56
17
62
59
54
14
97
82
1
95
73
32
18
31
44
1
49
3
12
71
61
8
35
31
91
57
1
22
71
31
99
79
48
13
39
54
80
88
36
81
83
9
66
1
92
10
54
41
14
18
64
27
26
52
58
69
61
12
92
33
43
43
64
43
57
3
49
89
43
85
70
26
46
36
79
38
99
33
32
65
3
48
92
30
0
2
51
62
66
95
47
61
39
63
4
48
67
5
37
10
90
59
89
88
96
68
79
47
54
11
12
57
11
56
39
12
10
91
26
77
86
25
38
77
88
95
25
7
0
14
70
43
74
59
31
22
79
10
69
33
73
33
43
85
89
82
97
51
73
75
28
12
0
67
89
40
14
67
48
14
81
18
57
55
29
41
29
8
51
50
94
77
83
37
62
24
19
11
76
45
86
4
57
38
23
46
78
89
65
78
4
47
96
13
54
25
6
84
86
58
34
80
35
70
17
49
94
88
60
70
33
98
27
42
36
2
41
66
92
6
45
48
53
