985
52
87
46
81
24
11
85
72
19
69
60
89
11
34
92
87
21
18
85
74
84
49
84
80
91
2
7
90
74
57
45
78
44
92
59
20
55
97
45
74
66
5
15
29
40
7
68
13
77
6
87
14
7
24
94
98
78
1
88
52
58
33
31
55
77
42
75
32
39
20
58
57
26
73
38
18
80
7
31
10
13
71
24
20
47
18
70
25
72
58
77
82
91
60
37
21
3
13
53
94
33
64
52
11
37
90
29
70
49
61
80
62
84
56
34
31
74
4
8
98
14
37
81
6
98
18
79
53
83
84
47
17
48
99
80
38
42
10
60
91
23
40
6
59
48
92
90
74
49
98
73
63
35
54
69
85
24
0
38
8
85
86
77
33
37
9
71
79
19
31
23
94
23
29
53
71
73
95
46
22
45
71
86
33
77
7
18
1
8
9
61
93
95
90
26
84
0
50
16
71
33
39
66
9
20
71
32
93
67
30
16
12
1
2
97
78
61
16
32
69
25
45
14
72
36
93
56
88
43
24
59
28
63
77
37
35
49
70
29
68
0
97
32
54
51
30
84
12
98
16
34
75
14
48
47
50
41
55
38
84
80
49
65
95
27
2
31
28
24
60
96
77
9
80
31
60
10
67
72
60
84
6
35
98
7
82
0
48
90
90
85
22
91
50
17
18
52
48
98
29
60
46
6
69
27
89
81
37
56
6
98
92
12
85
42
71
20
94
20
10
84
5
32
76
55
49
46
59
50
97
88
62
43
94
32
70
35
13
60
92
19
10
36
84
95
79
55
15
73
27
25
10
32
9
38
87
11
36
47
61
33
35
23
77
82
7
47
17
73
7
61
44
69
98
80
65
29
36
32
54
63
58
64
48
19
54
35
30
91
34
43
24
22
19
1
4
26
1
73
51
60
87
96
30
37
76
47
66
64
79
20
80
89
37
28
9
91
15
91
82
50
87
59
72
6
60
28
84
13
53
36
26
92
32
56
29
8
55
47
25
34
20
5
76
57
33
37
48
48
28
83
50
15
42
74
73
54
2
58
20
8
94
46
0
26
54
82
86
9
29
11
95
49
68
71
58
1
60
59
2
89
42
52
56
36
27
30
90
81
40
10
41
34
56
42
12
10
76
98
71
5
62
67
7
30
90
65
84
51
24
38
92
18
42
0
54
21
82
45
3
22
7
44
56
16
38
68
78
14
19
50
72
33
69
79
63
11
96
99
62
73
37
6
91
32
7
46
53
89
43
8
12
2
5
20
18
43
89
49
10
60
99
82
93
20
13
8
31
9
60
46
82
97
52
26
81
11
24
35
53
19
43
17
21
48
37
92
44
78
41
54
38
92
88
31
12
1
92
43
62
52
41
97
1
46
23
83
57
47
18
62
18
13
79
39
62
17
83
6
95
76
12
86
68
0
17
80
1
9
76
63
61
17
12
63
15
35
46
25
34
16
87
52
29
67
44
43
36
27
49
83
4
13
69
24
13
87
5
66
48
33
82
62
2
94
77
18
30
75
43
16
91
82
69
72
49
65
16
37
44
17
21
0
31
90
25
96
29
82
63
30
15
97
92
17
91
69
87
73
44
82
90
87
65
11
59
66
28
75
4
72
93
25
73
76
67
98
72
49
32
87
31
47
84
23
16
76
44
56
1
40
38
43
27
3
6
38
70
34
14
26
7
59
51
32
87
70
82
59
71
14
47
2
13
83
77
81
59
21
37
13
13
76
56
40
31
15
31
53
49
45
79
8
56
82
40
43
53
74
54
76
88
1
79
1
85
8
83
96
30
72
61
95
0
18
88
32
85
19
85
34
64
65
95
72
99
35
15
4
10
21
81
50
75
12
4
60
20
39
8
2
11
70
98
12
40
86
96
25
57
81
11
73
98
6
45
98
94
12
54
56
33
35
58
8
47
62
20
20
1
81
22
65
51
72
29
43
10
25
20
67
58
83
40
9
90
37
59
36
49
13
92
35
49
50
43
48
65
16
20
18
97
95
83
0
67
12
95
30
89
15
49
48
50
90
9
40
27
68
76
29
81
20
64
82
23
59
83
88
75
3
6
24
98
90
24
18
54
19
48
44
86
97
44
37
39
53
29
19
73
58
0
54
30
16
37
53
75
72
41
3
75
48
27
74
90
4
44
96
75
92
92
62
41
36
51
33
41
32
4
14
90
4
21
21
20
10
74
47
82
68
50
57
16
30
83
58
34
27
54
9
71
47
23
65
