615
40
37
93
13
88
0
9
33
60
22
38
2
45
86
51
26
90
54
90
23
75
19
5
66
44
66
3
62
54
56
16
47
45
9
60
34
61
70
19
21
44
57
76
42
96
79
68
86
33
11
61
61
30
66
79
26
84
34
88
91
42
56
38
88
66
98
74
79
20
93
53
65
3
81
59
51
60
79
89
46
90
50
59
21
69
38
47
53
24
88
96
66
44
34
6
62
33
32
94
5
78
47
70
81
80
81
84
40
61
73
86
51
23
45
72
92
35
72
98
59
12
94
78
8
29
84
71
14
17
17
71
95
16
42
28
96
75
12
36
36
37
75
88
60
72
12
5
8
84
3
19
48
49
97
57
30
82
80
96
51
97
68
98
13
62
26
61
37
90
97
74
27
24
14
87
97
26
44
5
63
99
76
11
49
74
20
31
8
0
28
59
49
48
9
62
10
35
75
47
77
25
73
4
49
87
43
46
66
88
3
81
39
80
92
88
54
13
72
14
65
52
25
15
0
34
29
10
21
5
9
98
30
83
2
79
22
97
26
40
37
81
21
77
61
66
17
15
31
89
81
96
41
6
11
41
40
41
3
61
98
13
59
28
48
13
7
22
63
85
63
0
67
36
77
28
2
47
96
33
88
77
30
82
36
93
75
76
86
79
90
84
44
49
12
92
15
72
66
78
9
29
30
28
66
60
9
20
7
57
54
95
86
36
29
22
81
5
51
68
84
41
4
28
42
69
72
57
93
38
87
2
20
18
83
38
30
92
58
37
1
64
84
87
52
14
10
34
19
13
54
55
54
58
83
96
79
7
6
72
45
93
27
65
63
10
3
93
54
14
82
55
78
19
94
31
85
56
17
56
69
71
11
23
81
46
20
61
53
26
85
50
71
12
68
87
74
71
32
28
37
67
35
16
86
30
99
23
86
16
79
56
39
42
31
72
88
51
85
93
29
71
95
53
35
63
92
62
87
24
42
24
91
78
40
29
60
91
52
98
59
83
54
50
25
38
23
65
89
60
58
71
83
6
76
19
69
68
81
56
92
75
81
36
53
73
17
65
17
70
64
76
53
70
27
31
8
2
96
50
62
7
73
46
13
49
17
82
17
50
91
61
25
72
97
31
97
15
96
14
37
12
91
42
35
70
73
43
72
22
45
34
81
18
32
94
67
49
28
36
99
19
98
77
43
47
8
41
14
56
7
51
69
98
46
56
20
71
99
92
93
97
79
26
15
63
72
35
13
1
71
64
72
69
93
16
69
1
9
83
10
16
35
31
67
33
87
87
4
38
32
50
35
63
76
3
26
49
90
91
2
61
8
74
83
1
42
52
55
51
35
17
20
22
48
39
55
87
78
12
25
62
62
13
25
38
68
4
39
58
47
41
19
7
16
54
