804
4
24
40
23
66
96
46
71
6
87
3
58
9
98
38
2
10
57
39
26
20
52
88
78
36
44
12
59
34
1
99
38
78
40
13
44
88
60
15
46
99
70
5
9
20
95
63
31
52
54
57
25
6
46
3
94
42
16
5
76
69
5
14
99
97
79
95
85
91
62
32
91
32
89
52
53
84
67
84
89
21
93
66
79
39
69
26
81
37
31
9
59
88
75
10
85
55
6
23
46
68
7
89
1
96
93
6
32
60
90
73
33
35
39
65
75
61
91
8
50
74
18
61
63
93
72
0
0
78
75
99
46
82
40
99
30
34
57
15
46
99
88
80
35
80
45
10
93
88
70
43
62
40
5
77
86
77
30
38
7
5
37
5
40
78
57
70
64
14
37
10
14
78
42
49
58
39
11
51
27
33
46
42
26
51
71
12
80
1
50
39
7
40
45
99
70
2
69
34
68
7
96
82
85
39
83
95
30
46
46
10
80
92
52
6
96
75
70
28
77
20
68
36
12
65
35
82
67
56
68
87
15
65
70
52
56
5
47
38
52
45
48
32
90
52
90
38
28
60
66
57
32
86
93
45
51
80
27
70
88
48
58
4
13
80
56
21
85
56
59
37
1
60
21
91
12
11
29
40
71
48
97
4
34
42
49
86
74
28
8
63
76
66
19
41
46
75
14
32
83
26
69
85
86
43
28
50
54
10
91
78
58
40
82
44
35
83
82
9
63
91
24
92
57
43
85
4
71
0
88
54
26
9
91
64
52
20
14
7
82
57
37
92
50
71
36
85
6
19
46
69
62
23
13
19
66
99
75
89
99
63
96
77
25
87
93
77
59
7
36
41
17
73
33
19
44
22
4
50
93
2
72
55
25
85
26
44
84
54
33
35
17
29
12
42
69
5
72
80
65
8
22
34
82
7
53
78
81
9
29
74
11
1
29
89
86
8
33
23
62
18
58
31
0
71
26
69
28
98
49
45
58
23
79
92
83
84
71
64
93
52
91
57
53
72
46
91
80
79
66
42
49
25
26
49
48
52
70
28
50
72
74
8
47
5
1
30
42
24
47
35
76
38
44
81
10
90
72
43
21
91
37
71
16
63
20
16
15
91
44
17
63
70
78
10
28
31
93
70
55
92
57
31
30
2
12
92
92
36
87
66
79
25
37
95
88
9
11
56
0
8
73
15
78
51
78
58
82
71
28
89
63
86
72
45
40
36
89
32
25
77
50
4
2
87
0
42
97
63
98
49
23
24
65
54
75
95
12
10
18
41
51
33
79
24
78
19
60
19
3
85
48
54
90
50
93
42
45
90
57
95
92
81
19
57
35
47
4
99
57
22
40
60
55
71
84
85
42
97
4
98
82
53
52
24
55
97
18
52
88
76
48
80
9
67
89
96
14
93
95
23
67
88
84
22
11
20
59
54
17
15
52
52
20
56
76
76
53
47
80
93
75
28
25
84
48
66
32
14
11
79
38
78
19
74
52
31
94
11
37
64
27
89
16
47
97
44
75
50
91
56
96
18
36
21
54
84
40
86
99
51
18
89
30
37
63
82
20
9
46
57
25
73
46
41
20
95
38
96
46
81
4
42
0
40
15
54
25
55
93
76
59
11
65
89
0
80
23
21
89
69
78
15
94
77
8
15
72
98
63
70
80
67
64
32
59
32
38
84
87
31
12
46
94
77
87
95
57
63
68
99
32
46
66
27
75
26
94
48
25
9
70
5
28
35
37
87
67
75
24
6
59
36
5
53
14
44
0
23
7
20
22
92
67
40
71
94
67
65
94
92
26
65
97
54
52
86
41
19
13
17
77
24
6
