971
93
20
12
80
78
31
7
91
15
18
87
16
47
7
66
13
73
76
25
5
78
62
84
72
28
77
44
38
19
98
12
12
18
24
44
48
8
51
40
23
21
79
91
68
39
57
33
12
85
59
18
15
73
54
88
53
83
84
44
2
82
56
66
53
33
62
1
41
13
93
16
87
73
7
55
12
65
89
76
2
0
46
18
25
1
58
78
36
42
22
91
77
31
9
30
64
72
31
5
37
25
73
24
98
80
32
62
97
73
38
0
25
85
70
50
38
28
80
26
22
55
17
99
86
79
29
2
51
13
59
88
38
32
65
88
12
97
2
10
70
40
62
95
77
32
97
67
60
77
94
34
32
63
34
70
42
15
72
93
28
31
34
18
63
99
58
28
96
60
38
18
53
0
65
82
84
62
50
96
91
44
30
76
59
64
46
2
32
71
47
12
2
81
83
18
80
41
98
76
54
36
46
59
88
11
41
24
73
91
20
65
87
50
93
47
67
39
1
99
62
48
63
65
30
46
35
10
40
33
39
46
21
85
5
61
97
98
85
22
42
5
39
29
7
32
28
74
24
29
25
86
78
89
3
8
87
90
70
79
75
9
25
96
47
82
9
96
33
46
18
75
3
10
56
11
94
85
85
18
66
11
57
44
52
60
4
39
51
75
19
26
36
96
75
83
31
36
79
64
83
50
39
86
60
95
49
6
32
35
25
99
98
34
95
2
94
0
93
97
27
64
76
63
61
51
47
92
39
78
56
22
28
47
61
40
94
10
47
27
97
24
78
47
58
73
49
4
25
95
2
4
59
78
68
72
81
67
16
72
45
24
95
26
71
8
18
66
70
65
45
20
41
23
67
51
48
69
56
26
64
10
30
75
40
50
48
73
17
64
45
15
89
92
93
60
0
11
78
23
29
23
43
70
98
62
22
99
31
30
77
47
92
59
23
32
10
71
5
79
35
50
46
24
43
39
37
95
51
15
18
32
91
61
2
41
76
76
92
7
58
21
55
50
81
30
82
43
1
39
22
36
90
21
13
85
60
2
32
63
69
51
95
60
64
50
54
40
78
98
0
37
20
7
87
53
37
70
96
38
9
70
26
51
91
91
88
4
93
21
19
63
72
67
75
88
17
81
81
95
80
81
32
52
88
72
5
25
94
1
15
3
23
41
7
15
33
95
19
78
68
38
41
92
57
17
81
74
98
14
22
30
95
6
82
35
78
39
12
72
40
27
28
16
20
87
31
5
34
2
84
3
92
25
95
50
94
28
76
93
42
98
75
37
57
58
24
35
97
36
60
90
15
40
6
88
27
89
93
61
91
29
64
83
55
12
85
1
40
62
46
83
12
22
72
69
32
49
57
29
85
17
71
53
9
29
41
36
18
86
49
61
16
66
45
23
78
82
24
18
44
71
53
57
45
78
78
77
27
35
58
64
4
30
69
13
11
10
1
30
97
51
91
13
69
88
36
47
71
12
17
67
35
23
24
80
1
55
9
80
90
68
44
95
50
14
60
61
76
62
43
73
65
87
38
34
75
26
33
98
39
2
66
74
25
42
7
26
97
16
58
40
84
3
35
86
69
47
48
97
61
43
23
78
30
61
12
6
88
97
56
79
0
22
5
25
17
12
4
14
29
62
6
65
17
93
52
38
41
52
36
54
47
59
33
78
72
97
36
12
95
92
91
95
67
97
72
36
61
28
2
42
43
9
8
60
2
12
51
43
16
39
98
63
50
31
93
22
80
29
35
75
74
78
22
93
27
95
29
89
75
31
31
18
40
91
31
43
55
82
38
71
73
36
87
23
19
80
45
0
62
32
27
36
11
50
29
90
97
58
31
72
89
15
91
30
6
22
25
62
56
63
85
29
52
72
52
71
5
49
23
67
82
51
3
45
53
84
35
50
42
67
74
83
82
17
65
40
91
90
54
47
54
92
28
6
64
32
29
69
82
53
88
64
56
91
61
61
75
96
63
69
15
37
53
49
55
18
42
46
9
96
46
15
88
74
73
5
7
2
26
89
7
15
5
15
58
66
76
86
14
39
55
82
77
60
31
84
79
73
82
40
22
28
7
62
3
80
67
62
82
46
3
42
61
8
57
19
26
34
57
40
25
13
22
54
73
6
38
4
31
21
96
53
1
3
16
56
35
35
18
70
81
21
12
94
81
21
66
7
55
23
0
33
36
74
87
62
80
78
18
12
