696
47
58
45
77
7
13
23
48
70
53
40
32
36
92
51
62
42
59
9
29
95
72
16
43
96
72
74
4
58
21
70
57
79
15
87
38
80
10
38
51
16
79
35
52
71
86
66
65
98
75
94
45
99
63
41
47
87
15
52
45
36
22
55
68
90
42
6
22
52
45
25
20
76
61
24
99
99
90
64
49
17
10
95
17
25
88
64
12
3
16
10
39
91
65
59
33
7
66
55
11
63
81
32
39
94
56
90
45
99
54
95
16
16
42
85
42
82
2
54
85
70
16
76
61
81
36
94
40
54
2
4
17
35
88
8
29
44
98
26
95
4
73
64
20
67
49
14
49
3
21
34
74
37
63
87
19
99
82
11
53
36
15
22
71
3
30
52
0
80
78
47
84
4
11
56
71
13
71
21
16
92
7
42
81
70
30
0
21
64
64
26
0
79
48
23
35
30
75
87
10
5
34
94
9
46
51
33
59
74
6
27
18
13
70
99
36
0
52
9
64
16
36
64
47
36
39
82
67
14
21
77
71
56
24
33
2
27
66
13
1
72
40
71
37
10
70
73
10
22
83
26
90
71
42
38
7
81
72
74
47
94
4
19
50
28
4
4
7
70
17
60
94
57
31
83
20
1
57
82
76
92
9
66
63
3
56
22
85
81
97
32
27
53
3
29
33
7
33
40
29
2
0
75
11
31
59
31
84
68
66
60
60
27
79
75
30
87
97
15
68
46
0
47
51
3
76
84
11
61
24
40
15
24
16
27
7
27
10
92
95
76
4
55
3
83
82
86
71
31
1
91
78
53
91
29
57
67
66
68
81
90
60
96
67
28
23
74
55
34
18
50
62
23
57
18
58
39
4
81
71
57
25
1
11
16
82
68
35
48
88
16
91
0
65
58
29
40
84
84
26
3
87
89
78
44
59
36
36
63
18
59
20
43
12
83
11
46
51
46
95
91
15
38
92
80
96
21
20
80
57
99
35
44
88
13
41
47
50
29
62
20
88
82
15
52
18
26
98
69
72
45
61
87
83
53
19
79
26
40
12
83
39
47
80
79
13
73
78
15
54
40
35
94
74
2
46
92
28
44
14
52
90
27
92
25
80
11
5
58
3
69
93
94
68
25
73
81
50
3
48
4
43
35
98
70
37
44
62
17
41
76
70
83
55
14
8
87
25
65
45
29
34
39
23
55
16
49
88
67
52
37
71
96
72
70
18
62
66
80
79
7
9
1
90
64
15
51
52
93
16
49
22
3
40
97
58
57
46
46
76
99
83
47
47
8
69
65
70
36
97
49
95
58
3
86
75
70
37
27
63
5
28
85
8
69
35
66
78
81
13
54
32
48
53
31
56
23
96
26
11
46
28
6
4
31
44
79
1
33
58
17
39
39
2
47
8
37
66
38
71
31
92
3
79
97
35
36
20
83
14
83
81
42
42
86
25
86
17
79
72
28
96
63
67
50
62
75
40
28
65
11
59
57
66
39
6
53
27
79
89
41
62
70
36
56
8
13
95
26
92
67
54
40
30
21
91
92
48
31
73
13
94
32
22
12
23
28
66
50
7
55
44
22
77
32
78
