569
87
21
39
73
76
48
59
44
44
9
73
3
56
58
31
67
27
64
58
11
80
88
24
18
67
68
11
23
39
55
64
78
76
3
52
4
3
63
49
47
72
74
50
81
84
33
48
11
98
58
74
78
46
98
49
13
18
12
89
58
67
5
36
95
60
40
0
63
4
1
63
28
75
65
9
59
99
9
22
97
68
96
75
14
95
76
80
65
89
21
23
56
26
12
52
38
4
4
1
60
5
64
89
80
30
98
91
81
60
13
78
28
61
5
94
56
82
74
74
23
47
97
79
25
61
83
63
18
87
65
78
44
81
19
76
63
70
67
44
30
32
74
58
94
32
52
2
66
79
76
89
78
26
68
4
39
4
67
57
43
32
36
88
66
7
64
81
77
32
26
7
16
52
17
10
84
22
13
50
53
41
91
31
67
60
35
7
16
3
64
59
87
52
47
5
60
64
87
37
96
13
97
12
17
14
75
54
88
40
4
41
81
96
73
49
8
60
8
76
63
72
35
3
77
35
8
89
99
95
26
47
60
75
11
78
42
86
84
30
26
88
24
60
36
49
9
96
9
17
24
25
41
60
28
18
47
36
7
46
84
86
45
44
13
56
74
55
95
58
38
73
99
62
33
87
11
94
36
72
11
60
97
5
72
25
75
19
14
35
17
98
73
14
94
86
71
21
94
18
31
84
91
82
46
77
22
9
71
58
81
35
70
31
40
43
56
67
14
22
2
84
72
27
98
67
14
21
40
60
39
23
44
83
58
42
12
80
3
35
90
36
70
60
67
62
55
24
30
70
46
84
6
19
12
4
38
78
78
30
90
69
53
34
4
63
76
16
43
79
52
33
15
22
46
35
37
1
59
19
23
57
55
29
28
19
86
18
97
64
48
87
33
54
73
38
17
1
54
13
32
58
98
0
33
44
35
70
98
94
41
73
3
96
55
32
16
41
2
65
5
51
53
90
57
78
28
26
80
35
39
12
93
38
12
78
34
47
0
84
93
41
58
49
38
13
33
6
6
35
71
63
38
76
53
95
55
34
74
35
69
65
47
14
55
12
45
90
11
45
26
5
87
84
54
77
49
87
83
55
74
54
18
13
31
24
60
38
58
34
73
27
0
72
93
55
84
38
97
48
36
24
53
23
60
59
0
10
98
35
17
72
41
88
85
72
12
46
62
70
32
35
49
84
60
94
40
96
33
89
44
69
65
97
44
26
8
96
88
6
31
57
79
72
45
64
97
57
62
59
27
95
47
28
79
7
23
71
3
8
13
48
77
78
97
73
56
6
69
96
