859
93
61
60
19
20
44
57
78
30
37
65
0
6
66
95
46
26
17
80
24
96
74
12
99
15
30
91
74
75
91
79
21
4
39
92
24
83
49
54
14
38
71
14
44
37
61
90
63
79
22
39
75
97
3
26
64
34
69
38
61
60
70
82
65
9
74
89
93
75
96
59
13
67
25
9
5
87
52
68
66
74
60
93
23
63
20
40
49
89
30
63
2
0
45
67
10
72
8
3
99
4
14
13
72
39
22
77
26
74
97
44
1
9
90
76
25
10
16
74
51
47
37
53
99
35
72
9
59
33
64
58
37
78
23
61
70
98
90
96
24
40
93
25
49
83
2
74
45
70
1
48
69
38
54
69
25
26
78
84
11
95
95
49
25
18
62
95
16
5
92
41
45
37
66
46
20
20
21
65
43
74
65
12
64
19
81
90
46
12
26
9
59
21
58
84
40
73
80
56
78
24
49
75
61
68
21
81
88
94
98
31
68
15
96
33
35
77
75
33
41
1
42
0
23
53
85
15
26
17
71
56
41
73
31
2
41
4
35
29
99
85
13
19
0
9
52
35
38
27
20
80
81
63
32
4
16
69
19
94
86
42
2
27
15
33
81
56
89
68
38
88
53
3
8
6
12
12
93
2
92
14
34
73
29
67
77
45
36
48
91
75
42
93
2
58
78
84
66
67
4
4
8
10
59
16
16
23
80
61
26
72
27
12
97
56
31
26
53
20
74
44
95
69
89
97
27
67
33
45
35
38
50
43
48
61
11
16
85
43
77
11
68
57
23
65
13
55
44
67
75
70
63
22
39
53
19
66
72
5
12
7
95
14
2
95
75
65
11
60
9
40
23
29
97
99
46
63
6
90
82
33
61
45
55
0
50
26
19
23
31
83
82
78
49
85
73
76
2
36
89
63
29
12
92
78
63
39
41
69
81
23
2
42
21
57
95
71
84
14
46
67
97
29
46
46
66
71
22
68
8
11
84
37
76
28
15
39
67
9
9
1
84
63
43
5
21
38
29
57
4
75
24
1
4
22
99
70
94
74
91
2
85
75
91
13
3
58
53
23
67
14
24
52
77
19
9
50
10
38
7
14
66
84
68
70
58
67
93
52
41
36
6
79
11
97
92
66
8
97
41
75
63
17
79
41
37
41
91
99
31
51
65
97
87
33
20
45
53
65
98
46
1
56
25
64
6
70
30
14
19
24
41
83
41
73
76
30
14
19
81
45
70
47
43
9
32
63
55
85
80
5
32
81
61
9
45
19
31
27
33
3
51
27
38
45
0
14
75
14
33
57
59
56
56
54
65
88
69
20
26
49
77
10
30
39
71
27
10
3
7
44
58
58
23
96
55
23
62
83
37
95
92
48
3
48
3
69
36
72
41
62
22
19
72
4
10
44
32
20
99
39
16
9
49
39
5
57
14
67
40
51
14
32
0
18
80
55
39
68
79
80
31
1
51
55
58
13
51
90
86
50
81
54
59
82
46
16
39
60
35
31
64
50
63
16
20
43
71
59
64
50
91
47
4
95
2
62
8
54
4
46
56
37
1
68
71
47
36
11
59
72
42
23
22
58
39
42
53
62
53
17
65
44
64
69
39
19
83
0
73
87
46
81
76
47
1
47
46
38
10
6
10
53
81
84
11
73
26
16
35
79
34
0
75
98
21
15
17
4
15
42
43
13
76
19
61
77
19
59
15
29
17
77
82
99
61
45
24
39
62
59
18
48
12
46
46
33
61
16
90
28
10
33
41
86
5
54
16
24
66
31
53
83
61
88
34
22
85
58
14
99
70
84
47
82
30
46
67
43
14
9
71
24
95
65
63
0
71
79
76
37
62
81
21
23
69
7
98
7
66
12
58
36
96
58
70
27
56
89
70
70
99
94
46
46
59
9
98
30
88
74
20
51
55
41
74
77
48
72
36
66
36
94
54
33
4
76
12
60
