734
84
75
51
44
63
3
77
41
78
7
80
12
84
6
98
28
44
3
21
58
5
50
38
0
53
52
31
63
44
68
39
28
43
42
24
58
45
1
99
24
61
80
88
97
38
38
25
34
42
98
92
47
0
82
48
54
35
31
69
31
51
8
59
94
50
35
52
48
88
51
24
1
83
12
98
74
51
75
60
45
73
53
44
74
87
44
80
22
27
49
53
78
10
64
72
12
51
24
60
40
28
84
41
11
49
40
37
52
15
98
97
41
3
41
67
90
86
99
13
65
48
18
44
10
83
16
23
34
93
35
26
21
72
68
84
73
60
22
25
27
20
22
20
75
15
87
65
53
86
30
19
87
49
63
97
84
31
72
70
24
60
97
45
84
17
82
57
29
4
82
8
76
56
29
51
71
16
16
77
55
99
48
42
48
11
91
84
94
16
6
71
28
55
16
12
72
50
69
53
54
3
62
82
59
43
33
82
59
2
11
66
1
59
8
1
22
52
37
17
68
43
88
96
99
56
60
23
7
81
29
13
84
43
96
95
86
29
29
97
83
41
64
36
52
24
89
75
76
26
92
96
70
32
44
21
40
56
96
47
37
25
13
21
68
9
68
54
90
50
4
26
91
68
62
95
44
52
70
73
78
14
69
0
98
66
73
39
22
70
38
60
47
51
33
16
12
54
22
3
4
78
29
47
46
43
42
43
95
13
16
26
79
37
78
78
3
4
17
78
26
55
38
73
59
23
41
71
77
16
26
81
94
55
28
93
51
71
36
46
36
52
24
15
89
55
93
45
59
62
23
85
70
13
58
29
36
52
0
14
68
27
95
62
34
76
7
85
99
43
84
35
47
60
2
89
15
48
34
74
10
9
11
80
22
22
9
58
74
62
24
42
41
72
56
75
48
64
13
99
59
97
34
59
9
88
0
25
36
34
99
47
95
63
79
17
85
41
27
59
55
52
53
96
76
9
23
76
25
36
75
37
85
9
48
95
97
48
20
86
82
71
85
29
34
64
98
19
57
25
30
12
29
83
8
5
45
32
33
70
68
8
59
6
69
7
1
67
55
73
5
89
44
90
18
31
54
68
2
64
94
85
76
75
68
85
33
13
69
66
36
89
75
47
95
44
55
48
63
62
21
68
52
18
10
22
1
17
91
3
81
37
88
57
12
9
94
97
74
63
64
62
53
91
10
0
35
17
49
51
79
70
71
83
40
82
6
41
99
49
97
80
86
37
89
50
98
84
48
73
47
64
35
52
55
45
53
42
62
2
45
94
24
17
77
17
51
83
58
50
84
7
82
70
45
71
73
43
55
21
68
55
85
4
7
92
1
60
34
16
14
32
10
39
49
87
8
0
23
66
2
7
26
36
30
71
7
3
66
15
76
35
70
13
91
77
5
44
90
91
60
4
23
22
95
24
62
3
76
37
22
78
44
48
14
26
71
74
81
89
89
57
24
11
22
67
40
27
64
30
71
24
35
46
99
82
23
61
86
99
98
60
78
94
8
44
21
79
70
54
68
59
12
45
22
34
64
63
14
28
93
37
5
80
35
4
63
58
17
1
58
15
61
88
61
21
84
34
0
55
89
20
66
1
17
89
87
82
52
53
62
97
90
67
78
26
23
93
36
40
46
94
55
7
34
69
28
19
3
80
26
92
52
92
45
