243
67
67
81
90
76
60
67
50
15
83
35
42
15
51
90
26
87
42
91
2
90
7
21
78
97
86
13
1
73
34
82
92
53
63
83
81
75
50
31
91
33
19
33
49
70
24
27
10
18
18
12
9
26
85
39
75
23
5
77
97
91
11
89
44
74
72
25
1
22
8
92
8
27
78
57
50
54
36
60
72
6
24
33
32
9
73
60
85
30
89
82
21
0
23
17
74
48
94
75
22
2
20
30
30
98
39
32
4
75
92
76
82
68
10
66
29
35
78
14
65
67
48
86
67
24
3
93
72
49
21
94
51
41
77
33
91
68
65
95
44
9
23
78
29
33
96
59
20
75
25
85
42
74
23
62
98
78
55
22
27
76
68
79
69
45
12
12
66
30
59
10
39
83
40
69
68
88
80
89
63
5
26
58
31
50
20
81
28
27
3
56
4
24
87
25
21
51
38
87
81
49
49
73
32
89
94
53
78
74
94
93
31
20
51
15
70
23
96
51
51
52
59
7
76
46
32
49
49
22
37
31
24
86
56
8
28
50
61
58
76
55
51
7
