336
61
44
52
15
94
13
38
32
19
38
73
0
60
13
33
94
34
74
95
6
84
93
50
49
2
95
71
12
73
99
81
34
43
85
50
89
99
40
74
18
78
47
18
90
13
4
36
47
78
31
5
14
77
7
15
79
2
38
92
27
37
73
14
32
58
16
74
9
56
48
28
86
47
98
77
60
2
13
7
32
97
12
47
74
20
14
5
74
53
97
54
42
22
68
75
33
84
1
42
92
49
22
78
48
21
7
9
75
73
68
8
70
33
7
44
5
21
49
31
74
99
85
17
73
53
44
58
89
45
1
81
46
75
12
94
96
19
55
24
92
24
84
14
9
43
58
14
16
60
45
43
11
83
60
36
36
56
95
78
53
48
11
99
23
23
45
72
95
1
96
87
77
32
2
86
75
12
52
91
24
97
34
35
80
46
24
69
54
19
99
7
67
10
58
42
86
4
14
81
57
62
20
34
94
22
20
21
87
24
65
11
21
51
99
54
50
23
75
4
42
74
64
61
36
22
3
74
78
18
55
35
32
76
69
79
50
41
0
37
65
17
1
39
69
0
45
19
75
72
75
17
98
39
30
34
14
33
61
44
3
16
80
36
44
1
15
95
95
67
84
12
37
85
3
6
37
0
77
12
72
4
81
70
96
11
57
62
97
18
6
0
86
38
88
31
92
55
78
87
75
14
51
12
52
55
18
89
55
47
54
80
51
87
50
99
51
7
61
48
77
68
0
64
6
41
47
98
96
25
37
71
91
89
35
43
96
