898
51
6
26
60
82
82
33
48
56
74
20
79
25
63
39
83
69
97
2
47
99
80
61
15
65
24
59
49
27
91
18
30
50
45
91
84
27
76
33
35
50
5
14
75
68
5
10
90
54
12
37
54
93
50
21
10
74
80
60
1
24
30
83
26
75
26
62
54
2
47
89
52
53
55
80
73
60
90
63
67
55
0
73
0
2
94
10
76
27
22
29
3
53
13
81
28
39
43
35
42
91
24
46
96
32
78
69
44
69
85
11
76
85
84
76
88
79
86
16
58
9
46
61
62
11
42
42
50
37
29
44
28
6
43
24
38
21
94
82
42
79
94
18
16
30
94
56
9
33
25
19
94
71
80
8
82
74
50
84
12
80
29
92
38
24
17
76
45
63
58
88
94
4
6
62
35
53
19
96
38
44
68
32
67
48
40
1
75
42
85
39
74
66
31
12
90
48
40
36
63
99
76
57
55
82
20
42
87
91
91
25
87
59
9
54
59
49
7
86
44
92
25
18
11
57
83
1
57
23
89
21
74
65
78
82
0
50
24
39
41
67
17
28
26
26
34
38
28
41
24
72
86
50
42
97
59
25
50
16
49
92
89
23
9
20
57
61
70
82
1
12
49
18
92
28
44
79
18
24
20
42
96
58
44
39
55
3
64
58
72
65
50
13
41
11
33
98
73
4
32
74
68
34
44
12
62
40
91
32
65
64
74
61
22
71
52
30
26
17
40
98
34
42
12
75
53
97
26
26
1
58
52
21
92
96
34
6
37
77
38
2
41
65
15
16
36
68
98
62
37
90
13
23
32
77
51
85
74
77
12
28
87
64
49
32
13
35
38
50
13
29
4
6
46
71
74
34
91
24
96
28
14
61
4
46
38
55
84
13
32
48
93
19
64
42
3
77
78
42
79
43
23
35
1
21
7
76
55
50
52
51
79
67
65
35
65
3
90
49
68
22
97
61
93
62
56
97
91
86
91
71
29
66
6
30
87
65
58
94
16
11
97
47
30
62
82
95
66
72
45
86
46
94
48
91
56
4
40
48
90
83
71
71
1
77
53
40
95
12
34
11
75
32
10
5
94
92
0
12
16
45
99
14
40
47
5
48
3
98
48
45
81
19
16
35
49
69
75
44
81
10
7
8
94
17
13
88
61
14
53
77
11
52
91
3
51
48
52
6
98
0
51
80
72
67
67
21
88
42
65
70
4
24
30
98
41
44
39
2
58
92
31
21
96
22
25
99
22
77
5
21
29
56
53
1
75
20
74
63
14
39
85
19
63
16
69
56
60
8
10
70
52
41
91
48
15
16
99
38
45
4
11
27
12
16
80
87
88
55
3
2
46
40
73
62
56
43
18
68
3
29
38
56
70
82
56
86
50
56
76
48
12
39
75
25
55
55
64
43
62
67
97
9
8
71
71
16
66
41
85
69
70
75
25
93
9
34
31
60
90
59
60
2
98
35
79
5
42
44
0
5
63
97
66
23
20
37
40
38
78
77
8
1
52
85
46
62
19
29
74
61
88
34
16
38
21
95
43
63
91
95
20
55
44
86
78
65
75
70
3
54
47
63
7
0
49
53
14
20
82
40
34
22
74
50
60
95
97
55
10
89
50
83
96
94
69
74
11
45
45
67
51
92
30
10
44
31
63
10
4
97
50
38
71
24
40
83
71
89
38
34
78
40
17
26
86
38
53
50
35
98
17
86
42
99
96
39
83
11
49
39
60
52
77
31
28
69
14
0
58
4
86
89
96
3
15
83
93
68
33
29
18
2
15
13
53
64
4
88
27
5
27
88
57
56
71
86
77
38
38
36
42
24
77
39
79
44
74
72
65
7
1
35
61
69
0
66
33
4
55
12
10
34
0
67
91
72
5
68
10
43
56
4
67
33
95
98
30
69
71
95
28
24
30
89
93
31
8
78
87
63
91
97
49
43
17
40
67
22
61
29
18
17
34
37
3
81
36
33
51
7
80
79
83
62
69
29
93
29
59
81
92
2
30
93
46
99
34
65
74
47
95
92
64
81
29
19
62
