733
29
41
74
46
78
87
14
47
14
63
43
39
12
89
95
17
41
1
24
46
18
45
33
86
91
43
75
13
27
79
57
9
21
83
55
51
70
22
50
36
37
45
27
49
35
22
67
28
23
43
74
94
89
59
80
32
2
7
45
82
87
54
91
60
37
98
63
59
20
14
95
57
11
75
7
98
97
26
79
73
21
5
19
62
65
51
94
19
11
39
1
50
45
44
10
34
43
73
45
63
39
93
73
3
68
32
1
17
58
80
90
31
86
61
94
3
65
88
74
76
80
28
26
25
72
36
12
67
61
57
31
53
50
56
56
18
88
9
36
46
90
78
77
28
40
23
83
5
12
57
33
44
37
59
69
10
47
81
77
60
91
60
13
41
16
21
60
4
31
96
2
73
26
32
1
18
55
36
75
19
45
8
63
83
67
85
45
66
18
74
27
9
87
40
51
3
62
63
60
93
11
14
18
37
98
19
56
6
7
31
25
52
92
41
35
11
26
32
78
96
7
5
58
94
97
9
49
11
24
61
56
35
76
74
72
74
45
80
80
52
12
58
5
4
99
92
15
77
25
45
25
84
2
83
78
0
92
27
63
68
89
20
3
17
94
76
43
40
56
76
44
20
34
1
76
85
94
44
14
71
41
39
55
44
23
85
96
67
64
59
36
5
79
39
22
74
67
18
66
76
94
62
48
80
64
77
17
10
73
31
33
14
22
88
58
45
25
54
65
89
14
53
95
93
44
17
19
64
87
37
40
81
0
40
13
16
17
30
26
90
13
59
5
36
99
15
33
24
70
50
13
36
3
8
81
48
78
53
12
65
90
4
99
42
96
64
58
14
95
36
56
60
47
13
48
46
81
82
22
51
84
36
39
88
96
20
88
26
73
52
44
16
8
95
58
4
59
69
70
6
5
27
67
53
92
15
51
73
49
74
76
34
62
67
74
10
88
14
37
13
66
33
81
74
28
92
30
87
13
1
46
18
80
13
23
72
80
27
98
30
53
26
16
15
94
42
77
34
56
14
99
22
99
81
48
27
25
78
67
38
31
13
8
11
78
84
36
58
11
86
40
64
12
8
31
6
50
8
40
6
75
92
80
74
25
28
54
50
59
73
88
90
38
48
54
16
32
90
26
43
76
67
59
40
75
42
47
26
3
39
84
78
83
65
4
8
45
10
58
4
35
98
47
73
47
1
89
79
43
16
75
71
35
86
11
62
29
10
40
32
2
25
62
85
90
18
94
35
29
4
92
64
3
39
90
2
40
79
81
35
47
8
6
34
47
17
97
76
28
37
60
30
62
74
67
4
44
61
92
25
18
84
42
21
23
32
23
15
63
56
50
11
17
56
45
64
25
94
92
53
32
4
35
46
78
3
51
22
16
43
48
34
79
90
7
2
74
82
69
37
39
71
48
56
27
46
20
52
92
12
58
76
16
45
23
46
0
26
20
69
21
20
55
0
62
63
54
36
45
75
74
36
46
74
92
73
72
64
77
65
28
87
41
96
85
64
42
85
42
15
54
15
35
10
15
98
25
21
86
70
96
60
59
42
87
51
67
59
16
97
24
96
36
66
93
21
82
35
7
77
2
13
92
38
75
60
88
0
81
26
23
30
39
82
24
26
85
44
85
53
41
62
50
29
80
43
51
62
30
10
91
85
23
