967
54
80
53
80
86
61
7
68
63
70
34
63
66
11
39
86
84
38
20
58
11
99
29
83
96
67
7
29
43
12
42
98
92
95
30
78
57
38
99
72
60
85
35
26
96
27
64
81
65
84
91
76
36
72
11
32
39
18
13
34
82
56
32
74
3
15
5
60
53
4
85
65
89
20
43
38
99
7
71
64
43
62
93
31
34
4
16
25
75
29
59
9
37
44
84
41
59
41
53
64
97
38
29
38
11
24
76
10
83
47
27
26
61
20
10
47
76
26
72
3
55
84
13
45
28
49
86
39
42
39
3
91
78
84
29
89
8
58
51
43
5
78
69
19
50
31
66
27
57
91
82
65
75
47
10
3
48
48
42
90
87
97
81
17
81
11
58
41
21
10
84
26
88
5
45
39
37
64
18
46
7
0
63
82
48
25
37
48
73
31
39
61
28
72
78
61
35
37
54
56
99
90
83
87
47
80
26
36
96
96
83
3
97
98
37
97
24
74
45
97
5
36
10
85
9
41
98
44
30
4
1
29
94
36
68
42
68
47
78
17
43
13
20
40
12
58
89
88
84
87
37
42
75
0
27
84
41
78
81
23
82
34
52
77
22
20
71
42
67
49
59
11
15
32
3
79
90
45
67
26
84
4
68
59
56
48
96
97
26
29
20
8
63
24
37
37
97
8
79
16
10
39
79
25
71
35
4
13
80
23
39
16
79
8
27
36
8
23
85
34
52
58
94
67
82
32
4
79
92
84
48
2
23
27
79
46
62
35
59
94
58
50
10
90
58
38
26
18
13
63
52
66
21
47
33
4
31
90
35
23
74
83
26
49
11
57
95
25
93
54
20
3
4
82
93
15
72
71
33
86
35
38
4
56
37
89
12
68
79
48
91
53
83
69
2
46
79
49
72
72
3
44
75
60
26
21
27
99
92
12
85
79
2
41
36
39
30
48
7
10
48
51
63
32
72
18
78
51
67
2
23
23
46
51
35
25
72
14
24
16
26
61
96
29
2
84
20
32
32
80
94
33
31
10
65
55
28
95
7
47
50
82
22
96
85
9
21
9
23
97
26
2
10
74
83
12
58
3
97
42
83
91
75
66
1
92
22
81
88
81
81
38
63
3
86
1
13
8
10
36
57
88
90
68
62
73
80
20
29
29
63
12
73
90
31
26
83
53
8
71
34
89
61
49
44
47
50
57
7
61
46
65
49
36
33
64
62
65
36
91
47
99
55
20
90
86
46
73
39
6
96
25
95
9
27
92
56
77
49
16
90
47
81
92
36
66
56
98
83
92
41
30
44
96
50
86
83
49
11
74
55
59
52
3
68
79
95
24
56
96
40
99
44
73
43
32
39
51
30
23
95
23
5
39
19
8
77
54
57
40
29
12
99
33
15
67
12
62
92
20
59
84
19
3
10
14
35
49
65
17
24
61
40
82
52
11
90
82
18
47
22
99
11
22
32
79
89
44
41
33
64
0
70
36
55
80
2
42
81
68
59
6
81
51
40
85
15
30
67
33
29
90
32
40
12
16
71
53
60
13
87
76
65
9
64
21
89
67
63
70
87
75
28
20
78
68
5
45
98
73
78
79
15
62
20
79
78
91
32
90
56
71
67
74
80
83
95
69
2
10
92
89
37
20
9
68
89
67
13
39
40
92
19
55
6
91
34
37
34
18
27
43
90
46
17
22
30
64
44
84
74
36
26
64
56
87
32
97
54
45
89
94
89
8
1
96
99
87
33
85
6
12
28
48
59
45
22
41
9
66
25
36
54
3
0
11
91
84
60
45
29
49
92
19
57
45
67
8
33
52
46
91
64
74
91
23
20
13
16
81
32
42
17
86
97
69
49
88
53
10
34
83
59
78
54
69
23
73
29
8
25
75
51
89
50
42
65
22
8
81
55
40
75
73
78
73
94
28
61
48
90
47
83
1
25
89
70
1
62
52
9
87
27
61
76
29
55
41
3
15
75
59
55
50
84
86
23
78
14
37
78
56
84
13
57
62
2
80
63
64
32
24
3
11
37
32
41
93
25
96
60
0
7
16
51
91
54
26
22
20
63
0
76
48
14
33
62
68
13
25
85
97
1
88
9
39
20
2
84
46
98
44
46
6
12
49
49
66
28
71
38
91
24
14
91
90
0
53
58
65
30
95
63
32
84
72
23
4
26
59
2
76
55
1
34
68
50
