748
53
12
60
4
63
6
54
56
15
87
24
51
58
77
56
0
8
46
84
48
34
34
82
84
88
91
79
40
7
18
41
60
30
53
16
46
11
71
54
27
58
31
30
68
8
38
20
68
36
57
68
70
43
2
6
31
93
37
71
0
56
64
12
38
17
29
84
29
0
39
8
10
70
90
30
30
80
51
50
16
8
18
87
3
21
45
34
14
83
57
67
91
21
31
29
38
60
14
19
12
5
27
74
75
69
5
57
49
56
7
66
16
25
5
19
46
50
5
13
85
62
32
76
35
63
6
25
76
72
45
88
77
24
63
4
94
68
61
95
76
20
61
44
45
18
63
44
21
20
9
6
82
41
35
69
56
41
94
32
65
39
21
42
16
36
98
62
56
59
57
84
79
19
28
76
37
43
20
10
63
81
17
97
22
52
66
79
45
60
11
10
52
84
4
68
72
2
30
80
13
39
64
44
10
92
20
0
35
93
10
50
74
27
99
49
31
65
28
28
78
91
38
82
28
94
2
52
48
32
33
13
71
97
57
82
90
30
82
77
75
44
80
1
72
79
50
3
97
30
32
27
74
22
9
2
69
11
54
69
95
87
83
18
37
92
52
79
74
86
56
1
31
88
3
3
68
53
58
17
36
42
44
10
17
53
64
38
64
70
7
11
10
42
29
47
87
82
26
13
68
34
15
99
23
18
54
43
23
13
60
11
7
4
21
76
57
37
14
73
8
74
84
18
68
65
17
55
47
43
21
16
29
36
67
4
6
22
47
81
87
7
93
94
63
66
23
72
4
37
97
64
11
81
34
80
47
51
87
46
46
8
62
75
96
82
80
54
4
79
36
43
39
81
89
2
99
12
75
55
50
72
19
13
6
53
93
5
4
33
51
50
93
66
78
90
48
10
44
4
89
32
47
28
13
36
31
13
1
58
68
51
30
40
64
88
93
10
45
50
95
97
0
88
15
30
78
15
40
23
71
30
55
18
58
21
6
41
86
7
99
6
10
82
46
27
70
40
89
16
90
84
65
42
72
32
25
51
47
65
26
18
95
33
88
6
6
46
47
92
6
47
99
68
81
97
95
3
89
84
71
79
68
36
74
93
20
99
44
67
16
22
37
12
55
77
70
14
24
17
6
82
16
57
50
97
55
98
1
44
82
72
76
3
61
2
96
81
53
92
1
69
14
38
33
21
16
3
87
92
21
94
74
37
3
76
87
10
74
40
7
9
12
83
12
25
37
60
7
90
52
60
11
18
98
45
91
66
48
79
10
21
25
36
11
28
13
98
91
39
38
98
48
2
81
12
28
70
24
87
60
76
47
23
46
97
68
90
16
69
69
26
42
46
63
53
26
28
3
17
19
93
15
68
48
48
32
76
18
57
15
30
85
14
54
32
11
74
74
79
43
95
6
38
41
21
91
67
1
47
85
20
40
52
40
88
1
73
16
19
30
83
50
67
97
56
51
61
30
25
40
26
20
98
64
13
19
55
81
72
54
18
45
95
70
85
35
23
58
4
43
40
87
45
8
85
1
59
98
31
37
38
9
57
37
73
71
8
81
4
81
35
74
26
82
96
63
18
20
74
74
63
66
61
60
74
98
61
86
96
44
23
35
6
32
24
79
55
32
12
59
65
0
85
43
82
82
7
52
2
33
26
17
99
40
77
26
38
90
12
35
86
87
22
92
71
98
24
27
