745
54
54
37
4
31
1
28
20
14
89
86
75
71
62
46
81
73
37
96
61
63
51
80
38
4
93
95
72
28
42
59
35
49
48
39
80
2
19
52
16
60
38
92
31
0
90
13
25
79
9
39
95
12
19
33
68
12
80
41
93
75
0
80
24
1
71
56
3
90
60
19
2
98
63
33
51
6
98
28
37
59
67
32
24
86
66
92
51
98
33
96
73
86
76
97
39
47
5
42
89
65
13
43
64
77
76
67
35
27
95
72
38
63
5
62
1
23
55
4
21
40
0
95
78
28
44
17
27
50
11
16
15
25
59
31
54
88
50
89
67
98
13
5
13
70
68
14
93
75
71
67
67
23
14
46
52
10
15
79
60
27
48
28
52
7
11
58
47
14
47
66
12
60
72
25
83
92
91
76
19
62
95
86
86
61
84
90
72
0
69
84
79
17
12
83
77
76
41
76
90
40
43
54
52
67
79
35
59
22
64
78
85
59
64
23
21
1
13
93
1
34
29
32
4
42
15
81
70
8
9
12
48
52
66
0
19
97
36
30
19
0
8
56
11
25
79
32
78
44
77
31
31
7
63
35
1
30
68
23
38
77
87
86
82
53
86
1
2
74
84
21
74
92
78
86
69
9
70
47
6
0
78
89
59
93
24
12
23
44
35
61
21
22
47
3
27
86
57
29
60
41
2
87
85
32
25
7
94
47
6
52
47
37
41
58
82
65
70
6
61
57
19
82
31
19
38
58
5
47
39
17
40
94
4
77
26
29
84
20
77
43
24
76
32
65
35
14
82
57
20
43
15
40
26
46
59
16
57
16
63
48
33
55
42
90
32
21
71
69
41
0
12
66
29
44
83
64
58
66
21
31
9
88
23
87
35
34
3
44
2
18
92
35
73
35
77
6
56
49
75
49
1
39
67
30
35
3
94
45
69
68
76
30
8
51
18
95
37
73
39
39
44
84
27
69
71
4
75
79
5
2
80
7
93
48
37
28
51
84
74
72
4
2
2
12
6
72
60
43
46
99
35
90
83
62
59
6
18
87
85
24
41
66
83
35
66
72
15
69
56
89
41
12
44
95
77
50
68
37
45
14
88
80
56
72
94
67
78
13
54
16
37
48
82
72
35
48
44
50
69
53
92
10
65
88
57
42
90
25
31
35
39
20
68
47
44
62
15
74
75
21
90
64
21
24
36
56
24
33
59
93
86
51
55
51
91
13
46
81
38
29
68
30
49
36
77
93
51
44
68
78
18
10
95
39
35
83
96
59
16
55
53
2
58
8
6
49
21
4
82
12
33
50
42
83
39
71
28
90
68
48
20
86
59
15
25
94
99
73
53
15
80
6
18
38
67
76
39
40
80
21
52
65
24
46
48
63
70
29
53
38
77
73
76
36
41
1
30
40
75
36
55
55
94
25
46
61
1
85
54
33
59
58
99
83
5
99
46
27
80
51
65
58
76
41
94
17
94
77
9
21
65
65
77
59
42
75
73
96
12
27
29
71
85
80
6
42
32
4
69
12
55
86
70
84
79
17
53
74
46
63
95
11
80
24
22
22
51
95
18
64
22
0
87
8
80
94
50
12
98
72
77
6
58
99
42
38
68
95
12
14
10
59
77
90
36
0
13
87
95
83
51
70
83
39
30
16
85
32
80
83
4
57
41
63
57
83
1
77
79
65
92
89
24
21
