328
55
96
58
92
53
38
88
8
60
3
14
0
67
44
33
66
87
22
98
7
58
9
22
21
68
83
46
66
35
60
3
42
57
61
34
62
51
74
70
64
77
36
64
44
32
50
63
19
24
61
78
83
23
0
56
91
83
3
57
70
63
12
13
72
74
99
34
77
74
56
93
3
44
10
48
76
12
11
95
36
24
73
71
47
25
28
90
61
31
48
31
46
60
96
19
86
48
5
16
74
14
9
77
58
19
25
87
83
88
34
20
13
8
91
12
85
19
3
46
2
51
78
49
63
26
20
2
74
77
70
48
91
79
26
2
51
3
89
86
92
23
6
57
83
50
69
69
21
72
15
24
75
45
25
91
24
45
45
98
22
15
99
66
46
25
68
49
80
9
36
24
32
94
81
68
44
3
89
66
27
4
90
55
2
67
46
26
64
43
76
86
58
75
4
56
52
24
6
33
33
42
57
18
88
91
38
33
46
27
99
73
31
41
28
85
8
26
63
72
69
40
10
79
67
15
36
72
91
42
5
77
36
14
95
24
5
33
57
3
60
8
77
43
49
5
81
9
84
44
81
53
36
44
33
56
11
69
28
2
63
85
79
99
99
26
75
57
11
85
60
23
93
89
67
95
47
0
4
31
96
38
36
85
82
69
41
93
90
21
47
5
6
79
56
57
5
32
14
69
69
27
92
62
16
11
57
63
11
14
46
8
52
83
93
86
4
86
79
95
7
78
52
65
57
9
22
15
41
