508
79
2
52
5
42
88
46
54
3
91
49
85
35
88
6
45
67
2
98
19
5
5
76
87
68
29
27
63
99
78
59
30
80
63
35
22
3
33
28
7
24
29
44
60
69
2
57
37
56
55
56
62
13
84
49
33
13
28
96
64
6
8
94
38
71
81
12
27
14
40
34
91
21
30
51
91
32
60
80
89
16
88
3
29
72
4
62
85
33
11
49
91
19
95
82
42
28
94
69
94
87
55
85
8
85
88
51
18
49
31
59
17
19
62
98
91
18
12
28
3
23
29
47
94
24
29
89
4
23
58
99
10
66
84
71
51
25
22
21
74
6
32
43
25
46
41
69
65
53
97
68
29
79
15
23
55
44
12
60
20
23
59
82
89
95
53
92
20
28
14
46
34
98
89
59
45
30
80
10
84
30
30
65
9
46
88
64
42
53
24
62
76
35
97
65
31
50
57
3
30
23
50
64
22
39
76
67
70
56
29
6
86
59
71
95
57
11
12
0
64
88
14
40
24
11
57
7
14
67
10
44
90
60
61
64
0
37
83
22
93
12
80
32
24
51
79
81
62
91
33
79
80
48
19
56
11
77
63
77
44
25
74
86
86
35
3
38
24
86
12
69
99
92
1
75
95
33
56
9
76
90
88
8
90
60
64
53
37
79
83
33
5
57
71
43
44
74
33
20
61
45
89
12
89
43
87
84
76
95
45
52
85
34
61
27
94
77
33
83
9
16
68
14
73
91
9
69
66
42
89
79
39
30
43
28
73
82
64
1
77
9
6
15
43
19
42
89
96
27
24
5
43
92
71
68
84
80
37
2
74
78
81
13
9
76
93
34
58
57
88
35
67
94
50
62
13
45
52
61
72
28
19
16
21
42
84
57
75
74
11
49
4
44
15
65
20
8
0
78
66
88
13
33
34
16
47
99
61
51
60
33
80
31
1
53
74
38
62
49
64
73
50
68
17
65
34
37
74
86
15
92
26
28
77
60
96
24
11
57
76
71
43
8
55
96
61
81
34
23
82
50
48
32
71
65
50
57
2
76
43
69
68
21
49
97
33
46
21
44
3
49
67
98
9
22
95
70
55
81
45
37
84
93
70
55
58
20
12
12
96
7
81
16
28
83
13
13
29
86
57
84
36
76
83
45
99
30
68
