220
2
76
51
60
59
26
83
84
94
53
48
0
41
16
97
64
94
46
85
26
7
42
23
11
15
47
26
83
71
34
37
25
10
40
86
22
67
21
6
61
74
55
62
68
71
11
32
65
57
69
43
64
11
67
27
79
66
54
62
89
40
0
15
51
92
1
73
59
22
31
21
48
86
35
68
57
46
53
74
55
22
18
71
86
37
99
17
55
5
79
45
45
31
60
48
24
13
21
35
87
53
8
87
91
43
56
49
41
9
75
48
83
45
20
69
34
19
38
90
24
18
87
21
1
99
70
77
12
43
13
99
96
21
38
40
17
94
41
10
55
16
59
39
62
79
60
48
50
99
90
26
69
77
47
22
76
17
52
40
61
65
91
9
38
30
49
7
76
90
70
32
59
29
71
73
60
83
21
62
82
12
88
3
89
87
26
18
5
30
58
18
95
2
27
85
32
29
45
8
71
15
40
30
96
63
3
8
47
77
70
81
89
10
37
30
97
15
0
54
45
