605
97
61
22
94
31
64
63
61
62
54
22
90
29
62
81
42
0
11
34
56
46
12
81
65
14
58
48
92
51
71
49
48
84
71
42
67
36
57
80
98
64
3
40
93
17
73
87
17
85
73
25
83
86
7
48
52
65
48
44
68
19
45
68
56
17
63
23
5
72
4
55
88
59
47
33
76
21
21
45
58
46
23
41
32
30
42
36
47
90
32
67
62
78
35
18
95
50
93
52
23
49
7
11
8
54
45
36
27
18
82
85
64
57
79
49
39
21
37
86
11
70
5
25
48
92
95
43
43
89
95
18
90
54
81
51
60
26
87
88
96
21
73
13
78
52
14
17
25
51
55
89
21
60
14
69
53
10
64
48
51
11
66
41
65
47
44
78
26
32
66
74
5
39
39
84
44
53
53
69
57
61
58
78
21
73
0
26
35
64
26
86
28
92
79
45
92
24
23
70
8
89
44
13
81
36
49
25
41
55
46
98
16
5
29
89
30
29
16
17
45
42
55
73
87
34
19
31
10
42
1
70
84
97
36
65
33
85
42
75
40
88
25
8
45
54
98
27
83
14
44
81
8
99
54
47
86
25
78
48
20
31
19
4
29
7
21
14
92
63
41
85
3
67
93
1
21
91
28
57
57
25
38
18
76
44
17
62
70
96
63
90
27
34
46
8
41
67
23
85
30
64
70
85
31
16
86
5
59
15
14
69
92
52
39
68
48
56
83
18
52
46
60
32
32
58
40
73
25
63
10
7
80
81
93
63
49
31
68
60
98
82
29
90
86
68
59
35
25
42
5
29
40
18
61
72
76
54
97
54
69
7
61
49
40
6
13
41
38
81
2
88
16
31
79
54
0
90
89
77
32
47
6
24
17
20
96
93
26
45
99
95
4
13
45
45
19
58
86
9
91
40
98
7
72
29
62
24
19
3
53
51
2
11
27
19
31
75
65
57
20
64
53
24
77
50
21
49
8
60
10
51
0
8
11
24
37
25
48
8
28
1
59
83
13
38
2
96
13
19
6
33
84
11
10
13
61
83
14
21
43
25
72
96
33
83
20
23
8
21
31
89
22
43
24
87
81
26
36
47
98
42
32
82
5
42
47
66
78
62
87
21
87
11
69
72
47
90
47
7
63
31
96
37
26
72
25
59
51
13
6
49
55
39
31
60
33
30
78
11
92
17
85
31
28
54
4
75
96
51
83
59
34
31
97
60
4
74
20
55
87
78
4
94
17
87
6
51
17
84
14
62
1
99
93
81
54
49
57
2
1
92
14
87
23
11
48
27
37
20
34
76
50
90
70
68
77
76
71
47
12
85
61
65
37
54
46
43
4
3
45
57
95
11
96
71
74
96
50
11
16
85
87
19
27
57
