938
39
71
53
13
58
99
3
77
9
0
19
17
9
44
92
53
14
71
54
71
76
31
89
56
83
24
80
60
55
81
65
47
52
18
60
62
18
15
40
27
67
59
96
76
55
88
82
21
60
36
92
36
19
33
44
2
9
24
14
17
57
80
64
61
50
76
23
68
44
15
47
11
26
95
40
82
84
22
55
96
10
48
84
30
81
80
84
43
56
51
60
13
31
24
74
33
52
49
2
96
17
1
60
43
97
0
77
33
74
33
29
84
81
65
66
14
45
51
57
1
2
17
14
85
93
40
18
46
41
72
94
58
26
54
54
75
6
31
60
80
64
89
65
97
6
31
12
51
34
21
4
88
39
70
25
84
10
96
82
3
20
77
14
46
83
68
73
90
99
33
22
16
74
87
13
80
71
25
83
5
47
87
46
38
57
71
74
19
67
57
75
88
86
89
86
69
9
60
11
8
93
86
24
68
73
38
0
96
15
84
54
14
71
0
4
81
71
79
0
39
36
75
79
22
64
65
43
25
25
7
34
71
93
10
91
18
0
91
67
16
75
21
82
99
21
87
80
92
66
32
83
2
8
62
76
24
80
71
50
5
30
36
76
75
98
67
46
99
11
13
67
38
34
49
37
55
36
69
99
54
2
35
8
62
97
84
38
29
8
88
35
38
76
63
66
75
83
12
74
94
25
93
84
59
42
74
14
31
43
65
85
97
0
94
11
50
30
50
79
90
90
66
29
19
82
95
94
65
59
20
11
84
13
95
43
7
69
9
90
65
74
76
14
75
22
26
77
4
28
56
95
18
75
24
37
57
71
83
22
82
3
85
66
68
80
9
76
2
70
66
67
44
94
81
71
68
59
0
73
87
57
68
58
32
44
95
41
67
79
63
49
34
48
15
3
80
76
31
82
46
49
1
42
44
35
66
12
46
66
85
34
75
5
92
59
49
39
0
68
70
15
17
5
15
84
60
96
60
91
30
58
40
84
53
36
19
19
49
65
37
86
51
65
44
43
24
93
83
77
62
53
92
31
10
8
16
70
56
76
61
86
87
54
70
40
90
41
11
91
59
48
30
10
13
74
6
90
19
89
67
33
94
59
17
57
19
33
27
75
61
41
62
48
47
84
40
37
26
51
81
37
52
11
47
65
37
53
7
8
94
74
42
41
86
59
98
57
44
77
33
5
70
47
6
17
83
46
7
61
50
88
98
2
51
46
19
40
51
27
48
46
53
42
87
91
53
37
49
97
66
82
55
37
81
61
6
64
59
13
26
9
53
76
63
56
22
35
96
26
62
97
72
67
39
11
59
93
0
8
90
66
42
45
55
23
58
62
39
18
27
17
79
33
94
95
41
68
30
38
94
92
35
66
11
26
29
70
19
29
78
62
48
20
59
55
43
18
17
35
88
97
52
19
30
46
14
71
15
44
61
9
88
48
28
0
75
57
70
46
39
1
8
39
21
68
94
17
38
64
52
26
61
56
45
43
3
12
66
18
56
80
79
97
28
59
49
55
69
19
2
8
72
62
99
94
82
45
63
72
9
67
98
22
23
96
65
26
8
84
96
16
64
28
13
92
87
14
0
56
34
54
16
58
16
67
52
51
13
67
23
22
34
74
45
10
70
62
88
30
46
37
98
10
65
64
3
4
78
55
61
64
9
29
23
77
97
27
28
10
95
4
84
81
78
29
91
0
92
80
82
38
69
80
49
34
96
4
90
75
59
3
39
20
33
14
97
82
42
78
92
89
34
76
70
12
58
14
64
2
46
98
40
15
78
41
1
27
97
91
2
8
95
93
28
80
8
78
62
50
56
6
39
90
34
61
54
92
75
70
94
73
68
87
88
98
28
89
25
26
33
27
86
28
73
15
60
81
93
22
83
1
28
22
43
62
35
49
7
63
19
53
36
87
40
25
37
21
66
63
99
51
42
85
31
15
0
91
48
45
13
31
98
41
5
93
56
41
42
15
4
13
68
92
52
9
17
90
82
36
5
81
87
47
66
19
15
19
10
15
16
76
47
67
69
4
60
25
97
3
40
53
68
9
46
21
70
15
11
52
51
16
85
91
15
3
62
82
74
72
98
91
48
97
10
18
53
70
95
51
25
88
56
94
49
2
15
19
70
