589
93
80
36
94
26
14
96
78
41
23
48
51
65
80
16
61
0
0
75
20
68
28
23
44
67
8
22
72
83
91
47
28
71
35
23
49
50
19
28
43
94
28
94
11
60
62
73
60
62
0
32
83
28
55
79
47
63
2
19
99
93
18
27
17
53
50
18
55
21
46
99
15
26
45
27
86
8
52
98
22
52
31
5
32
86
85
79
50
39
50
1
84
68
28
1
73
31
20
29
4
18
80
20
45
77
99
31
37
3
30
60
7
13
17
39
99
54
70
1
93
72
2
30
40
83
31
65
14
3
94
18
22
26
90
19
4
89
2
41
44
84
53
51
97
71
42
97
77
64
98
71
36
53
53
28
36
84
94
50
40
40
20
62
67
11
33
23
52
35
16
49
20
70
0
17
93
95
66
70
59
17
93
48
70
46
76
6
83
22
8
23
63
80
37
30
43
70
5
96
57
21
97
29
91
49
99
36
44
65
7
56
82
0
4
4
99
32
62
82
55
22
5
18
3
94
0
46
16
5
94
73
78
91
3
22
41
2
58
37
19
17
93
54
70
49
58
69
82
21
3
89
95
60
59
98
54
59
97
70
16
91
43
94
35
98
68
28
0
27
65
72
96
11
26
66
12
84
35
94
57
38
35
53
98
94
3
4
53
0
74
21
44
70
68
31
68
36
59
21
15
76
93
12
87
19
78
0
55
66
46
13
56
34
18
7
28
21
11
34
74
38
7
18
8
75
49
28
64
60
1
79
36
94
43
76
65
74
28
21
40
26
86
48
60
4
55
41
77
67
75
51
57
82
21
65
10
70
45
74
82
47
5
71
93
1
47
59
75
27
32
67
53
70
15
66
26
71
7
3
90
34
7
99
68
28
16
78
51
61
4
33
60
62
4
54
63
3
65
38
82
97
57
88
19
72
54
45
95
13
0
37
47
7
36
67
36
52
46
39
66
2
72
26
64
29
80
27
84
45
17
19
94
74
7
13
47
61
58
94
26
59
32
25
66
20
92
54
73
38
93
39
93
18
65
57
99
98
85
35
43
2
54
38
29
61
51
28
74
62
22
0
21
6
25
39
27
18
46
52
8
91
91
1
61
8
11
60
6
96
48
2
50
2
92
31
16
43
59
42
5
34
95
78
40
20
70
19
90
16
71
51
7
14
4
69
23
15
81
81
63
29
35
14
84
27
97
52
71
57
94
28
91
89
59
83
62
29
3
4
45
74
55
52
89
60
73
64
27
7
45
91
36
81
57
72
8
54
24
31
11
71
12
54
60
71
38
74
0
41
79
97
15
34
1
56
46
75
20
26
82
18
17
70
51
74
95
11
80
71
