421
76
8
94
10
59
31
2
43
56
42
61
14
4
56
39
24
62
70
3
91
82
17
77
42
91
84
58
77
41
65
36
69
25
82
32
85
14
34
28
70
28
41
84
84
98
75
8
12
98
11
55
80
28
84
23
72
69
33
49
62
51
38
83
76
20
15
13
86
1
94
8
30
35
93
14
85
20
75
98
18
38
5
99
19
90
74
91
11
59
92
73
10
30
8
87
3
76
0
89
77
94
50
59
82
43
26
67
15
1
17
34
39
23
85
58
65
59
1
76
18
94
1
29
76
9
68
79
37
68
21
15
15
71
26
97
66
4
16
81
57
34
15
97
57
52
7
22
11
61
50
82
7
51
63
83
12
31
63
50
99
36
17
66
7
43
15
73
0
32
6
57
18
74
6
75
26
14
49
90
27
99
72
34
2
35
17
14
66
32
64
17
68
33
84
75
29
51
0
29
83
7
86
1
33
93
28
59
59
29
49
86
80
21
20
34
8
89
49
74
22
65
92
90
99
28
18
28
31
18
57
67
77
43
68
10
88
49
22
47
30
71
33
63
45
5
97
53
95
46
80
69
64
72
59
63
52
77
43
83
48
52
50
25
47
71
88
36
72
10
83
54
81
69
17
78
26
15
32
73
13
12
42
77
36
2
92
40
31
87
75
79
39
26
57
87
49
45
75
21
55
58
27
88
79
45
67
6
60
51
79
73
15
74
3
51
76
47
43
59
35
18
39
74
44
96
13
45
93
88
18
48
99
46
36
78
91
55
36
3
6
68
28
21
42
31
24
18
31
67
29
66
86
68
92
82
16
6
28
9
94
98
57
93
44
46
24
87
53
60
90
60
28
71
33
70
54
58
40
85
77
70
51
15
90
44
98
59
2
78
68
96
76
78
42
73
76
66
60
29
78
3
89
59
74
75
81
28
85
74
66
62
96
17
78
86
13
76
45
15
6
66
