234
41
46
66
20
39
45
77
19
92
80
58
32
6
69
94
49
50
31
82
52
35
21
18
83
43
10
21
59
17
34
33
58
81
99
31
72
96
8
91
41
41
2
73
99
71
19
48
73
3
82
77
38
55
95
73
99
6
94
10
23
81
95
33
62
46
64
34
42
25
78
83
18
80
9
17
3
80
17
76
83
51
53
74
7
0
47
58
6
94
20
81
75
15
15
89
61
31
75
3
8
53
39
26
33
0
95
88
80
12
16
16
16
69
90
23
22
89
33
28
83
53
10
10
68
77
99
81
60
75
36
69
80
75
47
66
27
95
54
60
59
71
76
75
92
18
50
14
7
83
95
43
36
5
5
56
34
5
37
94
32
74
15
64
1
63
30
29
58
37
41
69
8
17
45
52
35
95
67
94
79
14
37
67
71
43
76
5
0
65
51
84
91
67
48
93
82
31
74
92
68
15
61
28
84
6
80
19
54
99
65
85
13
3
52
84
98
80
41
50
46
93
34
37
60
34
82
94
17
56
86
85
23
47
13
