899
17
4
65
24
36
45
60
99
66
89
44
95
48
77
39
3
8
32
49
59
18
66
33
65
13
77
82
94
59
1
9
76
58
74
1
94
71
13
45
37
2
90
32
2
67
71
5
27
56
6
87
74
25
72
40
38
50
22
85
9
75
94
85
33
20
38
80
92
3
25
29
5
15
14
60
35
37
17
62
93
76
1
68
1
74
60
39
76
82
24
37
57
70
22
43
91
13
75
35
16
0
16
74
68
82
86
55
20
3
17
65
31
71
85
32
45
45
24
73
27
48
10
37
71
84
32
14
97
7
49
66
59
17
40
79
0
78
34
72
33
4
37
65
75
23
49
72
20
73
45
0
74
7
37
45
91
21
59
41
80
60
7
39
77
99
71
29
77
5
1
62
9
91
27
36
66
77
8
86
50
5
86
76
12
75
21
56
96
32
97
76
92
56
68
22
7
91
51
36
48
5
98
58
96
78
46
62
55
55
48
57
60
87
34
25
62
55
81
11
40
30
39
32
38
7
54
45
50
58
33
99
63
83
9
11
61
55
25
16
10
25
26
23
12
60
0
75
67
81
86
7
63
77
92
1
85
98
98
87
56
31
86
71
14
95
34
28
3
59
44
65
85
22
88
97
82
40
24
2
21
62
9
84
40
1
37
77
0
35
64
8
66
3
32
33
50
66
61
53
26
57
19
11
80
59
60
14
0
37
16
73
51
78
58
91
31
95
20
83
83
37
44
1
40
76
34
90
42
47
96
68
57
15
31
89
74
44
55
26
81
24
0
32
2
10
76
85
5
96
21
40
33
65
42
25
41
76
68
35
76
64
4
85
79
87
74
5
31
29
32
64
53
32
49
7
42
25
45
99
73
66
40
7
31
82
84
24
10
52
59
38
68
15
23
47
3
49
5
86
31
37
51
84
21
52
44
15
77
41
14
50
7
6
9
90
40
94
66
3
98
77
41
67
93
17
66
48
66
71
34
97
60
37
34
81
89
30
96
18
71
63
69
30
21
30
20
62
76
38
65
75
15
58
94
8
75
12
8
42
84
95
91
96
84
25
30
26
55
78
44
26
41
65
8
63
96
80
77
72
18
94
99
34
52
45
94
28
58
3
22
94
98
13
42
82
91
72
8
46
51
5
25
44
70
33
59
18
14
88
43
84
82
42
18
35
40
65
15
50
68
89
44
18
2
38
52
93
11
13
92
14
18
69
10
40
2
70
59
68
58
2
53
93
96
23
28
88
88
95
38
8
84
34
78
86
73
83
32
36
96
76
50
66
45
12
58
99
82
17
68
93
71
73
86
20
96
66
8
37
61
99
97
45
85
76
83
58
59
67
46
7
43
48
73
88
61
83
40
95
1
8
88
24
33
26
96
29
92
57
18
5
56
16
50
93
44
86
4
3
5
50
62
49
99
87
89
12
70
29
7
23
89
48
48
22
74
96
4
19
53
22
24
61
90
27
55
34
65
59
89
70
61
51
19
12
38
61
24
9
42
32
32
32
32
32
6
6
29
10
77
82
85
2
96
75
81
51
10
46
62
99
16
23
51
88
36
41
1
12
50
43
96
83
27
28
67
34
35
96
96
64
31
81
66
27
57
99
30
19
45
92
18
14
67
21
54
55
63
55
68
65
50
16
0
78
45
68
64
32
64
60
96
47
94
15
74
51
14
56
22
60
48
92
26
68
66
80
23
29
87
43
46
37
12
47
67
57
15
83
41
31
44
37
79
90
52
5
41
19
62
15
31
62
7
57
30
73
37
6
54
24
1
1
13
13
0
81
22
67
64
63
98
60
53
29
50
57
87
43
76
49
58
7
63
18
64
46
91
53
4
46
29
57
99
43
23
99
24
45
66
40
61
16
1
66
46
51
23
33
47
52
34
5
11
49
23
76
95
67
81
99
65
11
9
64
54
32
63
30
29
81
70
90
97
23
56
95
27
32
80
74
84
66
31
95
16
7
23
11
26
57
63
91
20
72
55
26
4
70
56
33
51
78
76
0
54
84
96
81
68
76
55
4
43
38
0
59
97
75
