494
80
72
13
0
65
83
49
27
45
87
39
97
26
99
26
91
87
85
33
73
66
57
66
52
0
21
28
96
21
95
22
2
19
88
54
36
71
3
15
69
91
54
66
69
6
44
60
93
29
46
19
96
3
37
0
3
58
29
51
80
76
25
34
96
13
40
84
37
43
0
58
86
6
76
8
12
20
20
58
49
66
77
97
21
66
98
24
25
79
27
57
7
53
91
55
18
31
40
55
26
40
65
65
46
41
73
11
61
93
69
63
12
98
12
33
64
62
10
89
41
37
98
49
42
41
56
61
72
96
16
51
88
82
16
87
75
41
98
37
34
19
52
98
17
64
32
81
27
42
23
20
31
21
21
74
63
78
35
87
26
3
38
15
37
6
54
13
47
4
2
34
23
6
32
40
70
16
21
49
10
96
22
42
18
95
68
81
25
55
20
52
10
59
19
48
17
25
13
65
29
67
51
52
73
83
44
95
0
17
97
10
14
71
4
32
66
72
65
92
79
37
96
90
48
67
90
66
92
55
83
21
22
34
25
47
17
69
94
69
38
43
32
52
14
36
36
33
61
53
77
92
91
73
82
39
40
72
57
84
27
40
5
1
74
82
0
44
3
95
65
41
38
97
94
5
86
30
38
99
36
67
91
27
40
26
18
32
98
76
16
78
68
73
79
43
55
80
39
58
27
4
99
17
54
45
22
40
28
12
91
64
79
82
43
71
8
61
55
59
89
23
37
58
96
68
53
3
0
44
13
27
48
65
45
2
10
19
94
38
32
85
54
63
20
97
87
80
11
42
91
52
18
80
62
14
49
67
70
49
11
83
29
60
48
26
14
59
45
61
49
29
46
56
45
18
53
32
51
16
26
42
21
44
23
83
11
72
51
81
73
62
16
54
74
65
80
41
76
26
2
77
7
0
33
52
71
39
36
22
7
15
64
28
59
87
64
22
11
15
55
37
29
72
91
56
89
72
49
17
50
51
46
57
3
32
62
74
23
98
48
30
13
13
59
25
52
75
99
64
90
55
1
71
79
44
79
20
16
28
89
66
31
35
76
35
19
38
61
42
88
62
73
2
75
84
79
79
59
78
43
1
85
96
72
64
41
52
36
9
32
25
28
64
13
