694
9
20
88
42
64
11
21
70
36
17
64
98
80
10
49
17
85
79
68
18
49
39
61
63
66
33
32
58
18
76
54
27
48
42
21
64
5
94
35
41
63
51
91
44
61
92
61
98
72
82
17
73
21
30
36
40
63
68
98
33
96
52
61
45
47
34
9
52
29
96
46
92
48
89
36
61
82
50
60
6
32
29
79
5
59
67
45
74
35
44
8
84
48
21
81
47
55
42
52
84
39
98
29
39
39
17
0
73
67
12
79
51
41
10
57
52
77
54
79
65
98
87
49
99
60
82
46
15
24
98
52
63
48
81
54
88
98
55
13
18
67
93
21
61
3
30
65
33
85
44
98
35
83
99
34
95
81
33
11
5
31
15
21
32
48
75
72
98
30
85
16
50
30
38
63
86
20
80
19
5
77
17
93
12
16
79
8
97
12
71
54
96
86
75
28
86
3
52
84
85
37
1
87
20
91
50
6
11
83
25
69
60
94
62
72
10
41
32
59
6
3
13
2
41
41
82
27
44
34
12
81
71
65
69
91
56
19
49
19
54
74
40
14
68
2
87
30
96
19
41
2
75
7
56
16
48
38
44
44
72
8
25
95
73
46
39
29
18
88
0
72
15
41
87
35
95
26
66
91
97
7
45
72
14
53
41
14
91
85
10
15
45
88
11
18
34
2
99
52
90
99
25
5
40
12
93
36
38
59
79
35
18
77
60
85
30
1
99
74
38
10
89
83
98
52
53
32
54
52
85
97
51
62
54
44
74
47
80
64
6
11
51
77
88
11
62
19
64
61
93
54
23
34
37
73
87
42
6
41
94
43
90
98
5
45
42
31
92
22
95
51
33
46
28
74
10
90
93
26
51
38
81
27
72
70
0
11
13
58
5
7
53
95
5
10
40
47
41
33
21
88
84
7
87
64
81
97
54
26
75
57
16
56
84
40
27
37
52
40
95
57
47
1
52
5
11
93
52
53
78
26
93
14
33
80
78
66
29
84
44
5
93
60
61
78
0
88
67
4
28
14
61
28
15
66
33
27
11
37
32
89
15
25
55
0
6
85
66
35
69
10
92
62
22
54
92
75
94
59
79
75
74
41
3
41
59
88
68
70
77
0
59
93
26
14
45
84
99
12
71
20
74
64
82
49
18
27
24
12
38
3
87
64
96
42
6
55
82
74
25
60
27
84
5
5
50
50
89
1
14
60
73
41
24
56
90
94
35
14
59
73
17
98
38
14
93
44
69
75
70
47
87
49
83
92
54
34
95
43
87
9
56
61
2
32
69
92
79
56
6
38
29
76
88
19
42
81
15
63
9
86
10
96
35
94
89
42
80
36
85
67
97
93
80
0
26
1
92
5
57
51
95
39
27
35
58
69
17
74
32
26
12
43
22
99
89
63
41
69
51
79
88
49
72
21
49
50
22
93
7
32
44
54
71
71
90
81
92
59
7
25
37
19
20
59
19
9
75
12
30
78
43
18
27
16
39
28
18
14
22
78
98
18
32
69
42
22
2
34
33
10
11
70
29
31
82
0
92
57
65
22
35
8
93
15
76
32
43
95
98
17
73
96
36
