194
89
50
36
65
63
96
42
94
25
44
74
3
4
48
40
64
88
29
43
58
34
81
80
90
34
1
84
76
0
85
87
90
87
75
7
50
24
49
45
49
45
71
4
1
19
44
66
59
74
9
69
60
42
1
2
76
3
86
5
55
71
44
97
58
19
5
61
43
6
6
44
52
77
48
53
48
45
71
7
19
81
28
31
75
30
33
4
85
20
9
40
43
53
38
54
24
95
15
68
1
73
64
53
2
13
59
50
58
30
9
29
63
89
60
39
19
93
95
4
65
4
97
61
9
35
15
33
82
82
53
83
55
18
89
9
83
48
11
41
30
20
22
46
61
82
85
81
27
32
37
45
36
34
6
97
21
73
30
55
55
36
39
62
6
28
71
89
28
82
82
58
54
4
4
15
38
41
48
65
73
86
62
61
72
68
58
46
93
41
1
48
77
92
62
