805
82
30
20
79
82
95
86
3
70
78
22
10
1
16
77
18
11
69
44
28
18
50
80
56
92
51
22
61
28
46
67
63
28
39
42
11
35
80
14
57
11
36
67
12
52
45
83
15
66
27
43
37
78
75
45
22
78
67
35
59
66
3
22
94
42
16
5
29
48
71
86
11
7
6
24
12
3
59
27
69
86
23
58
16
50
4
38
29
23
26
88
89
29
62
36
23
30
41
5
78
13
43
90
72
49
66
84
52
25
64
74
63
39
32
80
41
88
70
70
12
96
10
53
77
72
89
53
54
31
58
85
96
1
75
20
3
93
5
7
70
21
81
85
12
66
65
53
6
88
76
18
36
86
72
66
11
61
19
65
44
29
50
92
30
77
13
85
22
18
93
92
91
74
78
3
92
95
8
99
35
84
69
24
71
93
90
82
55
9
99
51
38
50
44
20
27
57
6
50
27
51
94
18
77
24
73
70
72
81
21
7
18
90
31
89
84
21
23
91
82
22
42
72
24
38
93
4
95
51
6
74
2
0
44
79
77
17
1
49
51
74
56
69
65
40
10
1
61
85
44
96
59
38
68
84
77
13
88
24
64
46
99
18
46
43
50
75
13
51
24
64
26
33
85
43
73
47
96
86
32
40
82
91
78
3
75
7
16
15
32
81
61
31
99
60
74
49
35
39
53
12
3
31
45
40
74
18
87
70
56
19
62
39
11
92
94
38
0
10
6
32
91
19
15
43
31
89
44
19
29
49
31
84
80
76
77
6
46
64
28
2
84
42
93
47
35
87
37
35
50
95
19
93
67
34
88
98
75
85
17
4
34
48
41
67
76
18
73
74
34
54
29
70
96
74
69
31
62
59
18
64
54
37
57
21
71
46
72
47
31
89
3
65
90
96
84
18
66
10
93
1
64
74
71
12
48
41
96
62
0
14
26
6
4
84
80
27
30
52
26
61
93
82
78
35
78
63
54
97
73
99
98
89
73
21
1
73
14
49
36
66
64
62
73
20
98
5
47
28
9
26
41
2
8
20
38
38
35
44
35
60
95
85
1
68
59
2
93
73
4
29
40
68
44
65
40
42
22
39
71
31
65
64
85
73
36
75
12
71
19
99
83
66
85
84
86
44
39
80
69
43
9
61
63
53
26
3
96
0
42
19
31
8
83
17
33
20
44
97
43
16
97
27
82
34
11
69
30
50
49
99
93
10
61
8
64
39
11
12
40
6
31
23
14
66
40
99
38
37
97
82
53
94
9
35
80
72
4
10
75
5
9
68
16
70
29
80
10
40
44
2
46
27
25
12
93
18
12
32
55
9
14
8
55
75
43
35
47
0
45
22
5
6
43
21
77
72
53
39
64
97
93
63
76
18
75
70
36
39
2
43
0
68
51
7
43
47
42
42
99
39
17
56
46
60
30
75
84
83
66
48
33
59
11
9
29
39
31
18
78
85
61
79
53
65
86
48
64
81
43
63
72
60
71
70
20
1
45
56
37
63
4
22
74
68
31
4
7
15
22
85
0
35
16
6
52
55
6
16
88
49
31
60
9
3
31
81
56
28
37
93
44
94
15
18
62
99
74
21
14
48
6
14
84
75
72
36
82
79
5
70
80
88
30
90
91
13
23
48
42
13
93
38
59
9
56
73
8
31
94
74
79
52
88
15
27
13
4
9
44
9
79
24
97
62
66
41
27
90
41
21
55
86
59
14
95
16
87
55
47
81
29
78
85
70
94
13
83
98
74
27
59
6
51
8
20
18
1
47
60
42
69
67
29
28
81
76
44
20
32
43
53
61
22
38
31
68
3
14
18
78
93
77
36
45
