505
26
22
19
49
64
74
96
38
0
12
27
66
91
38
54
26
50
69
76
8
30
21
69
5
22
20
84
35
45
62
2
23
36
73
24
0
99
20
38
99
84
18
17
27
56
71
53
7
92
81
67
22
2
88
79
76
8
63
12
5
77
66
28
13
91
52
66
90
25
56
41
61
74
58
89
31
81
94
38
73
76
5
47
30
93
26
7
53
89
71
59
66
37
87
31
28
92
49
18
69
6
59
30
80
69
71
11
50
66
1
75
94
6
22
76
51
0
83
57
89
54
16
7
43
55
90
71
99
40
41
68
46
0
99
26
69
70
90
71
88
91
46
34
50
20
11
53
20
46
10
61
53
78
68
96
34
11
20
33
51
61
2
49
14
53
27
35
75
17
7
16
61
5
50
11
26
13
64
46
12
27
8
65
5
28
13
39
39
85
25
42
47
79
43
61
32
71
96
7
40
55
23
1
61
26
12
87
91
29
33
3
56
93
20
13
22
34
53
13
71
30
56
18
9
99
31
41
22
80
0
63
35
76
64
96
2
29
35
93
58
21
49
66
14
69
79
88
55
84
2
27
14
10
97
75
9
29
16
32
9
69
47
44
45
11
93
99
92
80
44
2
53
93
68
20
15
0
8
70
36
10
49
3
20
47
78
82
76
47
66
37
68
13
33
13
76
26
64
69
59
8
71
12
54
92
32
69
44
41
91
80
3
93
35
76
40
66
10
68
65
76
5
33
41
38
46
69
17
62
38
28
70
10
40
24
54
73
45
98
66
37
30
21
30
18
49
22
84
59
42
1
87
99
34
80
37
32
50
6
94
88
34
16
50
27
41
56
52
38
54
18
27
37
91
9
55
41
31
91
52
73
92
40
72
78
20
62
10
22
20
56
11
7
72
13
86
65
70
38
4
76
8
31
13
99
41
20
92
24
11
45
50
55
37
74
33
57
88
95
32
9
51
95
68
24
8
54
41
30
92
45
7
52
29
72
51
70
93
96
46
56
41
96
12
78
71
97
87
59
93
19
20
96
14
88
72
75
94
14
5
38
59
64
90
40
37
94
62
82
90
9
38
83
5
2
13
28
52
0
40
45
72
60
93
38
1
66
13
47
80
71
86
91
87
28
32
24
74
94
58
64
3
49
99
61
