718
85
67
26
44
29
7
44
81
23
19
30
54
1
32
21
22
60
35
45
89
64
70
62
99
97
13
24
80
28
42
97
65
61
23
10
90
30
6
72
5
25
54
59
78
38
32
52
98
67
49
39
84
20
1
83
69
67
59
1
47
1
98
13
63
21
75
5
51
81
29
8
58
84
20
88
22
52
40
73
20
89
12
4
9
14
39
30
81
98
31
28
51
29
93
66
50
68
72
53
1
53
62
11
37
82
99
12
34
39
37
6
81
49
62
90
15
1
73
48
51
4
29
55
34
22
21
84
43
45
38
96
99
0
8
88
34
7
0
20
99
89
27
80
39
41
22
6
43
95
7
46
0
36
1
34
10
75
70
5
20
8
2
19
60
10
8
46
69
60
67
68
50
46
0
41
87
23
99
30
18
6
29
18
42
82
4
5
57
75
10
78
35
12
97
48
74
57
94
44
70
61
64
72
7
65
65
95
88
64
77
6
71
58
77
65
41
33
70
98
8
81
76
96
93
26
44
20
35
38
64
5
52
28
29
11
45
94
58
33
59
88
92
82
46
21
47
87
54
70
38
15
51
66
11
96
92
7
68
80
97
32
37
1
13
67
13
58
61
23
44
72
11
36
54
10
9
54
97
63
24
87
30
27
54
93
75
98
0
44
78
98
28
16
51
41
83
64
52
96
40
96
69
51
32
23
61
41
77
11
56
53
50
87
80
4
80
8
3
33
4
33
83
32
49
34
74
84
51
26
81
91
74
50
94
6
73
56
99
3
19
7
56
69
46
89
26
79
49
81
12
53
14
47
85
64
81
11
48
32
89
29
23
63
31
70
21
5
78
20
60
97
80
68
18
26
9
96
57
58
77
69
11
92
68
49
8
50
60
56
34
50
38
10
13
69
80
35
26
58
7
38
7
39
7
25
66
16
74
75
27
51
45
38
95
65
39
3
15
0
12
50
50
2
12
15
23
92
50
50
50
10
40
57
49
99
34
67
68
8
43
95
12
40
85
59
5
25
63
73
25
27
75
27
29
87
42
52
79
45
54
81
7
95
90
56
94
24
76
62
85
19
9
49
59
95
8
16
20
71
89
97
50
64
24
79
51
18
32
82
15
86
63
22
33
5
31
80
30
7
94
67
26
4
16
37
99
76
53
71
0
95
68
50
11
44
30
15
14
62
97
30
0
13
52
86
18
83
66
0
42
60
19
68
64
35
57
15
12
63
86
12
58
6
14
69
2
44
84
17
58
34
99
11
99
3
97
17
39
63
70
81
23
89
2
40
77
59
55
41
22
94
5
32
52
19
54
55
64
38
24
22
24
75
85
23
78
82
93
17
45
63
51
21
4
53
13
81
12
68
22
87
14
27
71
67
99
25
74
63
16
98
37
40
25
23
64
3
57
9
73
3
72
24
76
28
77
89
10
41
9
84
80
24
64
52
43
63
77
17
78
45
67
67
86
92
42
2
47
0
11
20
55
35
44
83
63
73
72
25
15
33
10
47
9
26
99
52
41
29
21
19
74
40
38
12
84
81
14
32
33
77
52
88
12
49
71
28
22
95
53
37
80
15
37
90
93
36
94
34
17
68
53
92
60
92
4
45
25
71
77
58
48
81
98
13
30
21
41
