179
21
83
85
56
26
11
59
60
83
9
15
50
40
5
61
19
11
84
22
5
53
8
46
25
16
31
50
83
94
31
92
15
66
30
23
92
41
82
52
76
91
19
78
32
24
39
51
88
76
25
93
29
33
91
6
50
22
9
85
16
40
29
83
59
59
6
51
52
40
56
80
32
75
11
16
52
50
19
40
26
44
85
8
77
76
66
79
50
75
16
18
68
46
1
27
57
59
78
10
99
86
42
83
62
53
51
66
56
22
6
82
66
91
42
96
19
9
27
69
84
44
87
52
42
40
31
99
51
10
61
2
96
4
86
10
57
89
76
13
12
34
48
30
77
90
78
96
51
58
65
88
2
4
40
44
96
72
95
47
34
57
50
82
61
88
45
70
29
73
36
41
60
84
24
37
26
54
34
78
