801
36
38
83
81
97
79
58
97
33
19
73
90
91
49
65
70
46
65
9
24
30
73
83
1
44
63
50
69
5
84
56
41
74
40
75
24
71
33
21
56
52
47
46
43
96
63
66
94
29
27
18
11
53
1
12
49
16
15
18
22
99
74
15
25
66
42
1
37
75
75
46
80
22
92
75
70
8
93
64
37
21
34
48
26
88
12
75
4
27
45
78
26
71
94
4
38
88
5
27
64
32
73
96
54
18
71
24
26
65
40
15
38
75
15
64
15
27
91
19
55
36
50
33
7
96
89
97
84
47
77
0
79
50
96
34
20
68
58
98
85
51
13
75
26
80
91
93
8
82
64
15
70
14
48
77
10
38
27
47
37
4
47
16
6
44
50
27
64
61
25
1
12
91
76
90
71
67
35
31
1
99
46
71
66
47
48
28
37
75
75
74
31
75
90
38
19
93
65
35
54
42
88
18
85
16
60
57
83
95
40
36
94
87
7
60
86
7
89
23
35
16
97
66
91
39
4
62
32
21
49
38
64
37
8
49
53
68
58
88
63
51
24
10
90
31
22
76
91
63
99
26
32
48
92
23
87
97
86
72
70
35
62
34
25
71
36
30
39
46
19
55
97
95
17
87
79
91
15
70
55
66
96
87
14
40
62
54
37
0
78
8
88
40
94
13
11
82
43
3
81
14
10
30
62
27
70
93
70
85
63
25
52
11
64
18
51
79
72
41
79
50
49
67
43
95
32
54
30
76
9
11
42
19
93
56
98
63
49
69
1
12
46
53
75
63
71
27
42
96
68
73
98
69
41
41
16
73
48
98
1
9
9
96
81
55
52
79
18
2
0
19
66
99
24
94
14
48
21
8
44
41
81
94
62
22
88
30
48
36
29
49
97
90
45
78
45
50
10
16
4
62
87
70
13
12
64
27
60
37
35
56
30
17
50
44
91
38
75
39
26
56
41
24
46
38
54
44
88
16
60
92
79
47
15
92
11
31
20
71
21
7
79
51
76
30
48
20
20
75
11
99
31
52
75
29
91
29
25
31
46
37
24
77
37
91
69
48
22
41
72
43
1
51
47
77
33
47
49
54
22
61
5
5
65
80
86
56
9
12
40
7
49
16
84
86
7
6
87
81
47
59
25
48
62
24
78
48
71
27
54
45
40
59
50
6
39
36
14
48
48
54
8
50
70
92
36
29
98
75
11
98
86
88
46
49
12
76
97
35
56
51
80
96
10
30
2
49
66
17
49
67
71
9
17
94
2
5
75
52
33
86
50
19
74
49
20
38
77
17
73
33
20
53
30
82
35
32
83
54
49
85
21
73
94
90
19
48
47
94
1
80
81
3
52
7
4
72
46
82
42
71
15
62
25
45
97
12
30
80
66
31
65
39
56
12
81
75
60
81
22
61
13
55
17
65
62
21
38
60
3
80
32
71
94
9
68
91
21
98
24
88
30
89
79
38
1
61
14
14
42
88
27
55
43
44
73
5
66
11
18
21
43
50
44
89
59
13
33
80
11
57
20
93
98
0
84
52
13
98
66
55
86
93
62
81
38
35
86
56
98
56
29
93
6
74
83
17
87
16
98
50
73
70
96
23
22
80
75
35
30
41
90
68
87
53
49
77
40
87
33
39
44
14
32
2
88
67
20
27
83
70
30
8
40
78
32
63
10
7
98
40
1
41
60
40
46
61
17
86
48
2
77
44
16
62
47
57
29
67
84
13
37
66
21
29
44
5
44
54
65
43
46
66
36
58
58
82
19
75
20
20
77
98
64
93
60
63
50
89
30
87
54
19
53
28
1
50
33
45
56
50
