276
94
60
47
6
30
21
35
67
51
61
12
12
31
8
98
0
37
51
78
73
66
44
34
3
62
25
46
18
96
24
83
90
36
82
96
66
3
83
33
7
44
97
71
27
6
69
79
43
72
9
68
90
53
2
93
15
80
91
86
76
67
21
66
4
3
14
70
6
49
56
13
45
53
84
72
59
5
51
54
77
13
23
67
18
77
12
34
57
55
72
85
23
93
3
27
96
69
49
54
18
5
20
15
59
56
87
18
62
91
25
39
56
48
59
74
77
71
60
87
79
32
72
2
77
76
29
73
97
78
80
68
84
0
83
95
8
71
65
70
14
90
62
70
90
73
44
68
44
57
55
75
89
27
77
67
55
58
92
5
89
72
73
25
24
56
20
33
79
85
55
45
76
17
67
66
90
64
34
87
21
41
62
10
21
92
77
28
50
22
33
91
94
6
16
71
15
36
4
94
74
59
92
50
29
59
68
71
23
55
58
44
96
73
55
69
17
84
98
67
58
31
11
53
90
27
76
57
64
80
51
38
91
43
40
20
55
60
44
78
15
54
23
64
79
30
33
96
66
31
16
25
15
27
30
57
54
6
14
70
38
17
60
29
61
52
2
68
13
98
46
28
52
21
92
32
51
