677
99
16
55
19
10
37
46
64
51
71
63
80
35
50
74
88
29
76
27
3
19
74
91
52
0
32
74
84
39
35
45
90
51
1
61
13
90
8
30
41
31
45
21
66
95
48
7
76
24
34
79
43
60
22
47
60
55
74
97
46
9
42
88
13
95
49
26
86
57
8
79
88
53
53
7
48
1
14
25
25
48
56
21
60
31
68
73
86
94
70
84
4
12
72
69
60
21
95
46
31
56
77
71
9
30
78
10
31
44
87
9
44
43
82
5
26
50
78
64
97
48
48
1
12
72
22
24
46
17
22
77
25
0
0
35
30
79
45
14
75
32
23
20
27
5
25
54
7
55
70
4
55
19
57
19
91
79
44
37
49
66
66
74
66
67
61
49
98
6
63
73
90
38
45
70
95
22
76
2
77
46
59
32
17
68
4
61
0
48
98
49
66
17
75
33
84
37
34
34
95
49
59
38
87
5
60
82
27
88
36
5
34
47
89
4
16
93
65
68
93
63
69
60
32
44
45
68
33
79
2
81
28
62
71
67
67
31
1
46
71
89
51
5
37
93
61
5
38
26
73
32
42
42
92
74
38
37
43
24
68
45
57
96
59
28
15
78
11
16
25
82
5
28
39
94
73
1
99
12
79
24
44
21
18
88
96
9
77
91
33
45
36
42
93
48
22
8
26
33
76
3
67
81
32
58
76
5
11
27
17
43
4
13
64
22
1
60
31
30
51
16
75
40
58
68
40
32
28
66
17
4
70
84
38
54
95
66
11
58
93
81
1
97
94
66
20
48
78
3
78
82
72
6
74
82
26
14
15
55
32
32
11
54
69
1
8
64
67
20
74
61
1
28
10
47
46
82
47
76
86
26
58
10
84
84
92
10
50
7
17
83
40
81
37
9
82
98
25
50
70
51
11
23
79
73
22
25
56
70
54
94
48
12
4
32
49
96
94
99
4
12
34
96
45
24
5
27
22
82
77
44
85
40
67
65
66
41
42
22
11
96
16
11
61
20
43
62
16
90
61
72
54
96
68
99
20
25
78
94
59
8
38
45
48
57
62
14
50
4
88
62
53
4
73
66
24
69
28
93
11
89
65
65
37
86
16
9
63
94
3
23
2
93
68
3
2
30
17
53
86
58
67
39
62
92
57
39
13
85
32
24
75
49
89
64
87
5
74
51
0
29
74
54
23
94
57
77
76
27
30
62
85
49
54
47
42
11
38
55
97
70
32
24
72
73
40
59
79
14
62
31
44
88
85
19
82
95
48
58
22
79
73
7
80
79
54
74
42
45
82
39
15
14
15
39
87
56
51
18
22
13
1
18
2
39
89
36
34
38
47
56
69
20
63
49
99
69
24
41
14
6
33
82
20
0
73
59
8
24
78
31
90
79
1
92
70
91
80
4
29
27
60
98
47
75
47
98
45
23
92
11
29
77
93
1
77
67
13
38
43
91
21
33
22
22
77
93
13
58
49
42
85
10
40
85
37
40
83
82
63
27
94
45
4
39
98
34
58
11
72
2
54
93
35
77
15
65
