553
7
98
22
71
50
71
39
15
50
34
22
47
84
71
36
16
18
43
41
5
69
97
8
78
31
41
18
66
23
43
89
31
41
64
2
43
35
94
59
37
80
33
84
65
4
20
33
74
15
75
80
85
24
40
15
7
81
85
73
5
28
14
88
21
78
90
65
65
36
76
3
17
61
87
34
17
60
67
91
75
42
71
12
18
12
79
25
45
65
98
2
93
13
90
67
43
33
84
9
69
12
12
86
73
51
20
42
11
88
33
39
82
57
3
1
21
83
26
66
48
77
21
93
42
11
60
37
44
96
46
66
8
10
4
33
62
25
75
25
65
61
16
99
70
20
52
91
3
31
9
3
60
30
96
2
94
9
39
38
5
38
56
66
48
61
99
62
38
27
40
55
40
56
54
10
28
59
53
83
90
62
86
50
45
35
4
39
96
95
29
53
33
86
19
34
47
71
96
85
50
36
40
90
45
46
52
73
5
5
57
47
19
95
97
16
82
1
55
78
97
37
32
82
23
3
16
22
74
13
59
76
1
51
66
46
97
70
72
55
75
81
2
47
76
52
63
11
5
71
89
54
8
73
37
83
77
53
57
3
18
16
80
72
67
98
70
16
69
42
23
96
75
78
95
4
30
11
15
87
34
56
42
42
30
31
77
59
36
34
14
7
2
94
79
21
45
49
89
14
44
13
62
19
43
58
75
25
21
90
12
55
47
6
49
29
37
26
88
74
12
54
81
14
49
12
87
46
13
76
12
57
41
74
29
84
84
4
9
5
47
74
60
46
80
9
27
18
87
67
44
99
21
77
65
22
89
52
68
2
81
80
12
22
7
93
59
91
49
68
49
96
94
9
94
75
71
21
45
58
88
41
10
62
18
27
84
59
32
53
13
13
33
25
87
92
18
46
84
68
15
85
16
9
46
63
36
17
36
33
28
77
74
90
39
44
69
23
3
1
76
17
14
62
94
2
54
65
0
90
85
15
75
53
77
74
16
65
91
53
99
71
30
25
13
69
70
83
44
25
84
21
42
51
35
89
5
89
54
5
32
39
73
59
92
2
33
61
67
77
66
18
48
96
44
62
17
14
45
13
39
81
34
34
32
21
75
89
63
29
95
95
20
68
6
64
22
40
77
89
69
43
60
17
91
4
31
60
70
28
74
61
62
60
47
46
82
22
36
45
3
83
92
75
3
50
92
25
90
69
66
59
65
26
29
56
30
12
69
0
93
43
14
7
55
61
53
37
84
89
34
39
24
78
