535
86
42
98
7
49
78
34
74
6
36
25
38
4
56
42
39
97
65
60
28
78
37
95
63
40
11
50
3
75
29
41
13
72
91
20
73
69
55
47
28
43
24
66
99
81
60
91
30
25
3
58
4
40
53
19
80
17
69
84
44
50
77
57
74
21
77
47
90
84
47
70
79
23
88
79
56
48
70
86
74
25
45
78
66
98
49
98
67
18
34
11
68
64
68
43
85
98
42
27
34
41
98
14
65
86
45
21
35
67
8
61
92
5
91
10
55
40
61
23
58
95
86
78
59
55
73
44
5
68
72
91
9
22
5
74
60
2
48
95
21
8
8
66
13
99
76
68
39
37
43
49
33
30
28
44
37
53
41
42
21
13
33
31
87
91
5
47
45
5
95
67
13
3
33
26
3
61
47
42
51
42
92
36
72
72
80
61
25
21
55
47
86
41
30
73
32
87
73
29
93
68
48
6
71
81
85
26
95
84
21
46
26
13
82
99
37
62
12
14
36
68
61
22
9
43
48
41
31
21
22
24
41
71
30
12
4
67
91
99
51
12
97
78
77
79
29
14
94
41
28
30
9
42
4
18
85
4
11
68
25
86
92
66
57
75
31
13
42
22
13
46
86
10
76
63
42
57
29
36
50
9
18
60
3
74
30
41
79
94
9
56
80
2
75
89
29
6
2
23
80
67
69
66
30
97
81
72
54
10
60
5
71
78
17
75
4
99
16
83
93
77
40
25
79
15
66
60
73
69
84
5
88
5
71
18
3
4
90
57
14
2
14
85
80
31
12
37
31
28
20
76
6
12
54
37
79
72
98
4
93
34
9
82
39
32
0
94
36
43
52
50
45
18
88
78
2
52
15
33
81
87
61
39
0
67
28
31
40
78
36
33
12
45
15
4
78
68
98
14
63
2
17
60
21
57
38
23
9
5
8
42
93
21
81
45
41
62
76
81
40
12
66
5
10
34
9
88
2
59
54
17
62
71
77
35
80
68
10
90
73
70
32
18
43
66
63
84
80
92
17
20
56
84
77
66
18
38
54
72
98
61
89
12
84
66
99
65
34
61
55
60
31
39
78
74
57
94
11
89
86
28
62
94
12
39
61
82
78
67
54
28
28
95
40
13
14
91
78
0
52
85
60
35
76
91
9
86
37
72
27
75
1
89
69
65
29
30
0
59
50
54
87
78
2
79
43
16
70
73
16
22
10
29
57
39
