936
54
30
61
99
8
77
10
55
47
97
23
12
31
22
22
73
25
42
13
29
2
95
51
71
36
39
69
47
71
52
28
25
34
89
76
95
18
86
50
65
35
73
29
18
95
4
91
73
46
56
54
1
51
5
72
39
96
41
86
19
45
14
44
80
56
72
75
26
10
25
44
45
98
25
15
45
29
58
70
28
14
76
29
65
34
53
4
30
95
42
50
92
9
46
72
17
19
99
43
81
76
87
27
26
13
94
72
94
53
94
22
67
23
51
33
57
5
89
87
52
84
37
44
93
36
69
10
55
68
5
36
45
93
15
71
58
10
95
52
15
42
27
82
65
78
67
74
35
9
61
87
93
51
84
38
87
53
0
94
73
5
82
18
50
98
42
8
60
89
13
27
83
40
61
0
70
29
74
6
90
36
45
83
39
29
73
26
82
73
20
56
78
54
26
29
52
20
89
64
62
54
43
45
46
5
46
69
86
20
75
76
8
20
11
47
2
84
25
84
9
97
92
87
52
71
68
56
91
10
73
5
64
16
51
63
21
49
32
7
69
7
35
30
79
46
77
33
82
3
70
91
52
62
31
4
33
99
61
77
9
34
82
26
50
85
89
24
34
73
83
56
32
19
86
63
17
63
97
52
18
67
95
71
29
26
27
15
78
88
44
39
74
78
65
77
16
6
53
50
31
36
6
63
7
44
27
25
60
24
77
30
91
72
1
72
51
81
39
29
21
35
68
96
14
86
25
82
44
78
32
76
14
91
39
22
35
18
99
47
42
28
78
85
52
31
10
3
12
49
32
34
37
53
82
51
91
7
33
35
85
17
63
51
60
55
25
48
73
24
95
68
4
73
53
57
5
63
60
69
65
45
3
2
50
85
5
41
44
90
28
81
59
44
85
20
99
10
68
24
87
63
92
91
89
98
48
46
13
61
15
78
6
19
32
56
56
89
49
53
79
29
34
39
73
19
11
24
30
79
49
69
94
93
60
83
91
9
29
5
22
97
35
28
16
20
36
24
9
37
77
41
66
12
80
92
83
91
16
65
22
65
34
68
59
95
4
2
56
85
7
78
82
43
58
50
63
94
75
24
83
52
65
49
16
97
41
52
40
58
17
62
75
52
31
86
99
87
89
55
72
48
85
55
43
43
5
58
89
32
83
72
37
48
73
5
46
67
57
86
77
75
1
52
79
84
91
78
71
32
85
95
80
22
2
76
65
60
34
6
92
69
30
29
70
55
35
16
22
92
54
99
19
7
4
98
43
47
76
14
79
13
62
11
35
64
87
52
24
74
58
69
43
40
98
13
48
85
81
70
30
88
22
49
95
26
0
39
73
28
5
52
42
19
15
77
84
55
30
60
29
40
29
24
33
80
38
81
65
71
51
47
59
73
49
7
51
49
98
24
77
55
28
19
75
44
49
59
99
79
71
80
19
1
4
4
81
94
85
46
66
89
46
77
62
95
36
66
44
34
90
21
42
71
93
17
15
42
28
66
21
99
98
92
0
2
49
33
97
34
32
63
23
78
92
38
73
29
4
17
63
46
90
5
17
83
74
84
77
2
2
50
54
0
95
6
3
44
40
52
78
72
15
54
50
59
92
23
88
48
92
4
94
34
61
12
70
36
96
47
90
99
98
96
51
45
3
54
89
95
6
19
67
73
73
69
33
17
44
73
65
88
77
12
22
91
24
92
27
72
40
69
23
90
18
75
35
73
81
76
68
88
47
87
13
73
8
98
90
52
72
8
40
1
20
62
92
96
7
71
68
47
93
44
89
11
19
76
84
0
52
4
40
51
91
54
24
99
4
15
3
76
75
95
78
47
57
22
43
16
94
63
63
87
7
4
50
78
80
34
31
84
38
71
36
81
77
60
32
82
27
35
10
54
30
40
1
39
63
96
56
9
12
71
48
71
76
98
50
8
84
33
93
74
56
81
7
34
93
39
68
73
74
78
27
4
71
81
95
86
77
51
95
41
23
95
13
51
45
15
59
81
48
52
55
56
85
14
90
79
53
10
52
79
41
31
35
12
12
30
98
42
34
45
83
57
40
48
8
85
63
19
66
63
24
73
20
9
87
62
40
92
73
92
71
66
76
58
78
88
88
28
82
22
73
18
31
