304
2
14
61
84
89
53
62
51
20
63
39
56
46
65
81
30
91
26
26
37
55
83
22
61
52
15
1
56
19
64
87
21
30
0
58
19
5
72
70
26
35
10
34
33
27
15
63
70
93
42
8
1
77
30
62
81
98
64
90
69
80
77
90
11
77
48
30
35
20
53
61
8
15
95
41
42
63
5
12
8
99
72
9
76
55
72
58
53
36
0
74
68
77
64
79
6
13
10
41
85
63
54
93
30
2
35
72
17
92
36
25
91
9
35
19
64
59
29
69
47
29
43
15
58
7
95
17
72
57
10
10
72
17
3
2
19
90
74
36
34
10
13
77
71
0
97
35
59
78
4
6
8
99
22
18
7
17
35
31
26
98
41
98
15
45
0
86
87
26
22
22
88
87
99
60
88
48
47
47
27
52
6
87
51
28
5
10
97
93
42
75
43
35
73
58
32
25
96
20
3
18
94
91
57
93
3
45
42
51
45
21
55
51
8
6
31
65
69
80
58
63
55
53
98
28
63
31
5
59
3
8
77
97
51
87
90
7
32
84
58
77
5
13
80
13
71
11
79
92
43
89
55
98
43
6
78
58
37
83
18
92
43
47
89
47
34
31
54
67
16
64
96
73
29
29
87
0
92
18
45
36
59
52
34
54
58
13
13
47
48
31
39
44
78
80
91
13
12
97
32
80
61
80
53
