823
26
44
76
90
39
56
14
33
75
23
28
77
5
93
60
66
20
57
99
80
79
78
11
69
81
20
33
70
29
31
82
7
27
59
50
66
67
64
0
42
87
80
72
44
73
84
10
93
41
61
25
72
39
36
41
20
8
75
43
37
58
25
45
86
36
47
4
3
11
56
98
50
36
70
47
61
54
57
6
95
71
31
19
10
67
60
83
76
87
78
65
46
3
62
84
40
9
40
95
72
97
93
23
85
63
22
99
69
31
5
16
2
37
35
65
56
96
48
32
83
26
98
81
81
12
17
73
22
58
69
94
7
62
69
44
78
91
43
47
23
49
16
77
38
51
42
94
47
42
79
83
20
29
16
2
41
34
27
63
44
48
10
3
11
79
47
41
23
91
40
98
40
56
75
78
8
70
24
7
12
3
42
33
32
59
87
74
45
66
89
41
15
99
44
78
79
91
19
54
82
59
52
74
68
27
4
76
97
29
35
62
32
78
95
17
89
34
43
34
0
32
75
67
84
19
45
15
62
64
69
45
76
21
71
96
48
76
72
98
57
59
60
41
37
7
58
26
93
53
12
93
86
87
13
70
58
58
37
21
75
6
18
3
27
89
99
27
65
71
77
74
82
37
16
72
96
26
98
89
80
63
35
18
50
48
40
9
58
77
82
33
83
0
36
10
89
35
89
7
58
67
81
41
56
97
13
5
24
63
94
4
26
81
22
29
81
62
90
40
91
72
73
74
72
10
36
61
97
25
20
56
44
2
49
1
51
14
58
27
29
4
31
56
86
5
37
19
19
27
59
10
51
33
36
75
95
72
88
44
98
9
52
94
11
1
47
14
15
5
42
45
10
25
53
48
83
42
67
2
21
27
65
72
12
1
47
59
74
35
3
24
96
56
18
59
9
66
74
25
23
16
22
33
41
27
81
24
21
49
79
42
28
96
66
40
97
65
99
23
52
54
99
49
10
70
8
20
88
82
97
11
50
71
45
44
50
78
20
71
79
99
13
7
95
31
99
45
96
50
20
48
5
20
97
67
42
58
39
30
40
88
41
43
11
38
87
61
69
7
84
48
59
49
8
54
80
7
51
76
10
24
77
15
96
26
34
38
84
74
68
77
14
61
20
26
52
7
39
21
66
76
69
25
25
29
32
58
89
35
86
99
59
63
66
55
90
0
45
74
26
65
51
93
27
23
19
79
30
10
52
49
86
73
74
64
3
58
22
92
94
8
91
53
24
9
61
66
9
6
40
88
72
44
81
51
67
52
30
50
14
34
51
1
7
25
65
10
84
39
54
30
99
97
83
23
6
44
89
68
3
82
56
75
78
89
26
97
93
8
99
7
42
50
8
1
28
25
12
64
16
18
94
16
16
77
91
22
74
33
90
29
15
98
56
45
39
34
42
32
42
94
40
36
44
0
89
72
78
53
88
94
72
82
62
88
12
54
10
38
87
53
67
54
3
23
99
43
9
93
75
3
87
15
39
84
68
80
8
46
34
97
40
6
79
55
94
43
9
56
81
96
61
0
2
65
75
1
60
84
46
35
87
34
3
78
70
71
59
78
69
93
75
61
51
7
16
45
2
25
53
36
73
15
36
27
32
64
28
92
48
27
79
88
13
82
18
83
5
77
61
74
22
89
88
73
48
4
70
2
82
24
38
7
91
75
35
23
91
15
67
91
42
46
79
55
81
50
90
86
79
52
13
2
93
1
27
93
57
98
95
39
74
34
47
65
61
82
40
4
97
59
95
92
5
27
47
38
77
38
77
56
42
42
10
87
43
38
32
52
88
79
92
62
13
39
79
26
73
71
30
22
30
78
14
87
5
14
26
82
4
55
90
98
97
1
37
92
39
69
44
27
48
36
