681
40
44
27
51
89
62
50
89
65
30
26
98
41
25
91
2
85
21
75
65
27
45
33
23
17
21
74
76
31
34
75
23
78
54
74
20
16
77
61
34
7
87
84
0
64
27
2
49
49
77
15
28
74
0
51
91
73
78
20
4
12
47
28
43
53
54
63
22
31
76
56
90
15
92
91
79
20
45
28
21
23
95
49
49
95
52
93
69
30
13
25
95
12
5
38
65
12
53
87
95
29
95
86
44
88
77
75
60
22
3
81
97
99
30
47
46
82
40
67
13
5
45
8
69
2
98
34
14
3
74
10
84
69
48
80
9
25
55
69
99
58
50
49
9
32
96
8
15
88
75
80
93
20
40
14
23
90
48
89
93
74
51
77
44
99
57
53
76
12
23
28
22
25
77
84
58
25
92
25
13
67
5
58
40
97
72
15
87
72
4
80
47
56
57
43
7
66
48
84
78
23
12
52
49
41
36
7
66
28
32
31
48
89
89
88
86
13
55
73
85
59
53
84
67
62
79
27
80
28
11
10
3
75
62
52
68
51
11
34
79
95
17
79
36
6
67
22
71
74
47
8
34
52
93
53
66
72
80
46
52
43
56
56
70
19
60
38
70
72
24
1
19
41
81
56
99
0
30
70
75
78
79
61
82
24
66
49
48
47
95
53
42
52
9
13
23
69
3
45
93
80
46
65
73
79
73
25
32
3
95
7
33
26
20
16
2
86
17
51
33
12
4
28
16
65
93
91
86
48
36
80
28
35
97
54
66
70
79
98
73
26
5
59
53
25
27
7
64
44
58
49
8
14
77
25
31
70
68
18
19
5
50
99
92
47
5
58
17
84
57
42
11
14
1
16
92
28
23
56
24
34
5
33
0
35
10
32
5
78
50
76
35
52
28
27
99
33
86
68
70
95
62
81
61
64
97
53
44
72
61
69
6
67
54
7
54
64
39
59
42
41
88
78
93
68
5
44
53
43
12
23
90
74
4
52
90
53
5
87
26
67
8
84
86
62
91
40
26
82
51
68
23
91
46
68
11
4
12
65
99
76
88
90
51
45
42
93
50
99
80
28
18
88
13
4
50
4
96
28
39
0
97
62
91
95
31
3
51
95
20
51
72
8
93
23
5
35
68
8
34
1
36
53
89
49
9
92
6
58
20
45
58
69
59
1
17
90
4
68
86
76
19
58
37
64
33
42
99
53
50
86
54
87
91
44
88
0
88
94
58
60
91
68
82
51
70
99
93
26
67
31
3
39
41
40
3
26
34
55
80
37
41
34
76
32
30
64
84
18
11
95
31
2
63
13
5
33
12
99
60
31
30
15
22
72
55
26
50
41
33
30
78
74
65
54
58
95
19
42
66
82
37
49
36
1
62
42
86
26
41
98
9
23
13
32
47
20
10
98
14
43
28
92
17
45
47
75
41
18
69
59
0
7
8
88
60
22
30
98
48
23
97
57
47
62
41
46
35
51
44
49
94
25
41
63
70
40
38
63
10
60
22
62
67
82
51
79
4
81
77
52
5
26
62
4
41
3
50
28
55
95
