649
70
57
40
20
95
5
64
10
64
50
37
35
49
88
13
12
52
49
34
32
28
8
49
85
57
25
97
73
76
45
95
46
54
87
19
50
44
83
12
60
85
50
95
86
90
9
98
42
10
84
75
38
92
76
75
50
1
25
75
30
70
22
28
76
9
47
26
54
82
39
14
20
41
62
6
31
23
57
25
33
41
52
23
86
29
51
88
82
76
63
12
98
86
93
74
95
40
1
1
75
92
16
95
33
30
53
16
53
10
93
38
4
46
13
90
75
64
78
57
40
41
22
90
79
15
65
27
7
18
28
82
10
96
29
95
26
83
63
31
93
56
69
49
2
35
39
29
99
69
87
92
11
61
82
42
76
47
69
35
17
98
18
27
94
47
74
73
30
89
4
76
46
26
77
0
61
17
30
12
86
69
4
49
30
39
92
58
38
13
93
56
11
63
35
58
11
62
31
93
51
87
21
97
65
99
98
78
68
80
43
6
49
99
56
31
38
0
41
77
65
86
85
77
50
20
87
13
82
70
58
86
57
80
83
75
31
33
53
99
65
96
5
66
96
13
97
86
65
90
15
31
77
0
60
27
73
47
92
7
17
50
93
26
82
29
1
13
14
7
12
32
3
70
98
51
83
48
90
1
38
5
32
15
6
92
94
31
39
38
90
8
89
84
34
71
65
36
37
31
43
49
63
98
71
62
50
7
10
40
8
0
97
40
16
55
84
62
86
75
53
77
83
42
13
17
65
78
5
2
9
48
4
25
99
75
87
1
82
49
93
42
49
90
82
17
46
18
80
84
45
85
61
28
27
74
98
44
4
55
99
66
56
3
91
55
30
30
56
65
79
49
7
28
39
42
46
37
12
78
22
58
15
83
38
42
10
88
38
66
44
37
84
52
92
27
7
75
57
15
92
88
64
99
69
55
93
67
45
6
97
67
16
12
2
54
6
64
43
44
31
39
34
67
91
78
95
50
53
4
65
45
93
81
97
62
36
90
29
81
48
78
0
64
90
3
19
96
67
14
92
50
5
26
70
48
5
65
98
10
21
15
56
14
96
5
28
32
95
9
66
44
87
66
60
77
21
79
25
41
45
18
91
50
44
61
50
1
78
48
12
0
15
20
66
11
25
95
96
72
56
14
68
44
80
29
73
54
60
51
95
6
69
38
8
65
52
11
67
30
11
31
82
27
3
49
38
80
96
34
4
52
48
73
48
81
54
74
87
14
25
82
72
46
20
33
11
24
96
30
55
7
13
89
34
68
90
25
48
86
59
53
91
60
78
91
93
32
65
80
98
42
62
23
88
34
8
52
59
4
34
66
11
0
55
46
68
98
71
17
84
82
22
27
94
0
19
87
84
36
67
82
79
81
57
19
68
65
23
27
69
58
45
81
58
52
79
78
50
2
47
35
36
69
62
31
69
33
70
5
70
90
40
49
71
97
20
39
63
44
18
84
2
63
17
12
16
48
42
18
