544
45
47
27
73
37
74
53
8
20
24
8
3
33
3
53
66
59
67
63
85
18
35
20
73
90
15
59
49
27
54
42
24
1
22
97
38
96
2
98
16
78
6
19
12
61
25
30
21
44
93
58
62
29
78
87
71
45
98
72
72
52
15
97
53
37
46
43
85
1
41
1
79
99
72
43
13
97
74
34
41
19
92
55
0
22
43
23
19
41
96
91
46
63
40
99
52
39
95
37
40
36
90
71
88
62
67
1
12
41
87
5
12
31
61
65
5
56
88
24
49
36
67
95
99
8
47
3
47
42
92
39
30
82
10
18
45
29
71
9
22
58
14
35
41
75
0
46
83
40
70
33
77
38
80
28
98
27
32
97
21
24
36
52
59
98
22
4
28
94
13
50
4
79
37
46
55
89
44
90
30
67
75
59
5
56
87
55
83
71
52
57
48
40
9
7
38
31
63
18
77
28
21
82
7
58
80
14
0
24
5
30
91
80
41
48
88
28
55
24
0
7
81
0
47
90
7
38
73
70
56
3
98
77
37
5
88
17
72
88
93
77
70
85
9
11
85
98
91
41
22
43
48
3
43
48
45
50
38
70
72
94
73
22
24
10
80
64
79
52
52
73
29
74
58
90
37
43
88
80
84
10
24
85
65
19
85
10
22
23
81
94
69
6
17
45
17
49
9
96
1
13
69
82
87
79
72
76
75
61
57
11
23
81
96
89
0
33
51
22
8
84
69
78
91
38
23
8
87
33
56
88
46
78
22
86
57
94
14
32
7
71
44
31
4
92
72
57
78
75
31
86
60
0
16
3
90
40
11
77
25
19
17
23
97
39
61
7
86
76
39
93
47
35
76
4
80
0
61
10
76
92
96
88
45
13
91
35
5
54
65
82
73
34
57
23
74
71
30
12
47
21
57
46
9
34
50
41
34
63
51
62
56
47
50
1
12
41
88
69
95
53
3
21
88
13
44
14
84
74
26
31
47
83
29
56
69
32
97
56
95
48
18
3
48
69
4
12
62
93
34
58
98
37
79
86
50
23
0
86
49
78
69
48
14
99
5
83
83
54
39
78
3
10
82
3
79
38
67
41
83
1
51
82
91
30
20
93
5
73
80
6
3
49
55
17
0
12
53
83
66
44
14
21
54
96
24
85
86
44
79
70
45
30
4
88
13
76
34
70
49
66
29
53
15
84
22
68
48
75
51
14
72
65
36
26
13
12
64
52
56
43
74
54
25
