693
46
72
39
54
36
9
84
1
76
1
12
85
38
99
26
10
22
41
48
49
15
55
35
29
5
88
73
71
17
26
59
15
50
50
22
86
59
58
39
35
11
4
20
49
3
47
59
26
40
59
27
56
14
14
37
71
55
10
42
72
88
53
39
39
4
61
77
63
19
17
51
30
21
23
32
76
70
91
2
63
51
29
19
17
96
56
89
51
67
31
75
55
85
14
46
89
28
24
4
99
41
55
82
14
79
14
90
1
5
45
64
8
26
83
26
22
92
15
73
59
98
48
66
83
15
13
24
43
37
29
42
30
36
24
96
15
90
86
69
48
31
85
56
58
21
34
32
13
1
6
24
0
54
90
35
21
55
60
64
44
89
59
26
25
35
22
93
26
61
62
74
44
47
82
2
68
17
87
33
70
93
57
70
99
0
6
21
55
18
85
52
7
96
78
84
32
1
29
58
62
91
84
6
91
66
61
11
35
48
45
6
93
2
28
92
2
34
65
10
4
51
62
11
99
40
48
31
93
77
89
7
21
73
66
12
92
27
75
27
27
20
33
20
75
62
64
29
48
30
91
53
33
53
16
32
46
64
64
91
94
5
99
15
31
65
79
23
44
54
50
71
27
84
43
54
98
59
83
46
41
75
99
74
80
68
59
26
84
75
18
78
80
69
45
63
34
76
86
78
83
37
1
10
73
96
64
71
55
99
17
49
74
69
75
7
37
34
85
73
61
3
52
42
24
49
57
58
26
44
88
9
81
89
71
6
37
87
77
93
86
46
94
13
67
69
20
56
4
5
30
65
61
82
59
85
31
17
96
9
61
84
18
94
26
41
0
63
28
29
8
15
27
2
80
95
72
0
51
76
57
81
93
18
15
5
56
47
22
52
8
35
36
27
81
62
20
33
26
49
62
86
16
89
89
96
36
61
96
88
89
5
69
82
24
85
87
32
84
61
84
92
96
72
71
29
35
92
62
13
93
76
99
9
18
40
5
54
1
53
94
90
58
64
25
82
1
12
66
37
26
50
81
74
23
5
4
10
49
18
75
42
95
26
51
65
67
8
71
20
61
66
11
19
82
88
54
83
0
20
72
78
71
53
53
46
58
57
8
7
75
83
1
22
61
52
39
80
60
11
1
73
77
64
93
59
52
99
94
4
19
66
83
42
19
36
40
30
45
48
37
72
83
91
47
97
43
86
77
56
97
78
29
74
42
74
85
94
73
31
51
45
97
34
87
69
22
80
99
19
28
88
91
64
79
38
61
75
25
38
83
74
17
12
49
11
39
86
58
64
18
9
9
67
95
49
36
69
29
87
88
57
76
79
21
55
70
82
82
47
73
65
21
42
30
22
53
69
9
63
33
79
24
43
46
19
92
35
40
21
22
28
30
98
60
4
6
30
38
88
77
11
6
98
53
36
21
59
5
82
22
90
61
47
85
59
18
29
94
59
2
17
87
85
15
99
89
73
29
27
62
58
39
20
57
44
56
30
3
13
12
26
3
73
25
41
32
43
22
27
54
25
96
94
10
11
93
51
85
75
78
99
33
69
19
90
14
27
20
17
40
84
43
95
