619
45
24
95
50
25
24
63
90
86
54
72
73
26
18
94
29
10
88
68
18
76
68
13
86
13
1
72
82
0
90
69
97
14
17
99
92
41
15
82
28
69
6
53
47
76
47
76
86
87
45
56
64
13
69
2
78
22
74
61
74
16
82
23
83
99
23
27
93
90
9
73
59
67
26
59
43
25
35
81
13
32
37
29
98
58
31
76
80
57
37
6
73
72
29
8
71
4
35
64
94
96
89
6
63
15
65
58
93
52
39
6
85
28
35
35
86
18
11
66
75
1
72
0
73
54
61
96
58
96
13
53
45
2
59
8
70
24
19
63
28
10
21
13
39
8
0
25
26
12
44
53
65
16
5
38
70
66
34
81
15
99
34
60
2
93
20
72
69
39
87
97
2
8
63
41
16
63
66
94
27
10
99
92
79
4
82
1
23
17
82
38
68
16
50
70
61
70
94
82
62
33
32
64
41
47
5
9
10
23
3
90
34
2
82
65
59
65
66
82
34
1
72
2
69
22
25
31
44
71
65
6
5
97
22
98
44
27
8
7
3
63
97
89
18
31
54
77
48
72
11
82
73
83
37
43
57
14
26
1
85
91
60
90
41
82
41
37
62
49
44
65
64
93
54
82
77
60
11
25
32
74
60
6
9
49
49
66
63
27
20
0
18
80
43
59
62
84
97
76
33
93
41
49
39
47
32
16
7
95
41
92
22
53
98
31
2
99
98
65
26
70
66
96
50
61
8
64
45
57
41
30
50
34
79
41
34
11
57
93
59
51
85
81
4
35
12
7
86
62
24
12
84
42
61
34
3
69
51
48
78
92
78
80
78
10
22
12
73
79
58
32
30
43
65
87
31
30
46
17
44
22
82
29
65
43
15
20
64
66
21
42
10
51
22
89
61
96
53
35
76
11
67
58
7
85
97
38
15
43
7
59
66
89
40
83
84
56
3
48
74
24
42
85
76
17
26
37
13
79
24
89
43
44
0
2
29
97
92
96
93
99
7
59
89
48
42
73
56
45
74
30
22
16
15
50
85
41
39
99
73
64
40
16
8
40
70
89
90
62
85
83
61
92
94
50
40
36
76
96
33
50
27
7
18
94
57
4
36
97
55
9
13
95
77
73
88
99
62
30
61
47
13
22
39
59
25
32
95
53
80
80
3
59
40
73
54
97
29
90
46
84
51
11
80
80
84
20
79
46
50
92
93
15
14
85
74
91
69
21
44
49
1
99
9
93
25
63
91
54
5
89
39
8
1
71
40
85
43
19
84
93
11
29
60
77
14
34
21
35
55
65
85
8
65
94
2
90
9
45
96
66
34
87
74
87
10
14
25
53
85
9
98
48
90
58
77
57
92
98
92
99
64
77
8
81
23
62
23
32
7
71
98
93
59
24
33
69
38
10
