783
20
30
71
78
55
11
34
69
98
27
55
78
0
62
31
45
38
82
34
95
88
57
14
15
37
66
87
93
60
28
69
80
10
93
10
65
56
96
87
54
23
42
84
76
56
67
21
94
50
55
41
90
64
55
58
2
73
45
47
33
73
68
65
35
13
75
52
69
71
39
76
47
33
12
75
89
80
48
35
82
4
76
24
20
32
82
74
57
27
21
91
52
42
56
87
55
84
92
25
55
31
53
54
17
65
29
6
45
78
94
79
34
22
4
6
6
86
81
64
66
54
55
18
96
63
58
4
47
50
81
3
33
34
9
50
99
91
9
97
69
55
76
55
77
32
61
84
19
94
48
37
49
3
55
97
18
65
1
66
15
82
21
1
16
30
51
68
21
12
65
42
67
93
97
45
26
11
29
97
5
29
34
54
32
41
4
2
7
5
68
74
40
89
75
8
20
79
76
93
43
93
36
11
39
85
8
65
96
89
14
54
18
0
60
2
41
64
4
0
22
73
75
62
62
2
22
34
33
51
28
77
44
16
40
35
1
48
0
50
37
66
4
55
66
64
57
8
29
13
60
3
86
35
65
1
90
39
35
23
90
15
52
87
31
92
22
85
92
75
87
29
41
91
36
8
7
45
68
88
59
28
91
97
16
8
98
6
48
34
81
90
1
34
77
33
78
52
70
71
27
57
52
68
0
89
28
59
86
96
48
97
25
91
95
41
0
93
99
0
79
80
90
81
66
20
66
45
72
88
16
51
97
68
71
97
9
0
56
48
48
56
45
25
48
40
18
0
86
17
0
65
50
42
98
16
14
64
61
38
4
29
89
1
50
13
50
11
65
7
59
13
15
5
39
63
45
57
63
31
27
15
49
77
10
47
93
76
64
7
15
68
88
56
22
90
21
72
2
86
31
61
0
47
18
91
10
16
48
26
99
75
93
48
52
55
48
98
32
64
57
99
84
45
7
6
36
29
79
90
15
62
51
67
9
22
58
72
38
59
50
37
86
43
38
91
51
86
89
35
2
46
34
86
43
93
93
31
22
24
21
90
86
25
57
48
47
16
20
85
75
70
74
13
65
64
4
16
2
93
51
4
91
37
91
35
31
36
18
53
60
40
95
98
65
53
46
12
69
66
49
96
88
75
61
54
40
66
22
42
59
74
99
3
63
90
90
94
26
8
0
38
48
95
88
65
0
35
29
21
53
30
17
94
58
79
48
98
97
70
92
8
96
91
11
60
33
1
6
11
62
58
49
62
6
38
28
6
25
9
28
30
40
97
24
98
28
72
48
25
95
92
34
91
36
45
3
69
99
62
81
13
20
82
75
26
20
55
33
97
65
61
28
57
58
52
7
39
77
55
64
72
47
98
15
83
96
71
5
95
33
86
8
5
68
35
84
41
43
69
38
8
82
18
17
92
71
24
31
0
79
96
72
78
94
39
14
90
10
71
37
95
57
97
53
77
33
37
70
76
6
61
36
40
79
5
32
2
29
64
2
60
60
26
90
6
66
4
49
28
75
86
76
84
84
29
14
69
18
84
97
76
97
85
16
77
90
0
31
71
64
34
31
76
60
73
83
78
30
32
59
57
70
87
42
54
16
8
75
86
44
24
14
42
9
82
71
51
82
2
22
47
88
5
75
1
79
58
31
61
42
90
18
13
77
12
19
45
20
95
83
17
19
97
11
81
31
82
32
14
36
7
13
25
64
88
78
95
47
9
56
89
52
75
54
29
39
74
27
12
69
10
29
40
60
40
73
91
74
6
57
10
65
70
