324
71
10
61
94
1
87
79
65
38
4
16
28
35
32
27
89
68
25
31
35
18
3
52
8
10
78
75
24
84
63
48
55
25
9
2
27
48
81
92
86
37
60
14
24
44
42
13
13
67
44
48
38
99
52
98
9
30
73
85
66
37
85
21
62
46
75
41
94
8
33
33
97
45
99
21
90
93
34
3
13
30
3
3
81
55
1
91
85
74
28
51
63
14
24
26
60
52
67
7
60
53
92
58
98
91
79
88
37
66
43
50
96
46
5
78
53
6
21
90
80
1
93
96
15
70
22
28
22
41
87
34
46
79
92
45
22
24
85
11
42
81
61
38
79
66
68
33
24
41
75
5
43
69
1
10
39
75
38
13
68
77
47
15
8
40
12
31
16
49
42
58
82
56
48
62
74
69
47
99
62
74
56
57
43
9
68
34
36
58
47
4
36
95
71
44
87
83
27
3
85
22
13
67
78
13
81
4
82
80
3
45
55
59
54
98
68
22
85
4
33
32
61
21
27
32
17
14
68
97
69
53
19
82
72
49
96
6
53
30
86
57
27
41
68
82
92
37
56
77
93
89
9
54
62
89
39
80
55
7
77
25
12
48
59
36
97
7
42
50
38
29
59
65
22
28
99
66
65
56
43
10
97
5
65
60
46
4
92
1
63
21
78
27
69
38
63
66
45
6
68
35
87
28
53
61
56
52
28
73
60
23
83
58
80
0
70
26
56
14
28
71
35
6
98
