972
51
67
17
52
70
85
9
58
21
27
28
54
1
40
49
82
61
15
90
69
38
42
2
27
16
41
89
97
19
59
61
70
26
30
23
49
16
84
7
89
11
87
43
12
27
92
47
40
7
37
61
46
79
15
73
47
57
14
96
28
25
9
99
52
40
74
53
56
58
12
45
21
99
88
86
26
33
33
18
40
22
80
38
1
95
11
0
52
77
97
33
3
6
32
7
46
58
60
54
16
24
51
37
23
92
23
49
25
8
19
65
30
99
4
83
47
67
84
51
97
81
84
52
39
16
59
38
74
71
92
42
95
44
32
18
36
7
19
13
16
38
78
46
90
34
30
37
54
14
88
51
47
25
3
86
93
62
24
68
85
69
62
80
65
94
50
53
2
21
66
70
11
44
16
1
31
46
90
85
12
31
36
59
56
39
98
49
53
74
69
90
43
84
22
8
78
72
61
32
93
27
2
56
24
71
58
55
69
0
40
82
31
28
93
39
19
91
41
24
66
62
14
61
46
36
70
25
60
83
9
5
11
64
61
87
35
71
94
4
72
86
38
55
14
32
95
85
75
88
9
41
50
75
3
97
11
25
74
23
8
83
28
71
99
89
10
86
61
4
43
85
90
81
40
56
65
87
41
41
75
2
34
26
77
89
75
40
14
49
63
75
84
91
98
84
33
9
22
46
65
65
83
56
47
23
64
64
63
58
5
38
60
92
16
90
81
91
30
48
92
46
75
77
89
73
13
22
34
35
20
0
1
3
8
0
79
72
64
42
30
22
32
43
14
1
85
47
44
15
95
37
61
22
66
51
96
79
25
82
66
98
82
67
53
90
19
32
15
36
26
97
58
59
40
72
60
25
71
4
93
19
93
6
41
59
9
37
38
87
20
57
85
54
24
38
45
96
23
60
32
49
57
90
8
50
14
20
27
85
77
72
4
70
79
98
82
40
87
20
27
7
77
12
14
54
3
59
2
26
71
34
75
80
76
36
82
42
8
62
79
85
34
36
8
65
34
90
6
21
62
33
81
92
98
95
98
53
6
0
79
77
86
6
9
62
94
44
56
3
6
35
40
40
71
48
6
5
90
64
27
5
97
60
97
47
55
47
52
61
99
83
90
85
90
51
99
36
95
55
39
1
42
80
42
14
80
0
71
23
64
50
28
13
10
77
61
65
24
65
78
75
49
20
60
39
72
11
75
67
66
67
21
60
99
63
74
31
15
46
54
79
48
34
44
59
11
57
76
87
23
55
62
72
75
74
11
99
85
38
67
3
5
88
64
56
3
90
88
18
88
42
49
37
29
93
48
40
51
24
80
74
31
94
46
59
21
9
58
6
99
25
62
57
65
78
13
20
68
1
90
9
96
91
46
25
85
94
17
88
70
49
14
2
44
12
61
65
73
19
23
72
97
37
29
14
15
95
35
36
96
25
45
44
69
43
69
54
89
87
94
59
36
60
61
32
72
74
49
97
94
73
21
43
10
3
57
78
98
44
14
46
22
11
91
91
6
60
97
95
99
91
54
88
3
68
20
27
42
22
24
88
95
45
31
57
48
41
87
46
85
53
93
7
64
36
50
70
48
47
17
48
90
72
88
93
40
60
20
34
82
96
23
29
42
6
87
42
47
26
41
85
80
86
44
96
22
95
67
70
42
36
70
85
8
58
78
0
19
51
87
1
47
62
31
41
68
70
36
68
96
77
5
76
63
49
73
37
96
92
7
39
28
78
24
89
36
54
41
7
57
28
9
57
90
92
50
59
62
86
79
10
63
84
39
78
85
12
15
82
56
23
73
36
53
49
25
41
55
67
49
13
47
10
70
38
54
20
49
16
59
28
78
22
64
17
53
1
81
68
35
89
43
8
26
96
57
3
90
65
22
39
78
70
1
0
8
55
20
57
23
79
37
1
54
53
71
7
54
52
27
90
42
71
50
20
19
60
23
61
25
46
0
55
16
53
55
76
8
27
33
83
59
22
37
65
75
8
72
81
12
51
23
6
22
74
26
94
86
2
55
11
48
8
66
16
13
73
92
74
0
77
57
59
51
94
24
26
54
48
59
67
0
83
25
74
9
52
20
95
54
28
6
54
36
24
22
49
97
66
23
97
95
33
9
46
79
85
24
34
34
83
53
86
66
78
12
27
82
33
22
88
61
28
94
49
4
16
50
1
34
74
51
29
59
12
75
38
97
51
72
83
35
