420
20
59
80
80
4
19
48
94
84
58
28
96
23
53
2
68
47
60
40
51
27
30
78
93
34
68
76
45
79
6
13
99
66
45
31
22
64
79
16
0
89
44
96
12
49
99
80
97
11
21
48
90
3
78
83
89
47
11
34
78
70
99
29
36
44
61
10
61
92
26
61
82
70
58
94
72
9
75
69
20
48
69
10
51
48
45
40
47
8
26
25
78
77
54
14
73
67
76
34
60
2
96
42
25
6
88
97
15
63
66
87
11
35
97
14
35
94
54
82
2
32
59
81
9
14
47
83
81
24
17
93
78
65
35
3
71
76
0
38
39
18
25
3
6
74
69
41
20
76
76
23
8
35
56
18
1
55
53
35
79
22
28
58
88
16
13
11
92
14
2
83
84
79
38
42
54
8
36
26
84
12
1
44
99
57
14
53
13
67
40
44
42
68
54
30
36
68
93
80
34
47
16
70
27
54
13
33
14
49
59
50
13
61
95
64
70
9
17
35
29
9
80
71
30
34
53
66
54
98
47
88
46
15
11
25
69
24
58
36
25
69
86
38
82
33
54
53
95
24
88
24
33
20
47
63
7
52
30
61
50
29
2
96
44
13
73
65
89
31
1
14
53
40
52
35
73
6
40
68
30
29
44
16
1
43
79
8
95
9
22
46
90
76
94
86
89
68
52
30
51
5
44
4
45
48
92
19
6
32
39
37
13
36
53
15
79
84
23
75
46
97
73
36
73
19
75
14
87
79
44
91
84
88
47
82
36
39
53
43
72
92
32
85
80
37
0
60
21
76
87
19
73
60
56
99
79
83
13
19
62
10
10
98
98
57
80
87
97
33
82
21
78
66
6
58
55
7
70
28
35
57
48
60
69
56
59
49
39
25
20
1
35
82
99
85
91
32
24
40
17
6
61
95
24
68
6
31
27
76
60
14
86
60
74
55
16
34
56
55
59
