743
22
79
28
67
86
80
66
50
28
45
83
97
45
70
86
22
38
79
6
74
39
79
12
15
82
39
68
64
0
39
16
74
70
44
94
9
76
60
59
4
57
94
2
2
65
88
76
55
19
83
30
58
14
94
74
96
85
94
60
37
85
76
12
56
20
6
17
48
18
28
53
75
22
7
77
39
47
53
47
67
88
29
77
2
23
3
98
61
98
59
98
83
87
62
91
60
20
8
8
38
88
13
13
63
20
42
54
68
48
1
87
36
30
64
39
6
68
89
19
18
48
69
1
88
32
93
48
52
53
8
43
94
22
8
57
94
51
11
14
51
65
1
39
47
18
78
5
38
68
24
56
68
94
57
8
26
2
8
30
8
17
25
2
91
34
11
85
37
74
0
88
91
1
27
39
71
58
44
9
78
21
65
98
15
75
7
93
29
15
75
37
32
1
91
23
87
54
61
24
81
61
64
72
14
43
11
38
1
8
47
31
29
65
30
44
92
37
89
21
52
64
11
37
17
54
60
4
9
73
28
90
86
44
62
53
88
26
91
89
34
38
21
15
55
51
11
47
40
0
21
92
16
32
29
34
86
42
38
47
15
19
89
54
63
4
7
51
82
98
93
68
88
66
83
44
69
94
43
9
46
64
53
62
48
83
96
87
77
87
86
44
58
76
98
21
80
5
25
14
55
70
82
44
88
65
40
57
59
35
18
5
0
71
19
0
6
68
39
83
55
26
28
13
54
78
86
34
84
63
0
39
85
82
35
73
47
75
82
58
11
52
15
63
24
34
15
82
2
55
18
9
81
98
74
35
76
13
21
60
28
21
52
14
3
87
39
2
63
22
60
26
74
75
41
50
61
56
85
16
11
3
25
44
1
0
31
77
65
52
90
93
25
42
7
80
29
47
82
44
21
42
22
47
69
63
50
83
72
35
99
83
38
24
80
91
76
11
68
41
16
58
35
41
0
94
22
82
93
56
78
14
51
1
14
20
16
64
3
88
51
54
72
89
79
4
80
7
15
0
1
31
59
36
73
11
82
47
45
76
3
24
42
6
77
56
27
93
20
82
82
71
37
6
12
68
10
44
75
25
45
76
57
56
64
82
19
47
81
65
75
36
41
17
43
18
74
22
11
46
4
93
70
93
99
34
13
61
79
89
87
76
17
96
84
34
30
3
33
11
68
8
47
9
77
42
27
51
64
91
50
69
84
72
14
36
6
28
49
37
69
36
13
38
84
49
72
14
53
57
77
73
17
77
35
95
19
14
98
84
5
48
5
42
20
19
30
79
99
79
16
68
68
82
7
4
31
31
19
36
89
48
10
6
25
45
53
45
11
52
81
17
52
86
11
73
57
41
4
57
72
72
25
40
54
84
45
38
16
16
74
57
64
36
15
42
33
69
87
45
21
68
14
25
6
25
50
63
18
54
20
90
27
98
83
33
82
80
71
98
96
98
55
12
86
71
54
72
92
93
69
65
13
83
90
19
60
41
35
30
95
55
72
74
53
55
8
88
35
31
86
83
81
94
48
20
17
2
92
9
96
61
74
61
96
16
81
8
57
16
90
5
23
62
79
29
70
39
17
57
23
55
41
4
49
89
76
66
43
68
27
91
81
53
53
29
70
86
89
79
54
79
84
77
94
16
58
64
7
75
21
30
83
14
87
32
55
63
51
99
84
78
42
17
