444
34
3
51
83
1
48
59
15
38
89
76
49
27
15
60
88
85
73
18
76
33
21
89
46
15
47
88
89
68
61
56
2
64
8
37
17
56
96
32
46
85
61
95
12
76
7
52
13
80
70
89
65
91
31
63
7
78
52
48
98
13
56
0
29
64
37
46
72
85
30
18
70
91
65
34
20
72
38
85
4
8
27
70
52
58
33
11
88
37
59
87
50
67
39
31
84
29
77
8
14
60
79
37
3
44
23
75
17
62
61
73
70
88
43
74
98
29
85
86
66
96
25
69
64
65
52
48
46
30
56
12
42
35
49
45
32
73
21
1
87
34
74
9
22
70
84
20
99
69
58
17
66
84
38
82
1
91
30
47
73
38
11
15
26
61
60
58
86
33
59
25
67
33
34
41
55
18
61
54
40
72
24
58
56
62
40
57
53
22
56
78
12
67
93
38
80
6
48
18
39
7
43
7
93
78
48
48
48
62
55
88
34
79
46
42
93
38
51
99
60
59
77
73
26
71
63
59
77
12
29
16
71
73
75
64
3
76
65
51
90
72
92
76
51
90
18
44
29
69
43
41
80
21
66
6
44
30
17
21
94
47
89
65
72
17
82
75
93
47
78
35
19
22
11
22
13
29
18
94
50
14
35
30
87
54
88
31
84
58
4
78
5
93
95
77
62
77
4
55
76
34
90
47
57
53
69
22
82
40
16
84
54
3
66
93
57
7
24
93
65
80
23
22
25
19
51
88
48
55
43
25
41
86
72
98
39
94
72
74
34
88
10
40
44
77
33
53
84
9
99
1
89
22
23
14
93
74
2
42
81
98
67
22
36
91
73
27
37
45
1
23
86
64
63
30
41
48
35
77
57
34
78
98
9
53
13
54
27
67
96
60
17
15
82
53
59
7
81
96
53
34
20
39
98
83
21
91
84
8
68
41
43
98
40
4
3
5
58
82
24
7
42
42
22
77
95
81
84
28
78
37
63
50
28
61
85
49
53
69
58
73
11
53
24
