573
12
76
86
95
29
78
72
24
17
2
99
88
36
18
40
63
4
39
7
66
44
17
17
99
82
1
7
64
0
5
9
12
33
47
59
62
26
31
38
95
85
37
83
21
7
23
84
12
15
44
78
59
13
47
10
95
0
17
11
52
74
21
16
60
20
76
22
98
59
61
93
97
50
77
18
58
52
3
22
19
99
52
78
12
52
40
7
52
57
70
5
84
91
21
44
64
49
18
62
61
79
56
58
82
85
76
92
37
31
14
57
30
18
87
94
70
28
53
23
37
24
80
73
67
53
17
31
55
36
94
16
67
2
26
49
87
54
41
76
38
7
33
20
26
73
15
48
53
68
71
90
92
3
64
60
57
33
91
64
21
37
32
89
39
58
90
26
64
32
3
2
91
88
23
69
13
90
18
66
58
41
9
51
45
25
63
54
58
6
18
80
44
2
21
35
12
11
14
76
95
17
31
87
57
54
8
23
96
26
89
54
68
50
57
65
27
72
71
38
79
41
70
75
43
91
10
55
54
24
31
50
93
62
89
3
68
97
26
16
24
67
71
44
18
80
9
45
53
32
35
32
73
5
59
16
96
69
71
51
94
54
53
39
69
42
42
89
91
68
6
67
36
29
11
6
9
72
3
62
4
39
46
29
44
57
45
93
27
68
96
73
75
49
12
44
43
55
85
34
23
91
54
11
72
17
17
82
90
73
96
46
12
95
28
8
52
25
1
31
94
97
4
21
98
17
17
41
24
2
28
99
46
82
11
18
99
80
52
41
53
49
40
65
96
20
74
0
45
27
32
39
25
36
60
23
5
29
17
29
32
97
29
30
79
92
0
30
72
53
24
26
54
16
43
50
36
69
50
81
49
82
73
74
71
85
49
76
15
18
58
99
15
87
29
46
79
29
29
3
34
53
81
88
21
77
90
9
98
93
90
47
27
15
73
98
53
75
27
68
93
85
19
9
24
48
7
55
29
36
58
64
41
92
4
62
69
95
23
67
88
66
15
15
81
40
66
34
15
93
54
9
30
73
70
54
73
77
9
3
14
19
19
55
11
23
70
32
18
93
52
58
59
19
26
93
59
92
27
75
37
34
84
67
7
54
21
81
83
82
36
97
53
55
5
17
78
27
1
49
20
53
59
32
72
85
25
32
29
4
7
66
38
43
33
98
49
6
79
32
40
67
82
94
22
39
63
52
66
64
1
38
18
13
70
90
98
47
74
80
4
81
46
94
76
32
44
25
38
75
10
31
42
92
25
64
31
40
17
97
4
70
87
22
83
10
65
34
57
39
14
13
73
12
