534
23
17
16
26
30
39
63
42
27
21
26
54
12
89
34
37
31
72
74
27
20
76
9
45
46
87
20
51
96
65
91
71
83
7
49
13
46
13
55
26
34
34
32
98
75
66
35
58
38
62
86
11
38
95
56
84
34
28
87
82
94
78
5
77
85
7
42
84
20
50
10
6
36
42
4
63
60
91
21
50
53
7
61
43
54
18
27
41
98
66
75
92
44
81
21
30
88
16
14
60
18
76
18
54
70
74
17
30
65
38
80
71
98
94
14
4
64
94
45
62
60
73
7
5
54
28
87
94
96
1
6
14
77
76
68
47
50
37
29
67
76
61
38
26
55
5
82
19
99
80
34
59
53
41
16
7
21
3
53
18
56
59
32
33
87
53
32
37
90
13
4
18
75
95
44
82
0
27
54
51
7
88
62
12
81
79
71
2
34
24
72
91
35
5
76
22
10
61
11
0
74
67
19
49
62
15
84
14
94
38
65
53
26
80
65
59
11
36
61
45
12
86
36
47
91
65
21
1
26
32
53
0
0
72
2
14
40
86
29
34
76
46
40
54
26
5
13
37
94
26
35
6
12
23
6
55
88
27
8
66
60
62
19
12
86
21
26
26
59
55
13
87
54
5
41
32
62
54
22
56
80
57
15
93
80
21
48
21
48
57
87
60
71
6
72
57
79
51
36
90
58
1
77
12
58
18
45
20
24
67
29
5
76
44
50
8
65
50
29
65
59
17
78
30
75
2
40
55
53
28
97
12
81
75
24
39
45
21
11
22
40
40
27
16
84
29
25
1
79
6
19
39
75
97
21
51
99
13
58
5
93
55
17
74
82
93
65
80
67
77
2
59
69
81
76
54
10
53
55
89
59
74
80
35
23
54
38
75
67
96
80
61
3
49
87
86
94
5
66
61
82
20
21
3
1
49
57
11
54
65
52
65
91
85
52
15
39
90
90
58
38
22
71
42
23
59
28
17
16
46
31
50
66
4
53
67
53
11
30
59
28
82
24
19
67
77
86
58
19
76
17
58
50
40
52
73
51
80
91
67
78
74
17
96
78
71
63
31
34
93
90
62
27
66
33
47
95
20
5
15
48
74
25
99
15
77
24
66
9
67
34
39
41
3
35
19
26
50
50
60
95
92
74
22
11
8
69
6
80
27
73
28
1
50
79
16
79
4
35
40
71
21
79
13
24
66
32
51
16
35
63
11
79
38
