471
46
47
4
56
44
7
54
78
36
59
64
63
55
23
2
12
16
73
71
72
42
60
93
58
21
51
98
58
2
24
7
48
23
12
4
19
71
10
98
7
70
14
22
77
37
24
90
54
97
61
78
91
73
23
1
94
74
99
4
76
76
12
76
51
76
80
71
47
90
21
6
12
35
80
42
24
5
32
78
54
45
8
98
18
31
51
64
5
51
68
33
79
32
9
82
8
41
5
7
84
26
65
96
13
46
38
38
3
22
68
57
67
77
7
85
60
59
49
18
62
70
51
93
2
13
75
11
54
81
70
38
59
36
87
25
82
77
63
85
0
83
94
67
12
54
5
73
13
6
91
27
76
94
20
79
59
47
42
14
28
12
4
40
48
91
65
82
21
80
19
21
63
14
40
28
20
97
1
85
4
44
12
32
90
84
11
50
31
53
16
12
18
20
52
66
64
69
1
85
49
20
58
64
86
50
92
6
48
45
91
4
41
3
36
32
39
0
34
71
5
50
83
23
22
87
42
38
56
43
23
5
63
33
21
50
84
14
8
32
11
0
88
53
55
24
37
95
76
23
18
82
25
1
5
47
40
47
86
96
90
61
53
6
95
74
8
31
40
16
15
52
16
3
57
24
79
46
19
56
69
37
38
46
90
95
93
30
43
31
78
85
45
31
91
92
5
99
23
98
68
38
2
36
41
59
60
72
57
31
28
78
20
18
24
10
14
69
92
57
53
70
94
98
53
86
90
59
37
65
9
5
55
11
42
96
70
2
20
79
86
49
57
6
67
81
69
81
50
61
90
3
84
85
53
37
23
95
48
60
60
57
18
15
68
12
63
90
66
84
69
52
85
26
59
52
59
28
86
62
41
28
65
25
13
71
63
88
66
11
49
79
69
19
46
89
31
62
80
97
46
1
2
83
80
61
87
39
41
73
1
82
2
19
8
67
42
23
56
8
34
57
39
55
28
86
45
59
48
77
8
46
30
10
29
10
23
16
2
64
42
55
99
96
74
59
15
68
82
71
77
68
80
68
24
8
54
21
19
54
50
28
52
80
90
81
43
66
50
45
82
44
