389
29
9
35
51
52
60
64
61
56
10
13
75
18
32
41
95
2
14
85
97
31
92
29
11
69
30
2
0
76
89
25
5
50
12
8
2
72
24
15
28
34
28
56
5
12
97
52
14
64
37
63
47
29
92
58
51
75
60
3
51
2
28
8
4
40
16
7
12
92
74
93
79
3
1
84
15
50
36
82
14
26
97
61
7
90
20
58
65
32
62
68
34
42
76
39
35
44
98
99
36
72
92
15
27
45
51
95
96
40
29
62
66
26
24
73
16
96
84
33
28
98
1
15
92
29
6
27
73
4
27
10
28
71
77
56
17
29
51
65
21
80
27
87
58
3
12
75
99
48
60
28
46
14
43
39
43
49
18
69
5
45
31
85
69
8
41
86
89
44
3
10
76
30
97
35
34
62
62
33
10
74
13
9
40
8
0
36
9
18
5
14
16
36
52
85
44
45
23
34
90
26
96
18
56
46
5
42
8
19
28
70
46
93
79
86
2
31
22
11
50
27
78
66
15
30
3
12
75
26
98
17
52
94
88
60
40
45
55
0
17
83
71
63
76
2
49
30
34
24
42
84
3
72
2
19
54
5
31
29
83
29
99
87
75
39
47
16
84
54
16
1
89
87
16
18
90
18
48
76
42
42
60
45
14
14
16
20
71
99
2
54
80
1
41
56
92
40
72
76
95
40
30
36
80
46
54
22
64
3
98
58
97
58
56
12
24
72
84
95
24
86
1
4
39
94
60
31
34
84
8
81
25
90
18
57
36
24
79
53
27
77
11
25
87
67
89
11
92
25
58
68
12
59
72
51
53
85
83
39
69
43
73
46
33
43
3
21
67
82
74
47
11
38
24
98
57
65
61
1
90
19
69
2
30
42
6
35
27
89
