202
59
42
59
99
15
97
48
69
45
23
53
31
49
24
52
67
56
49
86
63
76
6
39
59
56
84
20
46
84
5
66
95
0
25
47
67
74
47
36
19
70
41
50
20
65
2
39
22
4
25
37
80
31
76
91
87
13
11
86
49
17
4
45
17
30
44
36
56
91
73
76
61
14
26
33
80
81
24
54
85
49
91
17
32
19
60
72
84
72
58
34
41
14
31
10
96
75
46
53
66
71
29
79
86
7
65
18
88
89
24
25
39
67
42
23
86
55
95
71
27
5
5
20
20
88
30
16
63
28
69
81
0
98
12
38
58
77
56
46
67
32
24
58
99
18
81
85
73
29
8
0
34
65
72
54
53
2
23
16
83
92
49
83
43
62
21
1
39
29
99
58
61
23
68
60
42
2
97
15
31
6
68
65
71
40
72
25
95
95
93
78
87
95
13
82
57
34
83
48
63
83
59
