308
98
30
95
58
37
93
92
73
86
28
16
96
14
67
46
99
50
72
0
91
57
29
24
75
16
84
92
48
31
87
43
81
17
91
91
6
84
84
31
22
64
48
18
78
15
17
30
18
89
30
9
46
11
85
73
27
69
18
27
53
5
71
86
22
14
78
81
98
14
12
20
78
12
91
9
28
8
39
98
49
21
59
95
32
44
69
12
13
39
39
18
44
62
5
18
76
35
99
26
49
64
99
79
76
90
88
56
50
79
54
99
0
13
46
85
9
67
97
75
6
88
93
50
3
50
69
31
85
20
58
86
36
57
66
13
99
6
21
1
86
28
0
38
41
46
23
51
66
20
78
72
61
71
23
64
74
44
95
11
64
53
50
1
62
68
66
13
74
87
14
60
15
66
51
9
65
74
12
31
95
90
3
56
13
78
72
87
22
67
99
87
73
1
40
35
69
6
1
43
93
15
56
61
82
7
70
99
81
82
30
28
24
33
36
37
12
8
25
34
76
76
73
1
77
13
36
46
19
89
41
65
57
49
26
91
56
96
90
90
30
20
18
54
53
7
43
17
67
68
4
95
96
77
96
25
43
33
23
62
74
65
79
31
14
5
22
23
53
12
13
35
32
83
41
38
42
85
55
10
5
59
5
2
89
2
79
32
87
3
46
61
20
26
93
34
83
15
9
37
80
74
24
12
58
66
50
52
51
