944
36
99
78
10
33
67
33
61
15
76
56
34
64
99
13
4
18
38
28
85
15
48
42
57
3
88
67
34
11
26
89
0
25
19
62
10
38
48
72
53
76
80
87
41
79
53
97
49
91
25
86
59
26
29
16
29
69
83
63
33
61
4
33
87
23
47
49
61
47
73
66
24
53
54
17
84
59
14
85
50
91
72
61
17
53
77
99
22
12
14
55
74
19
40
13
42
40
14
56
87
88
22
63
93
28
80
78
87
46
63
38
38
87
99
7
40
29
6
15
41
21
70
67
92
63
32
86
3
47
42
90
35
65
54
80
93
34
10
33
33
26
71
71
13
22
78
6
3
37
21
45
10
91
64
2
6
97
40
9
44
83
0
31
0
6
11
45
92
22
78
25
48
1
48
13
76
27
19
79
16
40
76
26
84
41
80
90
38
20
52
82
3
4
13
55
10
76
1
54
98
79
80
98
33
28
12
9
7
83
88
23
76
17
1
60
58
81
2
48
2
6
30
5
10
95
61
20
23
14
27
22
45
7
72
78
87
84
87
47
20
28
22
96
45
24
8
55
5
62
3
59
69
33
17
79
80
30
52
3
44
79
77
89
38
50
68
25
86
7
24
6
35
47
2
80
23
10
35
80
25
38
40
94
23
57
73
55
87
25
11
31
56
88
72
94
90
40
72
77
48
96
35
83
95
90
16
18
52
3
99
77
94
39
71
69
96
97
25
35
22
88
66
79
76
38
25
19
31
97
48
31
94
83
66
89
25
34
60
78
38
59
7
84
50
79
53
98
76
30
33
50
18
51
81
47
41
7
66
24
56
66
55
50
1
22
92
27
56
52
57
46
63
64
30
65
95
36
63
23
66
48
74
37
51
7
84
92
66
2
69
23
68
24
25
69
98
17
96
7
21
5
53
36
70
36
1
65
72
64
89
90
64
15
27
15
74
63
60
93
17
29
16
85
5
41
7
56
11
55
63
84
61
68
21
83
56
22
48
80
39
89
71
3
56
50
19
31
66
31
76
83
12
92
21
17
85
28
25
48
35
40
33
96
61
54
79
17
28
80
98
67
21
21
71
78
23
42
61
41
25
37
25
37
81
98
6
18
78
32
67
13
72
52
62
33
58
93
3
86
73
53
54
95
74
77
25
49
19
38
91
96
75
68
33
8
18
39
26
96
23
45
9
96
49
23
81
7
17
36
46
42
89
0
37
15
29
14
65
0
52
8
96
79
28
29
39
46
20
18
42
44
63
3
92
13
27
73
72
44
10
18
86
51
70
76
67
99
42
84
99
47
92
47
26
20
76
18
18
97
36
12
93
99
15
85
64
94
10
89
90
72
59
29
24
30
57
91
81
99
75
81
98
19
28
25
91
57
95
9
6
31
73
99
82
88
84
99
35
46
88
25
19
47
54
95
29
63
38
11
15
13
92
13
84
72
38
75
81
85
36
87
16
9
38
99
49
74
98
84
21
38
62
92
37
68
87
67
32
25
78
47
90
22
60
26
46
51
53
28
36
89
67
53
50
6
4
99
80
54
36
53
44
98
45
81
66
32
48
50
9
26
97
51
0
58
77
47
61
30
75
97
71
94
2
21
0
58
73
33
12
9
86
8
59
32
90
25
16
38
28
78
17
25
29
17
35
59
64
96
41
91
46
13
86
0
86
38
11
59
71
75
20
58
84
79
90
74
57
58
12
85
36
81
62
18
51
98
29
15
46
70
59
44
35
97
45
74
35
56
85
7
31
6
17
67
37
59
41
46
17
6
83
6
87
98
76
38
96
5
6
94
27
17
91
15
14
88
89
49
96
74
8
79
32
25
47
22
84
88
20
54
94
4
60
34
54
36
24
2
93
82
96
72
99
87
87
13
27
76
15
23
3
75
3
87
1
50
9
37
38
30
91
85
86
3
71
40
91
95
42
84
78
90
57
29
30
44
43
57
73
10
81
28
85
36
15
38
86
25
76
76
7
19
13
45
23
84
37
14
32
31
51
62
73
8
91
3
4
34
13
29
96
46
57
34
82
73
72
20
50
48
48
9
20
62
54
43
98
43
9
30
26
60
92
99
20
84
55
77
70
68
6
19
66
16
53
0
41
25
20
91
26
68
52
46
82
58
41
81
1
50
63
27
11
