564
50
96
92
99
74
87
27
21
34
37
99
46
60
29
77
29
8
58
69
98
87
20
1
57
96
84
23
55
38
90
58
40
38
2
39
13
42
18
34
76
55
86
75
16
15
4
45
76
62
67
74
2
87
27
59
35
64
34
42
2
24
52
42
15
54
34
80
48
52
66
25
8
52
0
76
20
4
73
96
19
92
22
21
31
49
32
66
13
19
60
67
43
12
62
10
19
96
90
67
0
57
44
60
61
44
36
81
1
62
29
72
54
3
45
38
53
77
56
18
96
17
86
92
29
48
54
0
96
45
68
96
2
64
57
15
9
45
97
62
59
78
34
66
82
31
4
35
8
60
5
57
77
91
1
59
91
55
59
87
52
79
36
6
44
93
22
5
90
19
19
50
49
5
16
31
36
72
18
96
32
24
5
62
67
6
21
59
14
32
98
66
64
34
73
60
79
47
17
22
66
36
24
15
41
40
99
29
64
17
25
96
93
31
58
61
89
31
72
55
64
22
74
80
57
47
40
88
46
9
62
12
45
86
79
38
78
78
67
42
48
44
91
41
75
49
2
17
33
26
72
97
49
46
29
58
45
21
46
91
30
61
55
75
47
87
65
78
65
32
20
65
76
63
7
4
13
61
73
46
88
45
95
37
44
76
95
89
97
93
33
27
54
88
2
54
75
19
32
93
51
4
58
79
68
17
35
33
79
8
31
19
6
78
56
50
54
51
91
51
96
24
30
51
65
32
57
40
3
41
85
54
45
96
85
65
13
73
98
44
33
81
63
39
59
71
41
65
22
33
68
71
9
98
22
74
82
31
67
85
72
52
91
17
0
77
35
66
2
85
10
35
67
26
27
78
97
68
44
72
1
12
43
11
11
17
85
93
48
4
31
20
57
22
89
57
51
24
75
53
62
86
89
29
64
16
59
61
36
3
33
38
68
28
1
31
45
38
76
93
43
7
65
52
30
7
61
81
83
37
35
45
75
76
26
39
44
86
0
80
41
86
70
9
14
23
92
12
62
69
5
57
76
23
9
58
30
22
40
13
59
27
59
34
55
85
73
51
23
26
83
65
12
6
74
78
29
19
90
43
88
48
52
16
71
13
27
53
36
19
66
95
98
77
82
53
15
55
56
38
33
39
3
97
97
30
76
27
49
18
22
89
66
75
57
89
88
84
94
76
3
13
24
1
90
6
6
57
13
62
96
47
54
51
44
51
33
20
30
34
91
53
23
9
80
33
51
20
17
45
97
21
58
21
74
1
79
81
58
92
95
54
39
49
58
