611
98
98
94
10
15
91
61
21
44
75
35
83
3
36
15
21
24
43
55
49
37
88
92
35
3
20
27
59
20
43
73
70
41
19
80
8
11
94
30
7
69
65
43
73
2
58
46
78
2
2
28
91
90
72
26
93
92
53
4
65
96
29
87
90
49
20
98
60
14
28
67
35
46
10
60
0
21
7
78
23
9
58
66
99
82
92
44
27
97
48
44
46
29
31
36
78
51
86
90
17
67
10
5
65
72
65
65
93
72
95
68
33
6
34
32
88
78
76
15
76
76
59
74
6
43
10
36
46
48
27
16
67
37
21
32
9
86
97
55
11
45
23
44
51
10
29
91
88
57
59
16
34
18
90
92
13
0
80
60
1
7
76
68
96
97
1
58
35
50
13
98
95
88
43
98
98
24
42
87
81
1
3
67
71
94
11
85
46
92
45
99
99
21
68
96
70
21
6
5
23
19
56
71
7
99
21
6
23
63
45
56
64
0
24
36
46
35
21
93
27
18
44
79
39
12
27
61
85
33
18
9
52
74
80
11
73
53
69
48
17
14
57
81
15
81
69
61
68
42
6
48
60
51
27
51
15
54
12
53
39
31
62
43
57
94
54
83
47
24
31
16
90
40
50
5
21
19
19
42
14
77
90
74
28
17
78
96
23
42
49
62
25
63
5
83
9
11
66
8
35
49
25
26
90
75
83
63
46
54
5
12
32
95
39
12
12
17
8
87
59
9
1
85
72
58
20
33
70
86
42
57
87
19
35
77
46
19
41
44
25
46
57
57
42
96
70
6
65
30
46
76
40
47
13
12
6
33
98
28
71
40
85
59
11
21
88
57
92
29
53
17
28
10
27
22
58
49
80
23
79
26
52
19
26
65
84
32
51
82
60
22
74
97
33
85
18
22
94
62
51
47
32
31
10
59
53
68
8
34
44
87
12
96
59
38
13
43
22
64
77
82
39
51
80
72
88
50
94
34
13
98
81
45
29
91
56
83
12
64
69
8
3
33
4
62
72
69
5
94
86
34
29
25
85
61
97
25
11
44
59
76
42
93
73
71
36
81
6
48
45
27
56
49
61
12
63
33
82
21
79
68
55
8
45
93
69
42
18
33
86
30
61
80
23
87
52
59
68
10
8
66
38
16
67
99
29
30
84
63
51
63
83
7
72
28
0
93
22
70
78
61
0
92
41
23
79
45
83
99
56
43
65
94
59
32
93
40
15
77
3
66
40
38
25
64
66
77
10
89
48
40
2
0
32
43
24
63
89
59
63
45
54
28
91
65
13
84
6
28
13
61
46
5
0
72
22
18
49
32
59
49
72
61
50
57
57
26
20
98
37
83
43
91
64
34
56
77
70
14
5
83
28
51
40
80
75
62
98
25
46
10
