176
56
83
92
4
45
20
23
19
61
90
28
23
96
61
91
33
93
30
53
57
56
2
79
2
73
39
71
50
21
61
79
29
96
72
33
42
44
9
13
5
99
41
80
95
54
71
80
47
1
34
4
9
88
36
12
61
75
83
11
48
97
43
78
93
67
63
87
11
72
52
68
23
45
49
71
0
72
51
47
74
37
52
35
78
88
99
39
15
35
3
64
32
98
94
25
65
9
65
76
34
17
96
57
63
45
80
63
18
84
62
44
21
66
31
99
6
31
91
22
66
46
38
50
44
84
27
61
93
92
89
27
62
85
37
25
31
17
40
1
1
2
45
75
69
76
26
75
59
69
49
77
15
39
27
11
23
7
72
17
51
61
96
13
47
33
90
30
3
30
31
4
85
76
31
6
4
