929
68
65
43
53
60
97
55
2
68
27
25
41
98
47
20
85
21
36
0
28
17
83
20
72
71
21
5
4
91
57
37
60
22
80
13
35
77
21
89
45
0
66
38
50
65
11
36
86
47
36
67
16
20
87
41
43
60
98
47
4
55
36
64
30
16
29
65
45
50
54
91
51
72
81
1
37
44
89
76
91
78
43
60
98
82
1
93
95
99
93
99
55
29
63
85
46
44
2
43
95
8
34
98
80
68
51
17
12
41
45
56
19
88
16
69
23
17
14
18
16
59
17
23
89
32
8
87
76
10
30
23
70
17
73
50
85
77
20
49
18
65
5
89
6
21
10
29
90
76
99
59
36
16
82
25
0
43
64
28
53
94
4
24
63
77
26
0
54
46
50
24
12
7
65
18
81
27
99
71
4
98
30
40
66
13
17
66
56
81
94
61
27
98
37
91
28
16
43
34
62
45
59
26
53
76
96
34
4
47
57
8
45
88
0
11
53
17
29
61
50
76
74
29
26
64
72
6
80
16
41
94
61
52
73
66
28
69
0
84
17
10
44
14
98
44
78
3
13
59
16
15
35
90
45
14
6
69
20
86
37
13
33
99
65
6
65
46
27
18
30
96
28
75
11
78
71
41
33
37
0
49
52
88
91
49
54
98
19
74
36
56
88
21
7
5
27
25
51
7
95
82
3
75
9
66
5
80
7
38
17
60
39
22
0
30
71
54
80
42
28
69
51
68
90
10
74
70
87
77
77
82
59
32
57
20
99
14
1
58
52
70
70
91
44
70
74
68
24
6
62
5
75
13
73
18
76
99
40
63
77
69
98
88
1
7
9
52
22
62
63
74
84
33
18
29
56
44
49
80
50
11
37
78
77
63
96
53
62
88
68
91
57
66
32
10
74
93
63
96
7
78
22
91
63
92
72
19
36
21
52
87
85
89
17
62
4
13
67
67
53
35
10
10
2
42
20
76
87
35
24
94
65
46
86
29
39
10
0
27
84
4
14
69
46
31
83
50
96
50
69
1
85
80
11
39
74
84
67
62
71
91
8
37
90
46
18
81
57
18
8
93
23
75
62
69
6
97
71
55
47
41
56
84
73
20
76
47
56
43
61
27
87
70
16
77
16
34
58
25
5
66
18
80
93
32
1
52
29
72
7
28
13
15
65
86
87
41
86
43
84
99
23
71
21
39
0
90
74
10
15
79
29
86
11
22
18
12
74
0
84
33
28
98
1
93
36
88
34
74
84
71
74
7
94
95
98
95
85
72
5
1
3
86
39
14
9
57
78
83
57
63
17
38
13
70
83
1
58
18
76
94
41
50
53
35
45
52
82
83
76
88
36
32
74
75
98
35
32
77
19
42
40
88
80
5
58
63
6
68
33
82
63
26
32
16
62
30
20
44
13
97
84
49
29
11
24
79
46
8
56
17
50
48
5
82
53
15
98
60
84
83
94
99
10
27
67
72
9
88
68
74
37
53
23
18
64
99
97
62
7
54
80
10
2
85
44
8
1
94
68
37
78
62
36
40
41
55
64
2
43
32
76
32
37
51
50
1
50
48
16
10
54
96
72
56
33
68
16
86
63
84
23
93
99
11
33
92
67
97
47
62
29
23
95
19
75
45
72
77
45
88
39
99
84
11
8
18
80
24
4
95
61
80
88
12
91
21
56
10
18
3
73
99
27
68
18
54
13
91
83
11
31
23
10
16
86
18
86
66
95
90
61
56
70
1
68
14
22
24
24
92
80
97
44
59
65
14
13
31
57
96
94
89
71
4
5
58
75
91
24
70
33
38
78
56
39
98
70
14
74
94
58
54
44
2
13
61
17
78
44
26
75
38
15
46
43
72
4
70
15
81
92
1
71
70
57
62
68
79
76
42
73
35
49
69
89
62
31
58
41
75
85
68
66
0
66
9
25
23
31
40
56
23
41
27
93
50
41
13
29
70
7
55
57
56
24
46
71
7
5
12
35
42
32
1
42
50
62
19
73
93
12
29
68
5
8
61
56
2
26
37
72
33
92
29
90
69
27
13
28
32
77
63
74
9
16
69
59
30
40
85
23
52
66
43
58
75
56
66
77
82
3
1
16
48
30
58
69
57
