770
49
98
71
46
36
81
79
63
43
92
17
60
94
76
75
42
96
22
76
58
42
54
35
89
55
23
37
43
44
47
12
45
98
83
43
86
64
23
1
59
67
70
19
13
46
95
56
43
17
32
53
11
38
40
0
93
63
38
37
7
37
49
4
35
85
48
73
49
23
75
9
90
45
80
3
44
75
11
87
45
95
92
56
33
33
57
27
48
47
64
8
84
65
12
72
50
12
45
52
35
72
13
77
70
93
33
14
21
44
53
66
92
45
74
25
30
83
4
31
82
68
39
67
86
51
91
36
16
88
40
51
61
53
29
83
99
62
97
20
58
50
38
50
47
12
28
30
48
32
61
30
53
52
49
39
55
92
27
71
81
68
23
94
73
4
77
72
18
26
92
28
76
82
31
75
95
59
5
95
91
18
77
96
70
79
35
26
71
15
49
4
35
72
98
8
28
27
81
46
53
25
27
81
8
58
9
55
17
14
2
60
85
79
57
7
58
92
85
82
59
35
86
94
7
37
3
88
64
36
86
70
13
13
3
73
71
12
80
88
79
82
1
16
14
58
23
24
2
9
6
62
44
93
56
3
30
11
91
46
99
30
68
65
43
72
38
15
36
19
55
67
1
56
83
67
14
7
92
17
68
98
31
64
43
39
67
73
3
11
72
2
41
92
67
36
16
58
51
53
77
7
20
30
63
56
50
30
15
42
99
83
40
30
47
36
69
66
61
72
29
33
27
22
26
46
59
42
56
10
47
85
69
20
68
85
76
18
15
91
60
14
26
52
96
73
88
65
91
50
90
21
35
69
43
13
67
54
8
24
65
55
9
86
27
77
71
55
95
86
46
7
52
24
60
48
97
0
14
41
2
56
62
38
77
57
3
44
12
11
68
29
19
30
15
46
7
87
54
55
25
0
62
78
25
74
26
74
27
92
15
29
0
29
19
77
39
23
22
3
34
42
32
5
24
99
4
84
38
58
39
64
10
53
94
87
80
20
62
7
65
29
88
65
11
8
43
50
31
17
53
17
11
37
75
36
36
79
20
75
89
11
91
99
16
37
87
96
57
1
55
22
30
44
40
41
52
83
43
35
0
96
4
63
33
79
99
22
10
71
49
99
82
40
51
99
77
38
47
86
39
3
61
21
99
1
15
3
36
58
38
88
55
94
51
40
26
51
62
36
74
11
88
57
3
39
8
32
29
55
19
20
10
32
41
9
85
8
12
21
67
2
9
74
97
60
66
75
63
29
63
38
92
51
47
96
42
55
80
23
62
51
43
25
83
37
34
68
45
99
41
64
53
50
90
2
63
57
77
78
38
41
68
82
44
15
30
39
22
11
62
37
62
58
62
98
95
48
66
92
99
8
9
53
10
99
55
25
8
85
4
98
78
72
33
22
40
63
13
14
26
28
51
89
86
65
39
81
66
5
25
65
65
34
70
28
34
78
53
94
63
57
93
41
82
78
15
22
41
81
36
20
9
40
61
95
5
0
28
71
57
53
37
23
88
59
51
22
37
56
68
0
14
13
93
48
91
9
70
85
90
58
5
51
98
66
46
56
66
74
27
23
27
16
98
15
76
1
89
13
58
10
66
24
23
59
72
15
20
94
0
62
52
57
13
3
23
59
59
89
33
86
64
13
55
63
80
83
64
70
96
74
80
62
98
55
74
22
70
94
16
22
57
21
31
22
24
54
82
35
95
67
73
60
80
28
23
61
11
39
83
60
14
15
74
64
70
48
87
93
95
