254
24
94
39
20
59
51
1
50
28
44
16
84
11
0
3
45
45
66
4
33
26
91
43
13
5
29
36
13
63
5
46
87
99
86
60
11
89
13
61
69
57
30
6
21
82
9
66
28
75
70
13
53
14
56
67
71
37
55
84
52
60
31
91
60
17
51
71
58
64
84
27
74
66
33
95
49
42
61
29
69
84
42
75
50
50
42
21
39
49
6
91
10
89
82
22
6
86
45
16
2
81
43
76
48
77
23
49
71
85
78
93
21
72
68
71
22
62
92
61
11
50
4
21
39
38
95
97
76
40
13
31
22
9
7
22
38
31
23
61
68
53
54
89
25
74
12
99
36
56
60
48
59
16
21
50
54
69
48
83
9
13
14
83
74
73
5
12
56
28
26
24
81
80
65
58
7
29
57
43
86
17
43
97
85
17
47
92
86
95
75
47
61
89
31
87
62
88
0
19
17
26
95
50
58
13
9
17
42
66
61
80
36
56
77
21
25
25
13
63
72
40
11
85
29
42
73
44
30
25
63
99
3
10
2
13
23
11
31
66
29
44
98
65
0
76
39
78
1
4
41
25
45
52
11
