844
17
81
28
49
62
81
94
75
19
53
56
45
12
9
86
57
12
16
59
12
12
67
22
24
66
2
31
40
50
49
58
19
82
87
21
44
68
67
71
87
20
80
32
84
89
71
42
1
87
53
65
51
73
87
75
39
89
58
31
91
7
89
62
89
76
83
85
96
51
57
83
23
37
68
8
26
91
2
79
30
55
44
81
28
83
8
19
24
18
2
15
77
92
77
66
20
13
3
17
64
60
52
39
49
72
99
27
15
1
6
45
9
2
78
37
85
38
9
9
56
11
76
33
55
54
51
28
19
55
45
83
67
49
74
69
74
74
96
89
75
55
87
36
57
65
74
95
56
35
4
12
46
81
98
54
87
1
82
6
56
79
41
76
80
15
97
54
89
93
96
17
48
83
53
58
0
79
53
56
66
57
21
13
90
19
19
29
20
1
35
29
80
28
57
60
96
54
67
85
99
63
54
0
98
60
58
98
91
11
7
58
20
28
23
63
99
42
92
71
43
80
0
75
8
9
87
4
15
54
42
15
69
48
15
67
60
73
66
52
36
73
62
56
53
85
19
52
79
64
23
74
44
76
49
4
85
88
61
1
95
55
68
64
3
83
32
64
56
50
68
44
75
82
0
28
67
72
32
98
88
55
72
32
83
73
88
69
13
49
22
8
4
90
73
8
25
57
24
33
59
44
77
34
26
29
14
45
53
98
43
41
53
67
73
89
40
62
58
5
63
32
14
68
74
87
28
99
96
4
32
55
48
61
41
74
90
7
71
44
5
14
85
10
81
11
99
73
25
9
78
88
41
44
8
67
31
88
66
79
92
50
34
40
11
27
66
54
34
37
98
39
3
35
50
84
98
49
9
23
59
40
64
52
84
24
20
68
13
38
47
5
41
34
46
4
61
64
58
48
54
8
87
57
44
89
94
42
91
3
18
2
95
82
54
80
6
26
0
19
17
47
77
10
33
75
14
47
39
73
95
93
33
82
51
77
24
45
72
15
0
90
17
96
24
23
28
82
50
28
54
19
27
31
29
61
6
43
8
97
68
3
43
2
37
46
31
61
43
55
28
43
97
45
91
73
69
19
56
71
99
62
90
27
93
71
40
51
14
48
0
35
3
43
89
40
89
72
54
32
28
82
28
77
80
19
51
1
91
7
24
90
69
14
69
14
37
9
17
3
9
17
38
12
61
79
5
50
52
59
35
32
93
63
61
73
34
12
26
25
71
50
68
92
16
37
58
53
99
75
57
8
93
47
21
6
27
26
56
31
37
43
15
30
6
28
56
41
41
82
18
64
85
38
9
1
28
67
55
27
43
64
35
88
63
8
94
90
86
2
73
23
46
40
6
4
21
62
97
14
96
16
78
81
6
87
83
34
7
90
61
2
6
49
90
69
9
36
12
96
38
37
71
36
30
77
93
51
91
90
65
88
58
43
21
65
83
56
99
42
46
13
44
52
14
86
74
23
22
86
71
12
23
43
1
53
20
94
4
64
84
69
4
95
65
25
60
0
82
11
42
80
24
86
85
38
72
59
62
46
45
33
10
20
28
11
74
1
57
30
65
94
52
69
89
17
94
49
69
28
60
11
9
37
49
94
75
73
53
89
19
50
75
81
70
3
45
96
4
2
27
21
96
79
90
85
48
37
86
17
65
99
80
74
36
29
68
63
2
73
53
21
23
80
54
46
35
99
42
40
54
21
13
50
52
4
88
52
41
26
69
6
25
49
81
61
78
1
25
32
27
30
5
2
10
60
48
45
59
43
37
65
16
51
68
69
7
56
21
48
82
43
6
60
44
39
21
75
93
98
7
20
28
13
22
90
73
23
88
84
66
25
50
34
28
18
3
35
26
77
35
60
20
42
20
16
33
94
91
26
92
99
46
73
12
21
15
37
44
3
21
10
81
23
44
