636
80
47
14
52
85
85
63
8
61
47
35
93
0
6
4
53
81
63
63
15
2
40
89
24
49
80
20
79
44
32
51
24
31
65
29
16
2
92
76
64
39
11
9
92
17
65
45
50
28
60
66
83
1
7
7
50
40
79
81
84
11
32
8
42
49
89
10
3
81
87
19
73
98
28
65
16
93
62
18
74
22
84
57
75
44
16
77
84
96
58
68
7
42
28
2
91
18
12
47
51
99
66
76
98
95
93
66
40
55
84
14
30
21
71
57
17
88
35
53
36
93
73
43
36
1
45
79
71
10
26
75
9
45
51
59
40
45
25
80
52
62
95
34
35
18
92
52
58
27
57
94
72
30
90
60
83
87
40
7
97
18
82
7
63
85
66
55
82
44
36
87
58
83
21
45
53
65
49
64
44
6
58
17
36
0
77
19
88
69
26
37
40
60
44
3
46
63
11
80
59
99
67
69
82
41
14
87
58
63
51
3
69
62
72
57
62
1
76
2
23
55
40
63
15
36
18
13
51
29
94
10
28
61
31
62
54
45
2
13
60
53
16
81
67
40
38
30
41
67
84
64
22
24
79
89
61
98
3
12
79
97
75
8
10
6
22
65
4
24
78
64
30
46
98
97
38
88
79
79
55
64
96
29
40
75
19
53
25
22
18
5
71
93
65
81
51
87
98
7
12
28
72
42
74
22
39
64
10
71
96
66
35
92
47
27
19
66
81
97
40
99
2
11
44
67
45
47
6
43
55
18
72
79
12
98
1
4
63
11
75
59
29
62
3
77
89
74
95
70
71
36
21
25
47
65
44
92
13
51
36
20
21
60
99
34
58
0
90
21
63
65
32
93
79
35
22
68
10
17
91
33
53
12
59
53
30
3
97
95
54
85
15
76
45
66
62
56
66
52
29
81
69
62
26
48
49
48
68
11
18
59
45
71
24
4
76
54
59
26
1
14
63
68
42
61
34
4
17
0
8
46
81
77
60
8
77
62
8
45
73
26
57
18
50
81
74
78
87
34
4
40
0
68
8
42
29
42
98
98
94
6
96
27
83
57
87
12
19
96
57
44
74
66
15
24
99
89
55
86
75
59
78
75
79
86
69
60
80
67
58
74
25
7
54
8
64
41
72
35
89
30
79
64
96
46
40
48
36
95
86
63
7
65
91
86
3
60
99
84
80
9
10
5
16
64
66
32
6
38
19
95
20
99
11
69
45
52
17
33
47
3
49
6
68
40
93
72
52
44
8
84
53
18
90
70
83
56
54
41
46
74
88
67
25
0
36
22
4
5
56
3
8
57
10
29
97
3
53
1
47
61
86
52
31
76
74
66
84
29
7
82
3
96
49
28
48
37
50
52
94
58
55
55
15
17
84
64
72
89
66
71
2
52
24
33
80
98
0
64
27
59
98
82
7
0
10
55
89
61
59
84
71
67
39
87
84
