719
5
68
46
94
48
14
31
90
7
68
37
42
85
57
47
29
17
91
86
62
16
57
91
26
57
73
24
70
55
97
63
60
65
10
55
14
76
86
56
83
6
93
77
44
50
77
73
68
68
59
82
37
68
74
63
26
99
40
48
6
37
12
19
3
74
26
69
50
12
25
85
71
71
15
15
21
92
40
41
60
52
76
97
72
50
13
98
1
5
99
59
42
11
78
97
37
4
18
87
69
96
24
92
67
39
59
40
31
99
82
44
3
10
93
76
12
6
26
13
63
25
24
6
88
3
55
25
59
74
64
80
70
41
72
89
80
31
29
64
83
63
8
86
73
1
62
85
60
89
50
23
66
75
81
55
30
89
32
89
15
49
22
85
90
94
26
70
78
55
86
61
71
94
99
96
48
62
82
8
3
84
83
21
59
65
28
41
54
61
83
69
10
5
6
0
99
84
22
29
91
9
90
62
55
90
59
3
4
93
63
59
77
47
80
89
64
9
30
70
22
13
91
84
18
49
84
70
33
58
99
24
67
42
87
23
84
98
78
40
91
42
99
68
41
31
57
5
92
40
75
14
53
18
98
24
67
34
94
0
45
45
24
64
87
63
87
23
61
18
63
4
60
14
73
53
46
82
58
38
22
85
5
28
3
55
52
70
42
98
22
87
43
46
51
83
62
91
58
75
9
22
80
21
88
5
74
34
39
84
25
14
69
82
42
72
37
46
94
31
44
16
18
39
14
70
22
76
13
81
4
22
55
84
95
43
41
69
30
80
5
7
94
74
89
88
98
78
34
92
10
30
8
80
70
74
2
44
3
15
77
7
37
32
43
84
28
84
5
58
64
10
17
11
84
6
99
82
36
86
26
98
16
86
79
38
61
81
83
64
49
60
71
38
45
14
23
73
50
28
83
66
39
0
77
75
6
29
10
94
67
36
45
35
23
76
74
84
9
9
48
58
21
71
97
66
37
20
39
87
0
22
53
39
74
83
67
32
12
77
27
79
13
72
66
88
48
40
72
57
49
72
68
71
95
65
89
32
85
81
19
85
55
25
77
30
8
44
62
72
73
41
3
86
65
69
75
13
62
99
23
11
24
91
34
19
8
24
52
45
57
23
82
12
0
59
42
8
55
5
32
28
98
35
67
64
57
94
29
19
93
52
82
17
95
69
89
55
45
93
0
2
68
83
14
69
94
9
29
2
66
62
82
64
49
49
28
58
95
58
77
89
62
60
58
58
29
99
65
74
92
66
28
61
1
42
82
95
51
11
49
17
25
32
82
75
33
10
33
29
20
63
70
83
75
80
93
4
80
58
30
24
24
58
37
77
52
19
25
4
31
74
73
56
58
7
83
92
18
69
73
90
32
95
73
7
27
66
63
59
25
45
84
1
3
73
79
7
93
4
11
76
78
37
84
89
44
20
81
14
89
6
5
73
53
78
80
80
45
95
40
22
40
76
23
95
49
54
2
42
58
66
70
89
3
55
78
47
75
11
62
16
69
19
89
22
97
21
2
94
16
94
16
56
70
40
3
20
94
5
14
5
71
85
94
26
92
24
74
19
87
88
35
56
7
24
30
56
97
32
51
13
79
67
21
49
59
24
21
6
81
36
11
5
73
57
31
17
81
57
