720
36
68
45
23
76
4
47
6
61
44
90
12
9
69
31
30
71
91
6
92
97
87
80
8
92
5
17
76
22
98
33
10
18
31
33
46
35
32
52
96
28
94
60
37
64
92
19
35
35
25
79
32
65
60
92
9
65
9
85
40
59
19
50
29
50
84
75
37
16
79
86
97
73
46
34
89
90
54
24
25
31
56
9
96
16
53
58
33
62
43
25
73
14
76
2
16
12
29
54
80
60
92
77
34
38
12
75
81
18
0
58
49
8
20
98
24
73
56
9
88
51
35
61
18
11
16
86
75
97
40
55
58
84
85
44
75
49
19
56
67
71
14
68
79
34
18
55
60
26
65
48
30
0
9
48
63
77
34
90
75
27
45
85
11
82
81
86
31
0
94
50
24
61
71
55
47
89
11
7
68
76
55
98
28
17
46
43
46
32
33
73
59
30
58
23
13
39
61
44
92
56
47
16
17
18
71
64
59
34
24
27
62
31
25
90
48
23
85
95
56
18
20
67
49
79
90
62
70
52
58
62
8
57
30
77
75
54
93
35
88
17
14
51
49
40
93
49
63
79
96
19
49
17
87
98
48
29
12
18
81
23
33
41
80
15
70
8
21
64
95
10
33
9
13
82
49
58
84
65
37
80
36
39
49
75
37
97
5
2
16
38
77
1
32
57
16
54
17
38
18
12
0
4
74
65
86
75
23
22
40
13
3
29
52
52
4
41
50
61
43
18
52
72
71
36
82
39
90
99
29
61
64
81
65
38
46
3
13
22
26
6
35
81
35
39
33
91
80
35
5
76
5
9
48
28
45
30
68
87
82
97
48
46
79
13
84
77
17
49
99
95
55
34
76
42
25
61
86
58
97
91
34
54
0
34
83
97
17
3
84
99
0
33
97
31
98
33
9
67
82
60
62
90
47
38
32
72
52
18
30
49
61
16
55
13
51
90
10
20
93
47
71
46
32
68
29
30
1
38
50
35
51
12
25
98
3
10
70
55
80
1
56
42
17
63
7
20
54
18
40
99
17
11
45
49
31
75
31
84
65
81
20
16
46
45
14
1
7
37
8
88
38
16
82
7
79
89
80
85
59
20
85
76
84
82
77
67
57
9
52
75
42
72
91
88
69
58
41
77
95
49
65
85
65
99
92
97
88
24
34
0
45
19
28
81
54
6
48
11
67
0
38
9
24
82
50
94
40
43
23
87
45
40
72
62
39
16
59
79
41
94
31
38
65
60
71
19
18
19
83
85
72
21
46
48
3
48
42
95
44
17
82
89
57
6
51
96
75
11
28
68
57
59
58
74
71
29
94
89
0
29
26
24
2
25
73
6
73
67
53
17
85
88
58
42
46
10
91
21
21
19
41
30
78
99
4
50
28
50
91
81
79
18
5
82
43
78
40
68
46
93
38
31
33
96
73
80
6
64
53
79
35
47
61
66
46
66
16
27
16
59
8
48
77
13
30
72
44
22
93
90
67
83
21
1
31
46
33
90
63
38
69
98
85
83
64
84
1
32
63
69
92
71
17
21
36
99
46
80
21
91
22
41
74
95
42
5
42
27
95
57
17
17
55
3
52
72
39
53
4
2
22
48
25
40
22
13
91
68
46
13
59
68
54
85
64
48
42
58
27
