845
9
93
0
97
19
29
32
32
1
26
4
17
60
98
9
38
43
8
85
68
72
58
83
9
2
39
82
64
20
6
60
29
99
60
78
71
89
63
55
90
89
59
60
1
10
69
40
5
29
77
73
1
35
8
62
89
47
44
53
19
2
13
1
54
26
79
25
67
42
80
58
84
91
70
85
1
39
77
58
68
6
83
21
93
44
83
82
91
79
35
63
82
1
64
36
27
95
13
94
38
45
4
22
36
74
59
90
65
89
0
33
95
84
6
89
28
41
23
71
21
59
34
55
12
50
91
39
46
56
33
84
1
90
58
89
64
69
31
30
58
32
15
54
16
22
95
96
15
70
67
36
81
54
91
93
4
34
32
50
90
18
86
43
8
44
33
24
14
16
6
24
48
22
30
16
96
77
12
11
48
32
0
29
86
43
23
90
78
55
41
20
25
79
16
85
24
1
10
90
17
68
14
66
42
45
34
90
22
47
54
22
79
54
52
65
97
75
7
27
82
0
0
8
80
16
45
56
69
7
46
86
76
12
4
18
9
39
9
84
86
63
6
17
69
58
34
18
85
41
98
68
42
50
28
74
18
73
30
87
81
76
73
9
40
78
79
50
69
88
34
7
3
40
24
24
51
58
43
36
51
93
56
45
43
84
19
61
10
49
48
43
77
73
52
18
3
31
20
72
72
54
79
27
46
55
52
97
65
47
86
17
40
42
62
35
79
82
96
89
83
96
32
61
21
36
31
25
67
51
49
91
57
81
19
3
36
23
53
54
70
91
71
62
33
33
97
12
67
45
1
3
93
85
16
14
21
47
91
41
50
41
84
7
74
3
62
10
26
15
64
48
6
87
10
92
73
59
4
92
56
58
95
49
95
11
16
69
10
7
10
60
0
94
67
74
50
30
37
28
97
1
77
56
41
87
48
14
99
4
6
55
14
54
5
10
65
21
79
76
80
41
88
81
87
8
55
37
90
92
18
87
46
95
43
87
82
43
1
33
48
59
89
62
13
94
24
31
67
55
59
47
96
47
28
36
55
36
25
97
28
43
85
74
38
80
13
73
24
66
6
24
26
95
38
91
41
63
22
8
18
81
8
67
81
88
3
88
24
80
86
53
24
23
79
62
3
93
87
79
59
94
55
37
41
94
29
83
9
51
43
79
85
3
98
66
92
53
54
16
34
92
21
10
15
1
24
19
46
12
50
57
58
6
95
99
52
24
34
13
27
30
92
12
33
43
30
25
96
37
94
30
29
67
40
45
68
17
16
66
29
66
24
87
24
19
38
28
95
73
41
22
55
34
87
88
77
69
66
25
6
12
8
36
79
0
33
0
17
49
66
46
67
42
85
44
61
24
72
8
97
14
83
4
0
70
92
29
39
10
54
98
22
62
34
2
63
19
54
32
68
20
79
87
63
64
83
76
88
56
37
37
22
20
41
74
90
86
3
81
96
9
79
71
24
65
73
39
84
27
71
4
99
50
44
14
67
27
43
7
35
80
97
9
0
90
83
42
76
38
75
25
48
7
96
24
72
21
63
9
0
34
65
51
37
61
66
4
89
61
63
76
41
60
38
93
51
21
35
79
12
62
56
12
69
52
36
94
25
51
55
25
85
20
29
74
82
95
30
23
56
94
51
49
6
89
42
57
63
29
89
75
91
45
39
13
50
75
7
75
26
14
53
63
34
82
38
68
77
68
43
85
14
95
86
21
36
80
78
99
61
19
26
52
65
65
17
15
92
76
90
70
90
95
34
77
77
24
45
6
92
41
91
59
36
29
80
24
9
10
76
70
30
2
75
47
20
44
62
12
21
4
35
11
0
69
40
77
45
38
84
89
79
27
48
67
9
28
91
18
39
67
41
21
22
68
68
42
12
30
6
85
86
41
49
86
62
89
16
7
27
52
97
6
79
45
