299
80
70
75
88
38
65
29
84
30
43
42
47
23
92
78
52
83
21
49
74
11
50
30
17
86
20
31
68
31
6
64
11
76
39
0
67
56
81
51
39
24
45
86
0
37
16
52
20
37
54
47
1
56
29
70
43
49
2
11
80
60
28
44
89
19
44
56
28
77
59
67
53
4
5
53
93
21
58
13
58
64
12
11
20
41
82
63
90
36
27
23
96
7
67
85
78
63
93
6
92
4
73
45
8
78
51
1
51
61
67
62
25
79
73
45
73
7
61
63
43
40
38
92
47
5
29
25
20
23
84
12
27
57
58
88
88
9
41
39
70
60
53
47
92
27
92
65
86
53
80
30
45
19
74
92
24
3
70
45
26
54
9
6
63
67
46
51
28
87
43
50
0
96
97
92
75
90
57
62
95
37
44
41
56
70
85
33
73
55
30
52
61
39
58
25
59
56
28
87
95
71
90
95
20
87
87
47
29
96
9
77
34
5
18
42
75
55
75
1
63
57
53
24
97
63
1
56
19
30
95
14
53
85
62
73
25
1
21
54
98
82
31
32
40
1
74
67
57
2
68
72
59
21
96
8
36
50
16
55
80
64
22
85
49
36
59
26
37
32
81
35
66
64
19
6
66
46
26
75
48
94
47
59
68
95
20
56
45
36
64
77
0
38
63
2
74
74
28
11
