730
17
7
74
34
7
83
47
18
41
55
32
60
9
44
4
54
27
22
44
37
6
5
99
21
39
77
38
17
18
98
63
35
5
90
21
64
73
69
83
66
24
67
26
85
11
82
39
91
5
36
28
63
41
27
37
80
57
75
49
75
25
13
63
83
3
84
47
28
5
82
94
81
49
72
67
13
6
58
4
63
94
32
27
36
11
16
68
20
91
18
96
68
31
11
51
86
47
99
14
53
81
60
86
83
32
53
96
38
64
0
2
58
84
81
46
47
97
15
68
40
33
16
8
64
79
60
2
26
11
16
31
44
76
18
27
60
23
23
98
87
75
52
46
59
85
92
7
34
7
27
74
92
95
35
8
74
47
10
0
58
26
32
2
54
2
82
14
25
5
65
13
81
69
11
92
55
3
51
89
63
78
16
55
25
51
16
99
98
26
52
8
5
84
62
59
86
44
74
63
2
91
76
83
60
87
27
67
43
79
9
6
9
25
13
35
28
29
34
78
8
86
86
13
22
0
72
60
45
98
24
99
41
52
34
2
40
61
21
83
40
30
41
50
7
6
37
35
88
71
13
96
10
51
9
84
4
33
45
1
84
21
0
25
73
34
79
65
95
1
0
88
83
41
90
91
0
27
26
88
50
92
84
60
95
45
45
99
78
42
0
62
15
0
40
88
86
71
6
34
24
6
74
8
0
64
99
0
43
77
88
93
21
24
6
69
69
3
68
47
97
21
62
12
21
54
52
60
25
58
94
50
65
68
10
17
84
61
17
27
38
57
72
12
81
78
81
50
33
49
49
30
70
63
42
44
17
95
56
95
5
50
97
22
70
7
39
54
68
56
81
58
65
5
70
46
84
3
48
69
5
98
0
27
61
94
71
31
41
27
26
47
29
23
69
99
30
61
53
50
69
86
8
35
44
31
33
28
34
82
49
39
32
49
67
93
44
90
76
37
18
54
84
99
77
6
99
59
67
4
9
36
43
70
23
87
1
57
67
35
39
16
75
71
18
94
16
14
84
45
51
54
99
88
54
77
94
5
88
13
61
50
49
56
20
25
95
73
82
14
8
21
31
35
44
1
29
12
15
66
57
18
20
57
6
26
86
0
31
74
13
45
24
15
1
96
40
97
69
22
11
30
95
94
17
91
47
99
3
14
65
61
33
85
70
39
64
56
92
47
82
5
92
59
72
46
55
12
95
77
86
58
59
33
5
76
24
52
75
28
67
92
41
0
30
11
91
94
19
83
41
1
41
34
60
13
80
68
78
27
45
16
85
4
50
90
32
74
43
8
54
62
0
95
62
82
58
5
76
77
89
18
79
30
4
91
95
36
59
73
63
56
42
48
12
92
39
45
18
34
5
25
96
57
72
58
40
31
15
16
8
4
86
39
86
90
31
82
26
42
7
41
99
49
90
11
93
81
56
64
15
13
89
11
71
61
21
11
92
36
79
53
93
66
44
79
8
27
13
87
70
21
28
69
22
70
32
68
51
41
32
66
54
21
29
77
82
50
88
27
39
20
32
32
38
76
11
46
56
25
85
26
98
14
47
72
84
79
40
36
20
72
54
27
93
84
4
28
34
45
7
73
65
39
57
55
67
69
53
23
46
39
1
96
53
48
20
89
28
61
77
0
33
32
27
79
16
84
59
2
29
