217
33
55
44
88
65
87
35
48
7
60
77
8
57
52
36
70
63
96
76
15
21
55
41
81
55
96
56
42
32
76
48
17
84
92
57
1
80
92
50
39
5
79
47
14
31
35
36
46
83
13
62
4
20
55
37
28
52
94
70
36
22
18
5
58
11
62
60
43
55
62
82
12
41
81
26
73
16
14
19
99
79
33
55
0
89
92
28
93
38
98
81
61
68
86
19
31
48
79
26
55
93
8
19
35
41
97
60
9
12
31
60
91
17
15
43
6
60
71
51
98
21
84
11
90
70
31
73
70
62
0
78
8
60
97
43
2
95
55
11
7
86
72
50
3
39
94
61
51
65
64
2
39
48
13
81
70
96
54
93
11
54
71
19
15
20
14
69
15
21
32
74
59
56
25
63
48
71
76
99
36
93
53
27
93
19
8
16
67
15
9
78
69
32
49
36
52
15
57
68
88
90
94
48
46
19
63
94
90
91
46
79
84
51
58
30
70
67
