329
89
84
10
68
76
24
84
40
34
0
51
48
98
11
52
81
56
38
86
42
69
33
49
99
85
66
57
94
89
24
87
78
8
49
46
36
26
82
28
12
34
80
12
33
43
64
14
0
54
52
42
23
85
44
22
23
10
31
69
51
55
9
29
15
10
27
4
36
62
32
48
96
64
60
29
8
76
96
8
30
48
2
5
86
46
80
61
9
63
30
60
71
91
42
38
2
69
42
90
83
27
39
80
43
51
61
3
80
57
63
10
58
66
68
96
64
48
57
25
63
39
38
34
31
80
73
85
1
67
75
85
46
66
17
90
70
78
45
50
88
9
12
98
27
80
94
43
80
3
69
44
94
7
78
77
39
3
62
40
71
90
77
17
56
94
59
26
73
5
28
13
14
41
11
93
73
57
36
54
60
57
50
6
64
80
84
3
84
98
96
7
88
73
24
97
68
84
75
93
41
4
6
7
45
17
0
70
26
36
24
38
46
26
44
10
59
28
66
95
79
62
2
67
35
78
16
55
14
92
48
55
96
6
62
93
75
62
63
1
51
40
39
97
66
84
59
77
64
77
72
43
39
74
63
27
53
79
34
67
71
83
75
19
89
37
12
65
52
76
18
55
16
58
4
34
94
15
12
58
93
36
54
84
11
69
11
16
48
98
35
72
81
10
91
22
0
4
39
52
32
10
59
0
68
63
86
62
78
98
72
71
35
78
56
98
47
19
14
48
17
1
72
50
12
63
25
12
19
16
