604
70
66
71
62
49
60
70
79
46
80
14
85
2
97
10
10
64
44
11
40
82
75
48
44
53
24
75
40
72
57
52
42
76
23
56
25
83
27
56
82
59
22
67
61
20
29
72
36
73
35
76
8
62
76
52
15
52
27
7
24
36
59
18
12
83
75
89
18
2
46
0
13
20
19
74
40
49
98
28
74
33
4
82
47
33
86
62
85
65
69
10
2
81
28
66
16
3
8
34
57
6
87
22
26
6
97
19
7
95
47
82
81
4
16
28
37
3
43
22
68
64
84
22
45
65
41
61
20
1
48
30
7
87
52
85
93
49
4
53
97
4
35
30
8
3
10
97
6
5
71
27
70
56
1
15
73
42
29
93
95
29
23
2
16
28
88
61
29
44
14
26
48
1
8
8
5
71
5
63
76
77
90
46
85
44
14
58
86
95
3
82
24
27
36
92
55
76
53
84
21
20
63
21
73
23
30
30
94
35
94
71
64
36
69
1
80
35
59
19
30
63
53
6
42
41
98
49
18
4
85
39
76
0
12
49
24
42
32
70
30
26
93
94
14
63
96
47
98
7
66
81
22
71
87
16
12
38
17
82
94
3
73
22
3
86
23
79
28
55
50
58
33
95
5
48
10
53
47
61
12
65
42
35
36
81
3
0
71
21
83
17
24
56
39
79
42
63
11
71
70
13
81
4
8
86
4
19
91
51
80
4
16
22
91
4
55
94
4
27
67
39
44
43
96
36
23
38
51
34
61
21
47
95
77
7
33
81
26
25
84
6
81
52
80
72
8
88
18
13
15
38
52
11
81
0
47
4
91
98
90
4
72
89
99
49
97
85
83
75
10
19
34
43
24
66
67
32
54
37
97
21
75
50
33
57
2
32
13
93
83
56
98
55
97
49
56
94
34
91
22
96
11
56
39
35
22
58
19
29
96
17
50
71
19
83
28
21
68
94
67
51
50
65
58
47
66
66
94
53
58
16
49
21
24
41
8
98
99
27
27
95
44
78
67
63
13
47
37
33
41
4
36
91
21
94
91
87
13
85
40
71
53
42
44
29
83
52
27
34
31
55
30
28
85
49
43
50
96
80
84
90
84
20
33
57
67
24
45
80
61
37
3
66
31
47
95
66
51
23
1
34
30
31
62
67
32
6
17
80
38
53
70
23
26
56
32
93
80
29
25
94
67
28
60
50
27
8
17
78
83
18
12
13
1
27
32
33
33
1
13
71
55
36
46
33
92
31
78
24
60
3
18
79
83
31
30
10
91
47
40
74
65
52
39
18
31
71
51
16
24
16
40
79
52
38
64
44
69
42
69
30
45
39
9
28
22
39
38
13
38
30
39
3
35
78
73
66
1
76
83
26
93
23
57
