238
88
63
95
32
10
32
47
15
8
69
12
27
61
95
71
55
38
71
20
74
62
88
39
0
96
25
71
89
35
57
94
23
20
90
7
31
74
7
98
82
28
11
61
42
58
85
97
48
56
70
22
71
10
61
71
58
39
95
47
74
52
41
49
73
83
9
56
57
16
54
92
44
17
5
38
27
90
36
75
99
58
97
22
68
11
45
26
50
40
73
76
93
66
25
18
50
86
26
59
2
80
3
99
50
9
37
77
51
25
5
50
35
54
24
3
65
70
29
67
10
54
43
55
21
21
73
23
7
99
82
10
32
86
61
34
47
50
11
98
28
68
49
63
23
25
67
88
95
48
8
58
55
51
13
28
72
39
51
80
90
33
42
74
71
55
8
18
5
72
17
33
40
18
49
63
43
68
4
91
16
64
49
23
15
14
51
40
5
2
20
48
88
14
22
59
69
83
30
26
55
99
12
95
17
61
11
12
29
67
55
97
31
56
21
98
23
72
38
28
27
10
28
15
24
51
26
45
34
56
72
41
55
84
36
24
97
99
89
