961
54
76
56
19
21
58
1
55
81
89
71
64
25
58
27
96
26
18
81
35
58
62
67
1
20
28
8
96
33
37
71
88
13
27
7
86
86
61
41
19
2
64
35
27
22
63
23
0
33
56
35
91
71
55
92
43
35
53
40
20
90
63
8
55
90
68
41
28
81
34
0
83
98
35
11
20
50
86
72
83
95
7
74
66
14
19
9
49
72
49
70
62
12
30
17
55
98
10
35
31
44
35
15
42
23
78
14
73
64
86
9
59
45
35
77
60
54
87
61
26
88
83
40
53
14
57
60
64
67
95
96
63
83
63
5
6
41
71
31
5
57
40
17
55
76
94
15
30
33
28
9
74
12
49
79
78
59
39
94
78
86
90
42
21
53
99
79
46
23
11
52
32
3
21
87
79
67
54
62
53
83
23
27
47
72
58
25
83
49
19
14
87
62
56
9
67
7
88
14
82
99
18
15
55
91
2
34
58
57
48
11
40
71
90
39
96
0
64
79
49
35
93
37
97
1
46
17
61
86
31
43
38
49
58
93
40
61
27
50
70
28
14
62
99
56
1
95
57
65
75
6
0
20
43
50
22
41
67
35
28
50
78
66
99
89
59
91
50
38
41
72
66
7
34
66
64
35
13
21
0
40
27
52
61
23
54
35
64
21
70
92
71
0
58
22
89
69
65
91
8
59
63
74
66
97
92
30
32
6
3
84
46
83
89
59
6
43
46
70
17
68
15
40
69
25
15
10
95
80
54
3
91
69
29
58
67
22
40
51
28
96
88
26
79
29
38
85
72
84
7
41
53
74
34
74
0
49
36
47
81
90
2
73
60
31
83
79
53
23
82
33
71
22
12
50
51
50
87
76
86
47
69
39
21
3
65
73
4
2
72
38
44
74
11
4
6
46
35
11
21
70
97
93
92
61
43
96
11
31
72
49
78
41
41
51
97
6
77
1
60
49
39
5
24
2
61
82
48
97
93
70
19
42
63
11
3
58
7
66
89
31
16
19
25
57
23
22
15
0
75
76
49
15
33
25
69
94
7
70
43
53
40
62
95
55
26
99
13
85
17
55
17
33
26
94
42
49
16
58
1
91
86
3
58
19
28
80
65
36
50
9
89
42
23
84
97
1
35
62
87
53
69
56
38
48
50
81
97
18
91
51
9
77
54
20
48
82
0
13
70
50
74
59
44
50
96
41
51
83
55
90
88
25
46
27
73
48
60
22
66
51
25
76
80
79
48
28
14
48
93
84
50
68
96
94
18
44
87
21
27
42
12
16
19
58
43
44
7
3
19
73
6
44
1
86
76
49
66
42
49
59
26
51
27
74
45
97
18
84
19
98
79
31
66
98
41
61
95
0
16
14
74
22
10
27
8
38
29
26
80
30
85
59
82
65
33
79
62
4
64
33
54
43
64
20
93
58
81
88
58
97
54
84
19
17
12
79
55
93
5
36
23
42
95
5
7
80
85
22
36
49
55
90
44
72
10
37
30
91
78
88
88
32
73
59
1
37
90
57
30
47
45
53
90
92
11
97
72
96
19
9
97
27
99
41
99
62
78
29
53
56
69
94
41
94
5
42
83
96
99
13
43
96
19
85
88
30
83
13
26
54
74
23
81
25
16
32
87
94
13
93
3
35
87
44
29
92
86
13
40
38
78
36
34
49
21
75
79
56
88
57
63
14
32
96
39
48
29
27
95
94
20
98
29
59
42
59
3
28
24
96
18
54
32
5
4
5
80
35
62
20
93
77
34
77
73
73
78
54
52
73
49
24
71
78
83
13
89
39
93
65
35
64
20
67
69
76
72
1
11
86
21
56
63
7
86
37
32
64
43
85
37
92
9
60
71
45
73
60
84
18
26
71
34
98
38
3
74
62
56
37
1
29
94
64
36
80
53
21
44
97
6
33
89
67
93
12
64
18
73
48
88
51
71
23
49
9
78
75
24
35
12
25
16
58
41
5
38
95
26
34
44
32
19
85
51
12
98
16
82
23
16
71
74
88
94
75
97
24
2
73
11
14
50
28
73
92
33
63
39
59
98
35
43
69
20
94
82
18
10
64
93
27
87
19
15
33
94
64
58
96
90
21
63
40
49
36
84
34
99
75
45
49
10
88
19
83
83
53
53
45
69
47
24
9
66
91
42
13
56
52
61
98
74
24
38
75
12
75
10
64
