958
36
51
5
96
19
5
21
0
66
43
63
94
53
28
25
36
1
1
93
82
90
30
89
70
40
7
24
22
74
63
89
10
14
94
58
33
99
80
85
17
23
48
64
29
28
89
65
30
90
10
12
32
41
1
3
33
60
27
7
86
90
96
49
4
90
7
89
41
87
26
59
63
74
23
44
3
64
9
85
6
71
97
38
64
50
41
97
62
69
5
48
11
1
97
68
44
57
57
85
96
84
44
59
10
19
55
65
83
16
50
89
88
99
28
52
49
69
2
63
90
59
64
2
12
61
22
56
18
31
42
67
15
38
78
78
58
34
43
41
50
46
83
38
45
11
43
47
32
45
10
23
4
74
77
16
88
99
25
58
30
67
25
98
57
4
28
15
38
23
9
40
69
92
79
67
55
22
66
87
19
76
62
23
3
91
91
43
42
16
1
25
35
79
23
93
83
3
60
73
26
21
65
48
13
44
15
20
18
81
60
89
9
74
64
64
66
56
7
8
24
61
33
12
40
8
5
75
11
17
0
90
39
65
38
4
62
53
25
80
86
37
22
95
11
86
60
29
94
19
90
19
80
23
31
72
84
88
47
47
57
47
37
96
13
75
1
27
28
78
59
66
67
81
62
78
68
74
60
62
93
50
33
26
73
16
98
9
56
46
57
14
45
94
62
10
22
15
37
2
93
97
69
60
30
83
91
98
57
51
13
2
1
98
80
26
67
79
88
75
77
45
89
74
91
4
37
13
19
74
68
13
23
37
25
54
20
68
4
29
71
69
83
24
68
64
51
87
95
91
62
24
88
4
98
79
8
35
45
27
62
65
92
37
2
18
43
74
38
48
55
10
17
38
34
37
54
37
24
1
28
87
25
16
91
76
48
99
63
45
78
77
10
71
15
64
89
58
90
79
58
45
89
76
35
76
13
90
13
38
43
94
77
21
62
20
97
62
19
12
59
97
90
21
20
57
85
9
67
75
41
26
20
30
54
8
6
67
98
72
57
93
66
86
14
80
6
63
43
77
76
54
27
18
76
47
75
61
9
94
89
50
20
9
80
74
69
39
94
19
63
3
13
81
90
27
61
48
91
56
26
19
11
53
37
87
0
64
48
9
58
89
11
31
51
44
57
20
83
3
40
46
7
53
27
49
32
40
97
75
97
23
94
60
28
83
47
29
47
47
90
58
37
2
89
88
46
98
8
81
2
48
79
61
53
6
10
86
98
59
61
95
83
56
55
11
39
54
92
39
54
35
97
91
89
38
31
87
36
39
68
38
40
47
99
93
5
61
79
3
21
41
51
56
49
58
19
40
13
12
79
67
99
28
10
88
18
41
75
55
32
95
45
72
42
97
18
99
10
49
2
31
42
5
39
91
64
59
84
29
23
15
48
22
96
58
62
14
51
89
69
35
84
67
60
26
16
78
25
26
27
79
10
70
85
49
13
1
8
49
30
83
65
78
57
61
88
19
75
91
8
97
26
92
16
86
70
32
16
47
58
44
27
68
66
64
70
31
65
78
33
95
14
98
25
71
11
65
91
38
8
51
35
34
44
3
73
66
35
89
14
46
85
93
14
3
57
36
87
22
15
20
69
81
70
46
52
81
11
95
19
71
47
7
5
43
10
30
9
98
20
75
44
57
68
10
61
77
47
0
51
14
20
20
95
42
18
47
23
29
43
94
52
42
53
58
37
16
40
46
14
60
74
58
70
94
68
83
72
15
83
23
29
55
96
76
97
14
24
20
96
19
66
48
13
20
58
50
36
99
48
50
11
22
60
81
17
28
64
41
96
47
64
77
2
12
54
99
27
78
71
23
49
90
71
62
10
82
12
98
81
60
0
92
35
60
74
4
40
38
45
36
38
61
66
40
74
20
92
1
50
15
24
99
5
47
13
67
29
77
65
62
89
65
55
24
77
29
28
18
19
73
6
57
35
72
50
9
92
94
62
94
9
38
45
67
85
58
34
67
87
52
81
77
17
36
1
47
17
82
65
37
55
23
46
42
96
96
3
40
42
65
87
4
3
32
71
41
43
57
60
30
9
41
7
79
78
61
26
47
43
43
84
50
66
31
93
14
79
48
7
74
14
94
78
69
78
49
10
21
58
22
52
68
64
11
47
94
24
73
41
19
68
78
70
34
9
15
1
40
63
8
14
77
54
44
47
32
45
