503
6
97
60
38
51
69
31
60
27
27
68
71
7
7
53
33
83
79
55
84
58
59
49
20
41
81
63
58
14
85
53
72
34
65
10
85
35
93
97
14
72
65
85
80
72
38
65
7
17
20
44
27
32
93
99
25
74
63
83
41
48
89
13
82
54
76
19
41
21
16
55
94
33
93
74
57
31
39
16
1
12
60
80
96
6
80
21
80
43
56
73
43
45
39
77
52
15
48
45
36
16
1
82
49
94
56
58
77
48
74
30
12
87
11
8
93
91
29
25
86
85
99
81
83
38
10
35
5
58
32
93
74
33
76
75
79
84
33
9
84
59
39
96
46
2
4
39
45
85
17
83
71
16
64
6
6
74
93
63
84
25
8
10
59
36
85
90
21
70
99
5
30
91
2
28
93
58
68
39
44
37
22
67
5
39
73
11
65
66
26
50
91
34
60
2
71
98
93
44
68
44
49
50
35
3
79
81
62
99
72
58
36
46
25
41
85
98
4
51
64
30
53
7
16
65
10
87
63
55
31
84
51
33
86
39
36
65
20
50
16
44
60
4
90
85
45
76
83
1
79
99
83
84
59
0
49
21
39
65
76
71
1
79
56
87
18
44
5
90
47
21
34
7
26
25
93
23
53
28
25
84
80
60
68
39
60
17
60
0
34
88
23
35
67
79
23
38
23
80
28
70
53
15
30
79
92
23
55
45
51
32
29
83
92
97
74
5
66
34
5
1
74
28
36
94
59
11
84
34
91
12
57
45
79
87
76
71
10
83
16
13
15
97
49
60
46
23
65
65
10
22
66
84
50
54
30
9
66
14
43
9
79
52
6
58
39
83
82
1
18
50
15
86
48
64
46
46
87
63
11
97
85
29
34
87
84
16
48
2
31
43
11
62
96
70
72
35
53
54
37
23
5
4
9
5
68
7
3
7
70
15
57
55
44
43
94
80
59
42
82
42
86
46
4
82
16
29
17
21
35
54
44
92
10
54
49
30
61
53
38
84
20
47
91
16
90
86
97
49
28
79
44
14
77
48
96
93
29
66
66
65
72
11
57
83
17
59
13
78
12
3
62
32
50
6
48
92
92
97
94
20
29
38
87
6
38
35
52
68
1
18
85
26
29
94
61
46
53
74
77
65
30
91
