504
49
80
97
98
25
89
95
19
62
76
57
1
83
95
36
35
63
90
53
48
68
35
43
29
81
96
3
10
14
85
2
63
66
99
13
43
41
61
62
55
37
19
8
20
14
44
7
30
86
61
30
54
48
73
83
29
22
39
92
88
24
94
51
42
45
65
85
38
78
47
45
15
18
53
88
85
98
95
15
36
8
45
91
56
71
26
38
45
65
30
33
42
76
36
84
21
53
22
12
31
21
57
99
40
11
87
25
61
34
92
97
95
37
40
3
60
67
41
5
84
23
90
26
99
27
63
73
80
85
85
12
6
94
63
46
5
50
23
66
36
15
16
31
5
56
35
65
75
28
23
60
4
65
38
55
92
1
80
25
86
17
89
45
12
52
43
17
2
67
36
90
82
4
22
39
12
9
5
88
89
80
0
93
45
38
1
90
40
81
15
78
99
4
23
11
56
67
80
10
34
68
0
68
24
22
8
37
83
65
25
73
45
77
18
42
15
71
32
55
53
47
86
4
51
9
67
7
76
99
17
62
20
70
83
44
44
91
81
28
8
58
53
5
35
23
47
3
95
80
10
0
27
96
4
31
6
23
90
34
22
60
49
42
30
32
87
74
75
20
2
35
31
55
40
18
31
87
21
26
67
32
26
47
28
82
78
86
5
68
21
79
28
22
22
58
6
61
33
81
33
87
16
64
95
56
83
26
95
4
4
63
88
82
10
17
64
40
55
21
8
28
52
89
50
74
47
56
87
32
89
21
20
57
37
67
13
72
93
61
29
97
24
17
79
86
86
95
26
42
68
86
70
20
75
21
47
75
29
34
7
19
7
79
76
97
98
42
69
91
3
98
40
79
16
71
17
54
18
43
96
86
81
19
7
57
92
54
84
21
40
43
92
0
23
69
97
21
63
66
65
18
17
57
49
85
81
66
39
99
61
88
38
42
7
45
51
99
51
87
72
43
31
65
43
6
86
92
79
49
59
44
19
28
54
68
13
35
86
52
86
47
40
24
41
99
21
45
98
72
32
71
68
63
88
11
69
74
4
49
75
15
45
94
43
51
14
56
38
52
60
25
51
53
49
92
52
23
89
3
47
74
26
15
89
14
27
59
88
83
60
63
50
57
9
93
61
75
1
99
27
61
24
78
66
