738
50
69
93
55
48
61
68
4
43
30
28
39
91
40
90
4
12
46
71
56
23
74
34
0
77
65
87
48
54
30
47
56
51
92
12
99
53
32
55
48
63
36
40
6
76
30
10
40
28
33
48
52
8
82
4
85
0
91
86
54
73
85
11
24
30
75
75
83
7
31
84
22
19
24
28
47
6
91
88
87
24
36
39
32
71
43
70
71
86
8
77
59
93
40
83
23
15
10
59
75
93
43
49
12
19
30
60
25
21
48
12
45
36
3
30
7
98
52
30
36
60
8
95
5
48
30
29
16
41
88
91
34
83
40
99
2
70
59
79
43
59
92
41
95
47
71
55
46
75
85
82
35
45
30
40
94
12
21
10
5
61
53
92
44
45
91
98
68
50
78
11
61
22
52
8
21
75
63
19
50
1
2
37
98
84
30
92
96
51
54
2
65
7
94
61
53
37
60
21
39
90
84
0
64
89
8
85
64
24
5
67
77
59
56
75
43
86
20
91
90
74
45
55
82
91
16
87
28
28
60
19
18
44
19
82
33
80
68
50
56
25
17
33
84
25
60
79
64
80
70
54
55
68
61
89
59
29
76
40
58
88
59
76
32
31
11
18
11
31
68
19
56
37
52
40
62
64
71
26
45
93
32
52
61
93
93
21
23
21
13
81
9
72
9
93
3
72
11
66
3
79
85
59
68
89
51
83
54
74
9
51
68
94
55
29
87
48
2
62
69
15
95
30
88
57
23
43
29
35
10
33
66
47
44
35
37
48
70
43
22
79
46
90
73
1
20
13
1
22
27
22
90
23
52
78
80
27
73
9
62
35
94
81
83
39
68
72
87
38
15
9
69
13
52
95
14
72
60
67
46
87
89
36
62
93
66
42
20
92
4
35
27
98
68
62
89
36
34
76
26
1
38
95
14
90
42
28
14
2
47
12
42
36
1
4
29
19
99
50
63
3
37
91
53
5
53
43
93
40
19
19
41
9
66
56
51
9
36
65
63
84
30
57
20
83
62
2
2
61
4
66
16
41
9
69
98
14
12
91
54
84
10
96
93
28
4
45
89
40
62
53
76
44
62
49
27
24
51
82
37
7
48
53
0
9
75
98
23
87
41
30
71
3
78
65
31
82
62
21
74
24
26
51
69
88
52
96
65
55
78
2
62
78
8
14
39
83
64
15
70
5
45
42
8
23
59
91
57
21
12
83
97
38
86
66
27
38
15
92
93
45
46
7
76
54
73
15
89
37
30
60
94
27
54
54
50
65
46
59
38
58
43
35
49
29
54
28
68
69
72
13
66
18
21
94
25
94
10
14
84
92
26
78
72
80
33
22
97
79
34
35
89
77
71
38
58
25
66
78
46
38
92
64
9
65
59
34
11
21
48
95
65
75
74
37
7
59
12
5
90
46
40
79
75
63
70
85
40
36
64
38
27
56
3
36
73
14
70
84
87
70
80
52
97
6
90
5
17
54
62
7
52
54
38
27
18
8
12
10
97
28
49
76
84
4
12
9
70
34
94
57
56
74
61
54
32
3
59
49
57
21
56
9
27
46
88
45
55
53
56
4
81
57
80
18
61
44
27
83
78
21
40
34
47
1
88
79
5
99
28
14
72
36
24
0
83
64
97
38
17
5
94
99
62
74
69
75
18
96
58
48
70
50
82
17
4
23
49
