491
77
18
26
79
2
95
62
5
14
68
74
43
85
17
97
57
82
60
44
99
60
2
11
98
5
53
29
75
47
56
38
24
26
64
4
28
11
66
86
26
87
12
21
72
81
18
81
63
30
78
14
90
80
25
40
37
78
69
65
25
77
3
50
56
19
6
36
83
24
22
9
63
86
30
35
68
0
69
83
30
47
98
21
79
23
13
16
2
83
81
79
12
36
81
68
8
39
57
91
16
31
52
79
18
82
67
86
34
36
69
64
83
19
37
62
43
51
78
97
86
12
76
50
0
58
71
8
49
28
51
65
59
3
45
77
85
12
15
71
48
37
36
83
56
73
45
99
76
75
96
14
87
25
65
88
35
36
48
84
64
0
50
75
3
47
5
41
11
20
12
59
9
0
94
18
26
39
69
2
66
18
17
54
43
34
94
78
70
94
14
86
94
16
13
50
63
18
43
74
91
55
85
52
56
79
70
34
70
40
36
37
58
5
43
53
91
89
83
13
83
97
99
30
14
65
80
29
83
23
56
26
30
41
79
38
73
49
72
43
89
61
32
99
66
27
52
58
16
35
71
52
85
23
82
51
40
14
80
23
89
36
2
71
30
81
10
3
30
82
98
72
43
83
71
62
10
76
72
79
63
95
31
48
70
65
99
10
31
32
86
72
20
88
43
50
69
53
53
51
88
4
23
83
87
47
45
49
75
69
80
38
65
63
87
35
80
38
98
11
22
84
83
43
72
27
93
93
32
99
44
20
55
20
4
94
67
1
43
94
71
24
32
36
39
71
23
20
10
73
31
32
57
67
75
81
46
21
26
78
20
23
51
27
43
7
21
62
8
64
56
79
40
88
67
80
60
43
52
22
16
83
6
26
2
34
59
48
55
38
79
27
61
82
54
4
89
75
18
97
91
74
29
84
14
48
64
26
43
16
48
12
51
7
38
6
41
49
6
96
87
85
23
48
19
29
4
8
4
22
58
47
48
39
31
63
39
47
41
83
15
90
95
67
49
85
73
90
34
79
86
74
17
61
22
88
42
27
97
46
1
7
45
50
46
77
65
37
24
6
20
40
48
15
59
97
0
32
87
87
63
25
61
32
38
35
21
80
14
70
78
16
