853
74
10
39
85
12
80
40
85
31
27
72
53
72
72
90
64
82
23
63
43
99
98
7
94
90
58
95
82
16
31
34
90
42
73
75
6
6
67
92
37
94
64
42
19
88
32
35
22
7
98
65
58
49
25
52
39
83
0
21
99
31
7
41
25
32
69
32
90
88
76
80
83
40
74
2
28
59
37
2
66
87
68
77
88
93
29
27
28
81
0
79
13
59
72
90
44
93
74
86
82
50
66
65
42
93
19
22
52
56
25
70
95
45
47
84
90
29
63
18
10
16
49
75
27
21
66
71
15
92
58
97
43
76
14
37
69
85
60
73
93
85
44
88
82
91
24
72
20
88
90
31
56
39
6
83
12
24
7
27
17
17
76
12
45
42
49
15
27
61
40
20
46
84
61
80
76
85
52
96
25
94
79
33
85
86
17
98
62
76
77
79
93
54
91
38
48
93
5
28
54
46
0
53
82
61
33
58
99
86
7
76
80
38
10
66
24
79
16
39
55
93
18
0
99
62
38
48
55
96
76
9
94
76
62
76
90
48
87
41
34
46
17
66
84
27
84
61
6
0
0
13
94
70
13
93
32
4
41
39
52
69
49
46
98
63
74
40
11
13
81
97
59
50
64
96
78
48
9
36
1
9
2
95
31
15
88
64
71
82
55
23
3
4
21
53
20
96
93
83
61
26
81
73
77
97
69
7
97
30
43
98
39
97
45
22
13
34
86
84
68
42
60
23
98
81
77
70
29
22
54
91
49
87
16
26
36
37
33
33
67
28
84
58
26
29
80
91
15
19
27
35
13
87
59
63
21
36
34
50
10
40
93
59
79
61
37
15
98
22
0
65
3
84
75
81
66
56
72
33
27
51
69
40
91
28
55
12
16
41
14
26
81
60
38
60
21
75
75
72
98
28
89
53
12
65
34
30
73
6
64
52
9
33
44
0
13
99
64
81
41
79
59
74
91
97
35
64
73
62
36
23
90
78
28
55
43
62
85
68
20
1
20
29
34
64
30
99
15
94
80
56
25
40
31
68
37
18
33
62
32
21
37
75
99
65
30
94
79
67
14
99
69
34
29
55
50
11
55
66
57
87
74
35
79
57
3
17
27
36
31
60
10
21
35
9
38
17
56
18
36
70
17
57
57
98
13
7
9
20
25
67
7
52
54
87
9
57
56
37
46
39
97
56
12
84
17
51
53
73
69
89
96
38
47
53
37
12
12
98
32
38
17
91
90
71
78
51
81
86
88
27
26
37
35
38
21
4
41
26
78
62
16
26
1
15
79
90
27
91
40
11
81
58
2
23
29
81
75
10
19
15
89
97
53
24
88
26
29
29
53
59
92
21
37
45
88
16
87
15
59
27
26
93
85
80
68
67
61
95
29
33
11
71
30
64
95
18
42
76
48
47
87
92
68
24
89
56
92
28
23
4
7
1
97
45
82
17
64
95
13
93
80
24
64
11
40
12
29
82
40
29
30
80
73
50
56
14
59
49
94
34
5
2
88
54
47
22
71
11
69
84
56
50
60
73
61
0
37
42
35
77
24
17
9
49
19
66
16
30
67
10
65
72
12
5
26
11
27
49
22
96
34
31
98
46
4
11
99
41
6
34
70
30
3
80
79
22
98
95
5
65
58
70
89
70
75
15
34
54
16
8
2
2
39
1
49
43
64
48
36
70
34
59
0
89
39
32
63
89
79
68
54
37
90
95
60
65
10
94
71
78
2
74
81
42
27
30
37
91
30
26
62
16
85
14
5
76
46
20
65
78
89
71
15
79
66
75
97
28
21
68
6
24
94
87
18
21
69
55
65
51
81
79
19
18
93
76
94
92
97
59
22
86
30
37
17
96
65
66
24
86
87
83
62
81
70
80
55
92
88
72
43
21
51
15
40
96
91
34
40
88
94
62
26
76
52
96
25
17
62
49
55
49
