185
62
39
43
52
48
79
40
72
56
88
6
69
22
0
77
47
84
54
17
89
28
79
72
89
16
29
74
74
96
77
67
59
68
62
63
16
94
3
88
2
43
47
71
65
99
1
13
84
7
82
25
35
13
98
76
81
79
50
55
76
79
75
87
48
89
50
16
83
5
57
86
49
4
9
14
3
62
79
39
70
61
65
57
75
15
34
56
94
36
64
22
16
91
9
64
80
11
32
16
69
89
54
18
93
15
32
49
78
12
88
48
25
5
57
52
20
91
9
67
28
25
89
96
16
51
12
48
14
44
64
83
34
18
53
79
34
86
28
12
50
17
12
27
22
69
80
95
13
41
62
93
66
3
89
34
6
53
82
73
97
47
56
83
17
10
63
51
48
91
15
50
60
79
29
35
1
9
30
66
50
44
59
68
99
0
