387
84
21
77
92
31
75
39
78
92
53
47
68
36
9
12
6
59
57
38
96
52
64
37
42
57
44
1
52
26
58
70
10
32
0
54
15
75
93
93
19
98
92
88
86
1
52
93
12
9
83
61
14
0
98
56
9
42
9
61
68
20
84
30
52
84
84
19
59
29
64
79
79
56
19
66
9
23
11
22
32
46
83
46
46
81
55
56
76
64
17
96
36
1
27
40
37
11
59
97
93
23
28
72
31
99
90
41
22
1
15
6
48
50
5
46
83
60
2
59
76
72
56
13
25
83
53
63
46
13
12
91
88
92
64
20
91
54
13
65
8
28
23
8
78
28
54
61
88
9
73
17
33
29
30
58
64
35
21
62
0
85
54
89
77
70
61
20
76
74
37
36
2
61
44
32
89
51
45
30
60
18
99
45
47
29
3
63
64
77
26
65
62
32
6
92
54
67
12
30
41
50
67
95
63
63
79
4
14
24
34
26
43
85
71
42
14
27
6
31
4
84
48
18
16
54
10
70
73
75
52
66
77
71
61
40
35
40
44
1
64
31
28
59
16
51
2
83
78
8
14
34
92
14
5
60
20
15
82
93
42
34
59
19
6
72
11
93
12
56
94
28
87
22
88
3
26
90
86
4
50
52
91
42
18
96
2
38
63
84
31
6
70
42
77
28
14
89
21
78
45
16
7
84
90
47
39
16
37
78
21
87
30
12
81
1
8
35
39
23
71
23
29
41
65
7
70
80
48
91
10
93
59
17
29
50
64
68
66
53
46
39
92
29
3
73
30
63
8
69
87
79
44
16
73
10
75
95
42
23
86
52
68
98
22
97
48
38
66
14
92
64
6
36
93
9
10
75
73
70
97
12
2
41
28
75
3
56
