559
52
40
4
45
8
19
44
94
99
3
27
60
22
82
42
30
98
27
89
25
50
5
98
61
23
42
55
31
79
84
69
32
76
26
29
36
45
73
30
45
28
9
57
2
92
0
33
90
27
74
15
30
79
65
91
3
8
99
34
39
83
56
23
11
82
52
47
27
78
30
24
6
39
82
9
31
82
94
73
61
68
41
91
47
6
83
50
14
34
37
6
17
93
29
80
75
34
27
54
12
57
79
70
49
61
31
80
95
25
6
56
93
47
48
41
53
83
43
20
17
32
26
86
25
7
66
52
41
45
59
5
55
38
28
4
51
59
36
98
85
42
54
78
41
54
71
95
89
67
67
58
99
45
44
77
52
62
81
46
8
40
51
15
30
79
19
33
91
7
31
76
2
86
6
43
92
30
90
34
49
57
92
48
2
37
77
7
51
11
53
11
51
56
26
82
88
97
15
79
5
99
7
7
37
65
2
29
95
93
63
44
50
56
45
5
45
74
12
96
85
17
8
89
25
86
23
65
84
90
96
41
89
3
0
26
69
2
8
16
95
71
13
46
79
10
3
76
84
67
25
22
84
85
11
61
71
34
27
7
24
23
48
14
79
48
92
0
51
0
68
46
24
81
44
3
43
47
32
28
14
57
2
50
42
13
12
13
99
91
21
75
66
21
41
45
70
34
97
21
34
66
19
58
99
64
14
43
63
46
23
30
3
25
80
97
90
44
62
41
87
35
16
54
57
58
51
27
44
1
0
78
67
19
89
66
35
3
61
51
1
84
81
4
61
13
53
3
58
15
44
97
51
13
51
8
23
55
87
67
56
87
97
75
58
86
93
46
41
55
97
42
91
30
98
53
43
51
56
1
67
53
51
18
66
54
78
89
9
65
56
17
4
53
92
14
92
86
12
33
93
9
28
84
91
26
89
35
78
46
88
97
51
39
67
17
94
45
58
55
62
66
73
18
19
65
32
63
3
45
49
96
6
77
81
98
3
70
85
33
68
73
30
71
13
97
88
59
94
98
14
56
64
87
74
36
5
59
99
8
56
48
57
14
25
90
64
81
60
49
14
81
23
45
52
88
94
93
47
89
91
13
45
56
1
72
44
58
83
43
18
39
92
75
53
69
65
18
50
78
19
65
11
42
62
63
82
56
8
81
45
52
95
43
60
96
67
4
6
50
47
24
89
91
0
94
13
65
64
63
95
84
80
6
78
42
22
61
51
82
42
48
34
37
43
46
85
10
50
91
12
50
68
1
93
68
48
6
85
12
