371
78
29
60
32
77
67
37
39
80
28
41
20
71
19
47
85
24
98
51
81
95
8
7
37
55
51
54
18
10
11
62
40
41
22
72
70
41
62
9
73
90
2
93
13
22
40
50
46
91
2
79
86
62
87
75
17
38
30
88
0
93
50
41
34
24
65
4
17
79
65
91
21
68
84
35
42
77
37
40
68
39
20
6
54
7
81
71
45
63
59
97
57
61
38
43
37
56
0
55
35
65
98
57
33
82
44
27
11
81
68
79
73
88
37
27
95
19
98
92
34
10
89
91
71
80
87
61
36
87
16
71
52
14
80
38
48
24
65
60
58
85
91
31
73
29
58
20
0
8
64
34
18
6
78
42
86
65
3
74
4
71
45
8
37
78
46
37
2
64
49
60
1
41
91
75
22
1
47
74
10
12
8
28
70
38
22
8
3
25
82
59
48
79
68
85
57
66
23
12
30
72
72
84
65
16
59
39
69
58
13
79
22
22
60
92
12
82
0
68
60
82
27
60
14
95
46
71
62
21
83
44
45
8
28
63
24
39
2
93
98
16
25
72
90
37
65
2
71
17
22
31
52
50
92
66
45
90
89
7
63
73
52
8
33
32
23
9
72
26
54
22
94
79
94
36
16
11
90
88
29
13
71
81
63
15
99
8
57
88
68
20
13
72
81
98
4
4
7
28
82
62
50
28
41
45
64
10
56
55
50
37
68
73
70
83
89
69
43
46
10
63
19
75
35
0
74
92
56
81
72
91
95
23
19
89
20
36
99
28
43
1
66
63
74
88
46
15
10
41
62
72
5
33
47
92
85
73
84
93
7
57
84
2
32
56
91
4
44
42
32
87
