661
27
27
85
28
29
36
59
10
34
21
37
20
8
18
72
54
34
94
71
34
46
81
89
61
46
55
34
5
69
62
97
97
90
34
77
19
71
36
30
57
57
19
77
17
37
49
23
72
95
94
6
93
28
48
55
74
3
89
32
25
3
81
22
93
16
99
65
39
36
47
96
45
18
25
15
56
26
38
80
74
85
38
67
65
86
22
91
90
63
23
15
19
5
89
64
73
40
29
12
28
28
8
26
47
85
41
55
11
31
35
85
68
73
5
33
12
79
25
54
43
0
69
14
5
10
78
30
2
60
42
31
88
50
57
87
87
50
42
99
33
29
36
54
3
41
87
67
21
64
21
16
65
42
30
22
52
60
53
6
20
47
37
61
50
46
0
37
48
43
88
34
24
25
88
79
18
27
46
39
44
67
7
9
9
89
83
13
50
88
20
22
36
9
35
86
56
36
23
56
31
12
90
55
89
30
35
7
58
33
99
2
1
6
63
62
96
98
76
98
87
48
20
75
57
8
61
13
44
36
22
27
0
12
34
89
43
69
97
53
3
96
55
56
54
70
18
2
68
46
0
55
94
73
30
52
81
43
17
77
80
39
56
80
4
90
22
99
60
71
4
15
19
11
23
73
81
93
76
49
40
28
57
34
1
39
38
34
35
8
63
67
99
19
47
3
10
21
54
22
92
58
89
11
69
12
37
2
5
65
52
97
93
61
84
47
52
22
81
87
30
97
54
30
16
54
85
26
27
92
0
20
50
89
83
72
53
20
74
59
85
78
56
31
91
92
78
44
15
59
83
97
56
38
79
25
44
17
3
71
9
4
43
11
93
27
83
99
99
10
58
37
88
66
68
80
59
46
76
26
57
59
75
66
49
55
91
45
72
94
17
33
50
12
44
96
91
80
95
91
90
5
80
30
71
48
10
82
46
38
60
3
98
36
69
47
91
12
93
15
59
62
48
9
26
44
57
18
76
52
61
66
57
41
97
81
41
59
63
87
98
24
42
48
12
12
95
3
76
40
70
35
54
70
97
81
14
54
51
91
7
64
9
16
57
58
97
98
70
13
37
68
89
79
16
1
43
63
4
72
56
26
7
10
96
56
43
62
63
94
5
70
58
67
38
15
25
36
65
95
49
2
15
90
34
83
91
77
99
47
49
55
73
9
17
21
17
61
83
80
7
41
2
66
8
41
33
85
77
51
33
78
5
0
20
39
84
11
69
83
58
70
90
83
79
7
4
49
20
39
29
28
80
32
46
40
73
31
78
2
82
11
32
88
11
52
27
47
15
48
82
25
19
72
8
50
32
12
99
52
3
29
80
36
13
78
76
38
10
54
92
92
17
24
80
29
28
60
28
95
8
11
20
79
83
28
30
67
92
29
20
95
10
52
31
75
31
60
13
93
66
5
85
84
81
18
65
61
30
93
56
90
56
76
70
40
4
0
59
48
81
79
44
92
84
27
67
67
87
33
60
54
38
45
90
20
15
55
81
45
0
90
