189
52
78
44
89
22
47
66
54
98
70
52
6
74
30
44
60
3
62
88
78
36
30
75
46
77
32
7
19
0
93
24
4
23
20
93
46
68
11
52
18
81
5
24
7
87
21
19
90
35
59
68
23
42
96
70
19
28
29
91
80
22
67
85
45
88
78
43
8
90
96
26
23
1
2
83
40
23
54
31
10
14
51
34
56
47
56
27
75
85
18
56
7
86
93
4
26
71
48
86
13
44
12
89
97
66
24
89
42
78
20
52
92
72
38
48
71
94
28
47
79
46
55
38
84
48
43
62
71
91
48
37
87
12
26
36
79
50
25
21
28
98
73
73
22
12
73
93
58
1
40
38
0
47
76
84
47
19
99
19
62
47
8
49
12
34
37
91
36
63
12
16
13
37
89
35
1
15
28
60
16
21
98
16
68
26
53
68
98
52
