934
47
26
29
33
89
78
96
13
2
6
26
56
98
26
93
46
27
51
8
76
31
10
68
69
63
20
20
17
60
75
39
59
1
69
93
42
99
41
56
53
47
34
9
97
13
54
43
40
5
4
68
88
66
36
58
29
8
78
98
69
5
90
28
6
59
73
0
10
14
56
63
13
43
24
11
56
78
6
48
83
62
16
71
28
4
29
9
12
59
60
81
64
50
62
22
61
87
23
71
54
31
34
67
74
10
78
82
88
37
82
71
99
98
94
28
54
76
89
67
87
1
0
52
51
14
26
12
54
49
35
8
81
21
75
7
31
6
42
19
43
76
42
42
27
89
22
81
65
64
0
4
65
1
56
17
67
83
81
21
84
69
81
17
90
57
77
22
15
19
93
58
95
88
52
22
77
27
56
94
91
56
98
56
9
7
25
77
42
59
50
78
28
32
96
18
41
73
92
56
44
38
14
91
78
18
14
55
45
22
1
36
78
51
45
88
10
22
17
52
81
67
31
9
51
79
80
92
4
24
48
48
62
14
39
40
33
5
47
78
27
0
67
58
52
64
46
62
86
63
67
68
82
50
29
34
81
9
26
85
34
75
33
48
41
24
41
74
30
40
5
9
41
72
67
45
88
65
59
74
80
78
42
63
28
72
49
9
33
75
46
19
2
79
68
44
56
61
70
86
1
75
47
94
99
67
39
87
32
51
62
65
29
56
28
10
80
77
71
66
4
18
85
7
97
5
3
53
66
73
91
68
1
91
14
0
58
54
88
42
5
2
7
86
10
87
96
91
16
68
57
21
86
42
80
35
0
35
41
66
8
84
86
61
75
1
62
85
55
2
28
12
4
87
98
14
75
95
57
43
15
66
64
1
61
96
36
61
31
77
27
92
62
14
53
89
67
67
75
74
69
55
86
73
42
36
40
69
83
49
13
98
16
29
51
77
26
88
90
9
17
17
53
31
83
59
21
50
26
48
76
96
3
14
21
45
51
13
67
86
63
80
37
31
61
88
8
39
28
50
49
46
67
54
77
3
13
50
5
40
98
82
36
1
96
9
99
99
23
66
38
86
98
27
69
11
15
77
51
44
79
52
42
46
6
71
1
20
74
59
12
72
93
0
26
89
9
77
41
32
95
31
70
93
58
39
4
25
68
7
21
47
59
63
46
66
87
99
38
61
58
2
85
51
2
63
93
11
40
86
44
35
17
66
80
27
58
37
52
26
96
74
26
56
89
72
74
28
71
64
41
30
66
27
33
68
42
26
79
83
12
75
70
29
94
3
56
52
92
61
30
88
35
56
44
76
28
70
5
52
34
98
34
0
25
67
20
20
94
52
3
58
27
25
40
73
28
96
25
72
9
56
61
96
12
57
73
93
28
30
97
62
28
31
15
6
50
87
26
96
39
81
55
19
58
95
92
39
43
18
11
53
26
72
1
38
30
74
83
10
56
80
24
37
63
39
43
14
79
21
10
18
54
17
37
12
12
82
51
8
0
63
13
26
87
14
16
17
89
0
27
97
80
52
34
44
43
29
10
74
50
20
93
4
38
82
69
2
64
20
10
16
83
23
94
71
90
11
40
31
63
20
28
43
24
15
39
19
44
49
94
47
22
39
3
12
21
72
66
38
93
29
54
28
4
49
51
94
12
44
25
75
64
54
70
88
21
62
7
65
63
1
12
85
40
68
49
14
40
16
52
85
45
58
66
1
59
17
96
23
61
21
98
25
27
69
65
48
83
25
66
46
78
30
84
71
98
33
85
91
1
89
76
98
99
42
0
11
12
96
34
73
69
85
51
49
54
68
97
89
93
63
35
72
46
19
95
44
53
32
35
6
73
12
5
72
6
57
35
18
5
70
92
74
55
95
23
61
63
73
50
9
88
85
33
34
57
28
79
10
60
66
68
33
30
73
57
37
82
93
55
87
15
99
14
22
46
37
83
62
62
85
71
51
22
4
85
79
84
16
41
44
83
10
29
13
35
38
2
18
83
58
57
50
9
71
72
8
9
7
70
23
92
41
74
67
97
12
46
81
80
40
77
63
50
58
29
85
96
31
55
32
41
13
34
3
84
7
11
45
66
81
69
11
22
95
78
19
7
76
52
88
16
29
3
