375
12
64
29
68
71
16
82
25
43
10
74
80
1
74
18
52
95
33
10
75
99
69
57
62
59
3
57
90
8
14
25
20
30
54
41
1
70
23
78
65
85
52
98
38
79
16
90
26
49
53
1
1
22
11
63
82
14
72
24
22
86
49
42
16
3
83
70
25
58
48
91
43
53
89
34
32
5
24
58
6
77
12
7
52
23
22
86
89
46
10
11
32
59
5
1
62
41
23
87
99
23
30
95
76
19
29
60
76
5
19
35
35
83
42
87
58
17
73
47
63
35
58
48
94
15
49
8
56
24
47
8
47
78
55
76
49
36
36
78
41
7
13
28
90
7
15
48
24
40
95
88
27
5
36
73
21
37
81
29
61
81
89
8
11
44
36
12
32
73
90
74
80
55
2
23
63
70
71
39
62
19
27
90
76
15
63
49
52
97
31
13
78
20
74
41
17
10
53
49
35
96
75
16
51
30
91
66
52
62
6
14
33
85
56
10
1
72
11
53
69
42
19
99
63
45
40
32
7
93
81
43
41
9
11
93
39
2
59
43
16
17
9
2
3
66
64
56
38
75
9
59
18
80
58
33
77
50
65
37
95
98
80
37
7
43
30
98
97
41
93
13
11
3
67
14
69
31
70
59
7
31
18
77
64
76
10
93
78
27
30
73
25
62
10
85
5
92
35
2
86
29
68
97
84
35
11
53
19
33
12
26
16
82
3
80
58
65
74
88
92
56
61
69
19
24
54
24
16
42
79
2
23
99
99
7
86
62
60
5
47
24
31
64
6
86
96
16
51
22
4
95
79
17
65
98
41
71
74
10
13
5
64
88
4
16
95
43
78
7
48
78
31
32
94
89
