867
16
97
40
88
99
34
66
39
87
27
48
47
6
38
88
49
42
50
98
78
24
3
9
26
71
68
88
91
12
56
97
81
5
89
69
57
75
87
48
62
14
97
62
20
35
50
22
29
53
72
7
77
75
16
55
46
37
44
37
1
0
86
82
6
27
52
15
3
39
63
17
6
60
79
78
47
82
52
77
35
25
84
64
0
53
19
99
42
63
88
43
16
75
78
74
54
82
89
57
21
52
75
79
65
6
10
12
40
62
41
27
87
26
91
40
31
63
91
25
78
79
68
94
6
98
20
61
80
9
70
54
14
97
33
79
56
43
43
96
6
85
24
45
63
67
37
94
82
28
19
61
60
39
7
66
90
28
79
70
37
50
24
3
47
58
82
3
53
26
52
11
63
28
9
26
95
98
72
78
79
43
91
39
82
98
57
72
26
37
95
64
39
19
67
86
29
2
42
35
80
46
46
43
74
7
69
69
6
93
99
85
36
90
24
70
89
33
95
15
70
90
31
9
61
51
48
43
5
42
78
85
88
24
80
62
84
1
83
90
94
83
75
82
25
51
52
66
84
47
82
7
89
65
16
51
68
16
94
73
58
24
10
98
0
90
60
84
43
96
74
89
31
1
71
56
52
24
23
89
23
57
96
13
74
12
64
43
81
10
68
39
34
79
38
34
21
50
19
17
46
45
6
77
47
78
86
99
2
9
88
25
18
84
90
92
49
6
87
30
16
56
21
2
87
11
89
60
62
8
77
60
5
84
38
52
62
24
52
16
85
92
93
3
29
84
47
78
42
35
60
11
91
81
13
30
93
2
90
7
62
68
67
68
52
57
20
66
81
24
82
18
69
27
73
98
11
21
28
6
8
88
17
99
21
30
81
66
85
71
25
99
39
93
67
43
2
40
9
36
16
43
54
85
71
28
35
34
1
63
40
9
3
57
60
77
88
41
43
25
12
21
24
4
14
44
47
68
84
57
4
52
52
59
38
23
39
25
58
40
89
50
1
44
8
61
21
48
54
17
73
66
38
49
70
4
93
70
72
77
27
77
82
79
88
20
55
27
97
65
19
86
15
20
31
23
33
4
23
87
21
96
5
11
46
28
15
91
98
88
21
77
17
3
56
5
75
63
84
72
28
3
59
44
75
42
19
60
98
43
47
20
91
4
31
89
32
99
81
30
39
2
7
56
5
16
13
80
79
97
52
8
0
63
4
27
57
23
87
8
66
34
28
58
90
11
47
23
62
80
53
1
82
13
9
39
29
22
19
60
19
24
20
71
39
24
98
49
48
37
57
66
23
37
76
14
0
76
37
15
56
42
16
91
7
78
30
36
0
2
49
72
78
69
95
17
46
46
18
46
83
27
12
7
64
89
21
17
17
10
32
73
52
0
64
60
78
47
48
31
49
49
55
27
71
50
96
17
96
15
63
32
42
27
39
59
68
12
28
85
22
60
11
26
60
27
38
91
74
39
22
23
88
77
2
59
79
99
28
76
66
91
60
60
19
99
71
87
63
99
25
37
11
36
63
24
63
54
15
38
93
89
13
33
66
16
45
97
67
73
73
33
17
33
93
88
84
17
75
99
16
0
36
28
88
52
52
52
6
19
42
51
8
55
36
26
23
81
23
90
7
49
75
24
34
21
12
71
38
39
70
6
92
7
34
80
59
38
32
17
57
26
20
17
82
56
43
57
38
67
0
45
68
75
21
2
48
33
73
38
24
44
45
16
3
31
49
14
70
33
31
79
60
51
97
42
7
92
51
97
11
51
94
79
79
15
82
27
0
7
66
25
51
63
93
6
94
42
20
16
76
51
96
36
54
45
30
14
37
81
11
49
85
6
80
64
21
62
43
22
22
9
99
25
24
92
32
19
87
52
35
63
56
83
51
10
28
33
24
18
66
88
19
51
94
99
15
67
14
59
41
36
20
40
61
45
85
45
16
72
98
3
87
54
39
90
16
19
