724
66
35
68
78
38
28
33
46
86
64
11
67
99
13
12
72
25
90
40
65
33
81
86
83
56
24
24
40
37
2
46
3
37
66
81
27
94
66
25
32
30
36
51
30
50
63
54
27
5
47
93
90
28
31
74
84
55
50
77
92
52
23
95
41
89
28
68
83
95
46
67
77
34
18
59
84
81
14
64
38
61
57
28
41
88
54
25
43
5
54
88
9
77
35
51
66
64
71
1
11
17
68
88
52
86
48
88
19
14
52
57
27
61
38
68
1
92
45
97
49
0
85
59
77
20
62
44
36
33
97
99
3
66
88
55
4
88
95
24
54
0
33
81
13
71
1
15
16
46
12
65
46
49
76
76
21
38
72
58
72
69
57
75
87
97
82
92
37
29
68
91
81
1
72
95
25
25
10
41
72
74
58
70
75
35
46
96
73
70
54
97
92
64
24
79
61
58
71
99
88
39
42
69
93
67
64
70
92
26
11
64
52
21
87
27
56
85
24
82
56
30
31
48
94
56
79
8
14
51
59
2
42
1
24
35
68
40
5
13
67
68
29
71
42
16
99
50
2
75
32
10
5
64
10
0
72
89
60
86
92
19
41
35
72
65
22
93
5
80
6
24
0
35
96
42
4
47
93
58
22
77
68
27
93
30
79
17
19
39
4
12
10
45
99
83
62
73
76
67
53
34
44
54
21
92
48
25
91
93
83
13
23
3
92
68
33
24
86
5
15
90
69
26
87
20
61
49
93
89
68
47
23
64
53
44
8
53
22
99
99
5
64
22
61
57
90
46
81
28
3
48
70
72
74
57
92
87
58
38
76
79
37
99
43
42
96
4
95
18
3
94
75
68
68
88
77
11
35
10
39
90
58
62
63
85
19
7
72
30
97
49
61
34
0
56
76
48
60
24
18
64
70
46
84
39
34
61
50
21
71
41
12
29
3
27
14
75
86
39
57
84
88
18
70
40
74
47
89
87
23
7
51
93
53
87
32
40
48
34
61
71
28
25
52
83
52
19
58
91
58
67
75
98
85
45
38
12
44
79
99
67
39
2
61
44
89
45
84
89
32
98
60
12
23
64
95
28
83
6
19
41
73
46
39
59
91
30
23
88
61
22
55
0
76
68
97
17
66
81
58
50
31
18
62
7
82
9
87
18
15
6
59
89
4
51
0
95
33
23
35
94
97
43
95
25
11
92
42
29
25
0
79
9
70
93
16
4
3
3
22
18
61
82
59
65
85
59
12
18
34
48
12
31
43
59
56
54
3
50
36
81
50
67
90
20
61
58
77
16
13
99
86
74
33
46
91
18
57
3
88
92
3
1
75
46
12
32
53
16
34
89
97
85
8
39
57
21
97
34
37
62
86
76
36
19
74
27
90
31
82
78
75
38
79
51
36
44
35
89
60
69
30
9
54
39
0
64
12
97
98
50
59
84
78
47
56
52
26
46
83
60
24
59
98
56
62
35
0
97
76
12
66
7
73
73
98
73
89
10
22
87
12
33
24
42
80
32
94
58
78
78
70
54
89
69
10
51
56
62
0
84
26
18
43
99
91
93
24
80
56
46
20
20
79
96
63
11
28
57
21
58
87
92
12
76
13
75
79
21
89
79
5
16
50
49
67
41
42
92
74
98
38
46
19
