995
37
58
77
85
36
25
71
39
91
51
65
33
85
70
44
94
27
64
8
2
58
59
55
17
74
15
93
0
51
96
66
88
6
43
73
94
20
96
33
63
47
51
49
84
21
45
79
0
10
39
2
20
99
57
89
25
24
83
77
76
31
43
64
37
38
38
32
10
34
17
25
34
68
74
18
41
20
49
41
82
41
43
2
40
0
92
17
25
27
94
53
58
37
17
47
27
7
79
37
94
97
62
28
17
89
98
59
61
0
0
43
41
96
45
33
48
37
50
25
64
44
78
74
33
96
22
60
55
53
49
49
50
63
29
20
52
28
79
13
28
31
56
21
27
2
54
76
91
56
53
8
0
32
82
85
80
56
97
35
10
46
85
12
9
14
32
14
94
11
79
74
95
36
95
22
90
49
50
33
5
4
93
57
88
28
94
68
84
91
3
94
89
40
7
51
55
91
65
49
3
44
76
98
32
71
72
74
73
75
8
30
31
1
88
19
29
34
87
66
26
42
60
15
83
19
66
90
63
83
39
66
80
15
16
12
39
40
87
12
15
47
42
46
0
82
17
82
17
4
48
95
99
60
10
82
32
29
72
95
64
63
61
44
31
29
57
70
69
96
34
37
43
28
83
43
11
1
25
80
57
25
75
8
86
37
90
18
18
14
13
83
30
26
27
61
7
36
83
76
32
69
65
27
97
49
23
60
2
0
40
11
26
67
20
12
5
62
82
23
77
95
58
59
73
86
20
80
22
55
8
55
76
74
34
73
75
57
86
29
58
78
40
84
46
12
48
3
75
30
78
4
25
37
63
98
23
35
30
97
42
38
52
18
12
39
43
39
96
29
68
54
60
61
90
6
73
38
61
0
68
39
56
45
76
19
95
51
6
25
49
48
64
53
18
28
92
14
68
41
43
36
47
3
97
38
61
23
76
22
23
45
14
32
42
42
51
38
46
10
63
47
10
27
0
29
8
45
95
76
38
38
64
85
94
14
23
7
89
0
82
64
97
96
96
39
90
48
29
36
10
93
83
20
72
36
1
80
33
96
8
71
87
73
56
33
39
80
40
28
32
74
92
81
70
89
72
13
89
2
49
99
95
85
71
67
21
25
0
54
21
8
25
60
33
33
93
24
13
86
4
97
60
97
78
83
38
51
96
27
5
97
78
0
82
1
19
3
26
71
9
0
32
86
60
17
20
6
94
85
44
98
83
4
95
13
87
85
16
35
64
21
33
94
73
15
96
45
71
22
68
32
74
0
19
87
70
91
93
64
76
37
62
11
93
10
77
33
95
93
68
12
67
53
6
92
21
2
89
92
77
58
76
51
10
47
38
80
38
83
96
67
72
11
30
66
21
7
51
68
1
19
80
20
73
87
12
94
41
2
38
18
60
66
22
22
14
12
55
52
48
51
71
20
62
2
38
35
9
89
4
62
61
36
82
86
75
47
32
17
49
22
87
61
88
61
35
2
26
90
7
74
42
78
46
56
80
37
92
42
78
48
4
39
84
39
25
12
86
9
29
87
31
68
0
20
30
35
74
56
26
81
82
20
12
80
28
44
17
72
86
96
20
43
35
57
34
13
69
72
22
98
59
6
18
11
26
48
46
0
56
24
34
90
96
46
71
25
90
88
97
29
36
70
24
72
27
58
37
96
30
11
46
41
17
16
52
95
65
50
96
73
27
82
64
23
80
35
0
22
75
50
51
12
20
75
36
99
85
25
47
15
36
45
56
6
61
8
1
78
11
49
52
38
31
68
61
11
3
14
34
30
64
37
42
36
65
30
87
50
55
34
66
92
79
74
98
40
35
51
71
46
1
23
84
32
91
97
96
46
63
82
76
27
19
71
15
36
1
2
87
9
36
5
53
67
79
3
60
66
54
31
12
55
54
48
40
97
46
36
95
9
70
71
89
89
94
56
26
48
59
65
57
47
70
62
67
1
65
27
68
19
10
80
27
16
81
67
13
27
55
8
88
25
31
29
66
26
86
44
26
97
9
83
44
31
97
63
33
62
90
53
33
0
85
60
16
66
79
81
45
86
89
86
11
73
15
30
51
53
74
77
50
36
12
47
67
9
10
52
71
53
5
56
53
91
17
22
9
48
3
55
35
45
41
46
70
8
28
21
62
3
50
12
39
62
11
6
23
22
59
46
75
16
2
80
7
71
54
69
20
58
24
55
55
17
53
25
25
82
46
87
37
96
52
76
10
63
34
33
37
45
79
64
62
33
45
21
5
99
90
25
9
66
32
16
