215
19
62
2
29
53
8
10
21
71
30
9
15
56
57
72
73
46
90
27
30
76
28
7
99
56
96
65
12
51
0
38
22
62
92
3
68
1
14
89
24
96
50
91
4
59
63
78
57
54
57
87
82
85
46
33
94
94
98
6
97
98
96
19
13
88
23
33
41
89
74
66
85
24
9
90
35
73
20
92
79
77
31
61
15
77
94
9
71
45
67
68
43
63
39
8
3
14
41
97
55
15
15
41
91
24
83
26
49
55
18
28
32
49
41
47
78
88
8
1
33
75
21
28
90
61
37
46
27
78
43
83
46
58
76
37
34
11
64
84
66
34
64
98
84
58
98
14
46
6
16
31
34
37
59
24
50
96
22
30
27
65
13
73
75
89
10
62
0
26
98
66
61
62
16
97
72
14
11
70
21
79
1
55
69
61
31
19
9
54
49
88
71
14
61
47
3
24
9
55
50
7
73
63
21
90
12
46
4
76
16
77
55
18
32
24
