879
26
44
78
49
10
71
32
90
81
82
46
94
85
97
59
25
26
58
23
80
62
16
58
37
47
28
36
25
19
97
14
45
41
92
94
52
15
79
42
96
61
41
42
98
38
1
23
17
59
46
97
74
15
56
63
14
36
0
39
56
97
53
53
39
98
48
43
13
79
85
62
92
78
4
90
17
58
13
34
69
11
83
43
26
91
59
93
80
59
32
88
8
38
41
99
36
41
42
1
20
80
63
12
58
20
2
27
78
67
13
47
31
49
43
9
40
54
2
72
13
35
60
73
25
54
73
13
95
67
14
68
99
30
80
58
50
35
85
28
2
99
27
85
0
70
95
40
24
97
65
89
84
25
15
9
31
40
22
27
7
89
95
59
19
27
17
69
62
54
49
17
5
76
2
5
99
97
98
75
47
63
17
31
40
32
93
72
72
67
51
31
8
98
90
27
25
59
48
40
14
97
9
71
26
63
77
25
13
75
52
60
90
69
43
30
1
88
54
25
8
5
57
16
55
99
44
81
59
44
73
25
42
34
96
20
49
73
97
62
0
49
74
42
19
70
73
20
58
79
46
66
85
55
83
40
6
79
73
65
23
98
90
17
84
39
89
34
64
86
96
65
36
71
59
55
41
32
27
51
12
25
70
49
80
5
41
39
84
67
4
59
65
47
29
50
38
18
84
2
57
32
19
93
55
79
0
48
63
27
0
27
53
22
76
85
27
70
24
11
37
81
22
2
80
3
4
18
74
40
20
31
25
40
24
80
71
76
81
34
3
81
62
8
3
90
94
82
60
70
93
97
3
67
52
83
71
8
1
45
49
74
28
74
66
4
6
37
80
87
71
83
20
85
44
75
76
38
57
36
60
2
86
64
70
38
47
93
98
1
90
47
75
18
73
41
74
32
78
54
19
1
89
92
87
33
67
63
23
77
51
36
79
37
0
1
27
99
94
26
52
36
25
27
6
51
20
80
83
50
34
54
4
76
98
91
9
18
6
85
95
9
21
26
47
73
28
26
72
74
4
25
11
30
4
69
33
77
50
68
79
84
74
83
12
73
26
74
91
84
59
38
94
80
64
93
53
44
19
77
71
24
54
34
6
11
3
39
40
53
59
19
90
33
55
2
6
81
76
49
66
35
87
60
67
4
53
72
0
24
2
71
0
56
5
58
67
9
49
7
62
8
79
52
42
34
7
0
67
35
50
33
71
89
45
90
93
50
15
46
27
17
17
27
73
23
86
93
32
87
52
46
96
31
51
38
17
58
38
85
93
40
70
16
30
68
59
75
70
74
21
97
91
91
77
16
14
15
9
98
2
14
44
98
97
47
88
15
5
79
52
51
71
74
19
1
94
78
29
65
4
2
14
95
45
91
64
59
58
73
9
61
39
6
11
37
53
52
4
11
31
8
62
2
34
33
56
29
12
37
46
16
91
60
64
37
4
28
48
62
53
58
75
45
64
39
82
17
91
38
80
74
46
42
28
32
28
36
61
40
73
7
8
17
20
24
54
24
4
2
38
10
12
66
55
76
5
89
46
48
27
78
22
25
73
2
57
1
39
71
93
12
30
1
29
50
78
35
74
82
90
65
44
2
31
99
31
36
88
29
84
67
7
58
44
80
60
54
33
99
25
26
64
7
80
45
58
58
33
84
92
23
49
37
77
80
88
60
16
29
41
52
96
49
62
93
81
75
47
15
74
24
41
90
83
73
88
41
31
21
26
76
96
75
65
73
56
53
34
24
82
27
29
31
76
43
76
10
18
75
77
93
51
70
35
34
44
23
76
27
44
2
3
40
29
68
66
37
74
52
14
8
79
95
39
8
38
15
70
57
42
47
50
93
17
37
28
13
61
4
41
57
58
44
50
39
65
16
77
39
20
43
47
99
38
39
59
76
6
29
33
49
76
35
42
46
73
22
59
34
78
52
43
88
97
93
28
14
9
57
53
29
0
52
81
90
43
40
66
50
22
0
99
50
87
93
96
60
16
8
