247
72
84
81
13
88
43
58
1
98
97
13
33
23
70
29
90
91
72
55
18
38
45
28
30
83
22
69
26
88
53
70
13
89
3
78
78
99
36
31
49
33
96
82
56
18
12
98
9
36
5
79
26
50
7
56
85
81
77
63
22
30
33
35
19
89
13
49
88
49
32
37
82
28
72
90
99
36
40
60
72
45
40
98
47
47
6
33
81
83
96
3
65
82
38
36
71
51
86
11
0
70
0
34
51
72
24
50
8
16
10
32
61
50
30
8
50
88
93
31
71
90
34
36
24
72
25
47
75
63
58
75
33
58
9
84
83
85
86
43
1
97
76
14
99
6
22
1
47
16
32
18
58
18
7
82
42
84
29
17
47
39
92
80
49
53
17
32
90
3
76
43
52
4
57
4
62
80
5
9
48
38
80
58
8
87
40
51
23
21
20
70
60
65
50
9
18
19
94
61
23
22
4
27
26
14
31
88
46
37
50
94
27
30
52
87
69
44
38
92
65
59
62
77
24
64
38
94
84
32
7
59
6
12
86
84
26
70
73
72
7
75
18
86
5
22
73
74
