856
86
67
19
47
66
35
92
97
63
28
22
43
76
75
89
99
96
14
73
86
29
89
12
83
19
82
37
53
56
68
44
94
87
64
41
53
51
85
51
15
14
25
58
90
1
47
90
49
13
63
35
95
4
47
78
75
29
15
80
37
35
25
83
22
41
77
28
92
62
79
59
76
56
69
19
9
17
9
58
82
24
46
29
81
93
59
56
75
75
89
64
62
14
48
37
55
77
65
99
39
96
11
68
52
80
87
62
49
48
72
84
72
18
13
5
64
73
14
39
0
3
55
14
17
55
51
24
32
68
75
72
64
86
92
69
19
79
83
68
27
55
52
51
26
66
57
90
91
71
81
91
74
88
5
43
44
9
19
76
77
46
0
94
85
92
63
4
23
46
72
50
53
77
54
31
95
63
73
86
34
54
77
60
43
34
55
87
43
26
15
73
72
16
67
57
60
82
61
84
28
86
86
33
63
92
65
10
55
38
96
41
45
25
53
40
59
8
79
55
86
94
80
59
62
47
68
23
29
82
59
9
20
97
94
35
90
11
45
45
50
41
87
47
18
40
87
29
1
18
36
39
12
16
50
27
63
19
2
44
53
13
5
73
10
0
60
0
11
5
46
13
98
85
12
68
77
51
97
78
69
34
18
34
50
68
13
66
39
15
62
44
28
68
69
38
20
29
39
83
86
37
49
84
22
61
52
99
13
2
30
34
36
0
68
38
20
81
4
12
48
67
56
76
87
26
67
7
55
58
42
42
95
91
78
69
53
83
20
18
85
50
4
73
2
73
11
23
6
68
35
55
87
91
83
26
17
2
33
25
60
27
67
7
19
97
28
24
80
49
42
65
51
46
90
54
71
54
77
30
74
64
37
61
55
72
39
25
75
24
50
87
51
69
47
70
66
27
94
47
76
88
64
80
87
7
34
10
61
63
40
35
27
29
48
34
2
87
11
29
11
61
68
62
82
67
85
1
95
79
48
23
20
64
3
59
71
89
69
84
4
62
19
83
91
19
18
45
58
29
74
69
43
95
84
77
62
69
78
57
0
26
81
20
43
36
31
66
78
1
51
82
63
22
66
6
94
36
52
52
65
78
74
60
73
58
38
36
79
16
93
79
95
26
52
90
15
83
56
93
36
59
27
51
82
93
58
76
81
10
80
99
40
54
59
14
12
49
50
91
18
95
23
65
74
27
55
89
62
63
34
99
23
13
50
57
7
8
85
40
70
65
39
11
72
99
77
84
0
27
28
18
74
3
83
48
30
90
89
44
54
75
43
29
89
94
38
48
54
75
88
25
40
28
88
12
79
65
49
79
44
29
50
70
84
85
19
66
76
60
10
82
88
54
63
77
0
1
77
54
28
17
31
68
97
71
33
76
88
34
8
84
15
10
55
99
95
26
17
23
86
27
57
26
81
20
55
33
73
32
88
1
2
71
22
99
43
7
28
83
93
88
68
8
98
23
59
93
49
76
69
87
3
26
14
37
99
69
22
24
54
10
78
56
34
0
55
29
59
35
12
52
23
80
12
21
3
23
67
52
51
36
40
6
14
6
43
13
75
18
38
29
80
16
37
14
68
45
43
79
80
56
83
4
36
47
25
92
70
44
44
21
80
36
27
95
94
23
60
70
41
98
51
21
66
41
36
86
86
31
17
66
87
0
22
76
47
0
68
17
44
64
90
77
53
18
72
47
93
32
69
34
83
21
7
1
62
43
40
0
75
57
18
14
58
41
42
5
41
10
75
37
27
17
14
80
35
86
27
28
71
49
14
6
70
22
7
84
17
99
84
44
57
2
59
15
95
53
72
36
64
99
74
43
17
40
23
4
27
2
85
50
51
99
56
73
73
15
9
91
15
45
35
24
48
46
39
95
0
63
84
16
15
58
59
32
50
34
88
77
88
73
79
40
25
87
65
98
55
75
89
22
20
25
46
20
23
