742
20
1
89
15
50
49
1
43
66
26
17
18
15
58
30
47
82
86
60
10
51
13
19
2
60
45
54
32
51
84
18
71
37
60
38
88
61
91
83
28
18
52
98
33
10
81
32
45
67
93
55
18
58
74
73
18
19
27
2
23
63
73
46
52
33
85
92
94
76
27
74
46
79
73
80
90
54
12
35
21
57
90
92
67
17
17
38
88
96
40
11
11
65
58
63
98
95
56
45
23
83
19
70
63
44
2
53
98
66
40
72
76
82
16
43
99
33
81
88
29
74
51
40
39
61
3
90
56
11
87
80
95
6
2
58
51
4
63
1
70
55
73
46
37
89
42
37
22
23
77
3
49
80
95
89
42
51
31
50
62
18
82
57
76
84
67
27
40
82
29
11
37
54
9
75
44
51
64
18
27
93
74
76
73
69
17
67
72
48
18
35
66
0
44
43
37
64
22
77
46
3
40
36
58
50
63
54
53
79
24
32
72
98
9
97
20
78
65
92
27
35
79
45
87
76
88
24
40
63
2
38
66
42
74
76
44
89
30
50
68
7
82
40
5
43
90
25
22
7
70
1
42
1
46
29
77
87
6
17
50
8
56
68
2
82
45
99
72
27
1
92
34
35
85
92
79
75
69
53
82
91
6
76
93
52
57
70
39
63
88
41
23
96
10
78
30
7
77
54
86
30
47
73
65
32
17
96
59
86
49
41
78
7
69
23
60
26
93
51
42
33
93
17
29
55
95
12
14
72
66
52
2
65
77
20
97
94
16
56
33
18
49
63
25
70
86
37
49
79
89
91
13
34
8
94
41
4
6
7
28
25
59
83
90
37
55
40
83
71
48
16
89
98
31
67
68
17
4
17
49
45
60
62
79
21
8
20
77
67
27
57
92
39
40
34
28
95
26
11
19
75
80
60
25
11
27
45
29
84
15
30
29
75
92
9
48
52
81
25
19
61
83
63
52
75
50
80
23
76
91
94
51
23
54
76
35
34
74
16
18
89
46
47
16
90
8
65
94
42
90
14
55
25
29
7
1
79
87
76
56
30
70
59
6
24
88
93
10
62
61
28
51
59
28
67
49
88
32
43
82
75
9
37
0
39
44
53
70
83
81
26
66
51
86
72
28
26
65
38
88
26
19
91
85
99
58
86
87
43
81
22
70
43
59
22
34
56
76
4
91
9
31
57
13
69
81
41
95
46
31
35
24
2
26
61
1
36
99
41
31
81
63
1
76
74
24
10
30
52
14
22
61
97
31
74
66
13
67
13
11
51
0
36
5
78
49
59
15
49
52
98
30
67
0
58
41
76
68
24
28
82
98
41
80
29
68
98
94
35
64
6
38
16
94
96
95
43
55
62
92
7
60
74
74
12
32
67
88
0
91
68
35
89
10
67
71
78
17
65
65
33
71
56
50
65
52
97
9
7
59
1
66
71
28
92
84
60
59
24
13
51
93
48
92
3
15
63
33
84
81
98
18
52
54
68
70
6
65
79
65
76
32
31
47
12
75
83
73
35
8
86
38
53
86
30
8
53
46
41
37
27
39
55
31
46
75
1
4
92
32
70
20
17
53
20
29
29
3
2
16
63
40
54
16
26
36
76
79
82
17
69
61
9
24
93
55
52
46
11
96
79
33
17
48
87
37
77
68
92
32
84
8
72
38
76
51
26
53
30
61
70
51
