463
0
46
26
71
17
84
12
14
45
92
48
5
84
50
15
55
58
35
22
89
26
96
45
60
16
97
60
19
25
35
67
26
33
45
97
50
29
61
16
27
53
65
32
89
67
47
45
77
35
67
67
61
15
64
73
31
61
85
2
87
72
69
65
5
15
62
7
96
24
24
23
29
41
56
19
60
55
64
37
90
83
4
3
98
69
28
81
82
66
83
21
38
52
86
96
67
1
55
16
77
79
39
6
72
47
25
32
3
41
70
45
24
74
49
74
95
29
55
78
95
38
99
34
43
86
82
62
39
37
78
16
69
18
22
41
65
48
74
20
41
96
66
18
22
67
92
18
96
48
48
44
38
99
30
33
37
12
96
76
49
74
92
18
44
67
12
62
15
38
34
8
34
52
26
56
19
19
26
68
19
74
12
9
26
42
43
63
6
39
92
55
65
84
26
10
3
38
24
70
28
58
79
62
11
5
70
30
76
97
50
95
23
14
5
49
8
0
65
14
39
57
22
56
93
48
66
97
38
90
67
66
1
98
80
12
4
50
94
80
47
97
28
23
11
85
24
20
85
89
86
76
98
8
32
44
8
99
93
98
41
12
64
94
11
96
6
67
47
53
47
46
50
27
21
61
12
46
33
49
35
20
25
86
28
58
82
37
9
75
35
2
87
52
97
98
48
55
65
47
8
65
46
58
44
67
20
9
65
53
58
1
73
84
39
54
94
21
91
3
96
78
57
35
82
54
86
31
10
3
30
18
20
28
29
65
48
49
74
13
54
32
66
80
68
5
34
62
78
77
17
74
55
75
62
38
29
48
21
91
51
3
62
72
32
91
89
32
92
63
45
98
47
12
78
16
69
64
30
48
93
48
74
49
23
36
39
4
36
12
48
88
15
10
12
99
53
53
31
97
16
29
95
15
41
26
83
10
42
14
58
36
14
33
37
89
21
76
93
58
40
93
98
55
3
62
7
8
15
90
5
83
19
53
98
12
31
82
75
73
48
33
61
62
18
98
51
92
26
96
50
66
90
0
74
45
62
33
6
29
75
63
12
95
