896
60
47
7
31
37
81
97
76
86
63
69
63
17
80
41
58
42
27
73
71
12
62
63
72
27
1
51
79
63
37
33
24
36
40
55
25
73
52
1
59
67
70
74
37
2
15
95
97
94
69
20
6
83
35
78
62
36
81
94
52
71
27
28
59
19
35
85
44
39
86
55
7
9
81
44
63
96
91
60
90
12
81
49
48
16
79
62
5
13
56
57
84
35
85
43
6
20
80
50
59
67
5
18
28
38
14
91
34
6
52
77
70
85
26
18
1
57
81
58
70
89
15
6
25
52
2
83
24
82
34
84
1
91
54
29
30
69
21
16
75
25
45
45
10
23
16
63
81
97
74
51
86
89
10
63
94
12
47
18
94
33
54
96
76
9
25
6
78
98
75
5
75
20
2
85
44
18
1
77
67
75
80
6
16
90
69
10
2
68
81
49
1
35
45
78
96
22
36
26
21
11
31
48
84
34
34
80
4
87
57
24
14
89
30
30
80
51
93
34
20
74
83
21
61
80
51
58
55
88
84
28
51
68
76
35
54
10
67
10
49
76
34
63
66
64
46
98
16
39
32
88
65
68
61
78
0
13
88
55
53
25
83
4
45
60
92
99
22
59
9
72
36
96
87
54
12
33
52
28
24
36
68
41
56
30
72
57
43
60
64
48
37
48
4
82
60
96
33
82
8
43
6
96
91
46
50
3
31
54
84
56
90
52
49
47
82
21
56
77
34
20
25
71
20
30
6
80
78
39
15
38
34
73
34
25
19
36
29
51
90
13
59
81
17
60
80
0
82
88
29
68
60
7
91
81
89
97
13
19
37
80
58
71
6
92
49
25
29
30
28
71
95
87
4
12
48
84
64
82
24
94
2
85
53
93
18
42
91
83
61
80
64
19
3
70
64
52
47
45
82
28
16
77
67
21
42
67
57
6
49
82
52
3
19
5
97
37
47
40
20
61
20
36
32
23
58
48
28
6
93
10
86
62
40
53
35
82
21
44
40
22
26
93
26
97
98
23
34
98
63
55
11
35
43
43
10
2
92
38
60
37
1
46
99
93
99
86
27
20
31
67
43
9
60
69
7
11
44
41
9
59
48
20
46
92
15
56
94
7
47
6
45
0
52
96
93
51
83
72
24
14
39
19
75
0
40
82
11
84
76
72
95
76
44
41
68
59
49
14
67
48
20
64
48
24
60
93
76
43
65
52
9
5
71
85
57
11
19
20
47
95
44
42
24
88
35
92
47
84
59
66
33
31
30
33
56
43
27
84
38
44
36
48
49
7
85
58
70
4
78
17
52
74
59
76
62
46
20
62
30
31
80
15
63
11
49
71
6
28
7
44
72
43
44
74
2
29
32
72
86
63
89
90
37
0
18
52
46
90
14
28
22
94
96
37
57
97
60
63
25
67
60
49
10
4
23
64
86
8
88
72
71
77
14
60
29
32
12
27
22
26
7
96
73
3
33
30
0
93
46
25
60
58
75
22
62
50
38
48
58
26
72
81
55
86
42
84
18
6
63
93
85
71
89
58
74
75
40
27
68
38
52
81
96
79
55
59
82
94
59
92
20
32
74
28
18
68
64
37
26
28
82
11
51
71
69
25
46
62
52
67
0
57
0
97
88
55
8
22
1
67
15
74
99
41
2
70
61
66
59
87
46
41
99
97
12
20
75
11
82
79
78
35
36
78
84
77
85
92
99
87
11
14
13
63
55
15
33
68
33
92
56
80
85
7
77
97
27
52
60
62
32
38
49
20
68
33
97
54
77
49
93
88
63
6
3
71
73
88
39
6
80
47
86
17
54
16
67
34
20
27
48
52
66
97
25
34
30
74
40
59
23
33
99
39
39
3
62
12
91
53
71
24
1
57
41
55
25
8
41
46
36
89
50
54
86
75
40
68
50
81
27
25
66
27
64
6
82
26
70
25
80
41
49
33
51
43
40
76
51
82
74
39
23
25
45
10
52
86
30
54
19
58
80
37
37
96
95
71
75
66
96
7
59
98
40
62
41
80
91
44
14
65
36
38
42
