852
56
13
70
38
24
92
54
45
50
54
89
20
16
64
15
89
66
38
84
65
89
52
42
44
19
16
91
25
93
97
37
1
10
8
40
86
52
46
83
2
0
73
74
68
89
89
58
7
27
94
73
69
46
67
65
17
83
56
43
77
53
32
78
15
92
70
2
96
17
85
50
69
10
24
38
52
66
96
11
45
90
84
14
88
51
31
58
87
87
53
16
92
85
46
8
30
17
62
26
86
99
77
55
10
53
93
14
19
41
25
65
83
10
31
72
13
63
82
0
2
35
68
95
72
15
55
2
32
17
81
70
16
10
25
78
63
19
92
35
12
18
52
96
80
35
20
45
50
2
46
53
89
14
48
61
81
3
16
65
72
49
35
88
59
61
67
22
32
59
9
44
29
61
40
9
97
12
55
47
14
53
52
55
19
0
17
1
55
85
66
79
34
54
68
45
15
35
67
99
46
29
43
76
90
36
37
39
48
44
39
15
97
91
70
69
44
39
22
99
24
40
79
10
94
99
55
9
86
75
8
32
4
4
60
46
92
50
86
40
94
25
7
92
16
30
13
60
69
35
12
46
75
43
56
70
94
64
31
80
39
40
12
95
96
25
93
88
75
79
80
69
56
88
13
25
18
26
37
39
61
1
85
89
96
94
59
90
10
90
70
1
82
35
96
78
60
89
18
87
21
99
8
29
39
22
54
9
0
44
48
14
45
86
3
42
32
14
84
42
4
55
43
39
42
91
69
54
80
88
41
53
39
49
83
78
23
89
87
24
33
87
90
31
73
93
25
57
7
9
99
63
16
94
54
58
85
24
12
18
64
5
23
3
55
6
33
30
48
72
54
81
59
96
64
85
89
89
42
48
51
94
12
67
40
18
26
78
42
90
96
58
96
71
13
51
78
46
33
78
70
40
59
30
36
76
67
26
65
61
74
68
55
38
36
48
57
14
26
51
4
22
10
0
45
75
3
75
74
37
53
44
77
65
26
13
41
93
39
58
55
66
27
62
56
63
10
65
77
88
17
81
62
79
82
8
54
37
83
28
74
37
25
51
2
51
65
95
97
56
53
4
22
80
66
31
95
29
96
24
17
13
6
80
44
40
40
99
77
23
79
4
60
4
55
14
56
20
9
53
29
63
57
51
95
75
82
91
56
79
15
26
44
73
58
89
65
98
40
95
21
19
99
34
76
54
48
32
27
10
37
56
73
46
59
20
73
94
11
82
25
79
8
21
4
18
10
70
16
2
17
89
22
16
75
98
22
24
82
1
34
71
9
59
69
21
79
94
67
43
76
92
74
36
65
78
54
28
0
22
30
17
64
4
85
39
54
60
15
36
61
1
59
23
12
80
44
44
75
11
87
51
55
13
40
72
43
46
0
44
69
31
13
85
87
51
24
42
11
92
30
24
93
90
47
58
70
43
2
45
6
41
49
13
54
41
86
97
87
86
93
8
69
7
93
57
10
70
99
21
62
29
97
7
71
97
17
42
40
19
39
47
60
40
12
14
81
98
64
21
85
57
29
54
16
23
63
26
45
62
47
59
92
45
18
63
94
36
57
34
55
49
33
68
89
46
34
23
44
98
44
81
56
73
88
72
48
51
99
45
14
98
4
58
95
75
73
89
11
83
76
18
32
9
86
73
7
21
96
4
71
92
37
27
18
25
52
18
77
3
64
43
1
20
53
49
95
78
38
58
61
66
77
45
28
15
19
35
88
67
91
60
12
29
87
30
54
91
0
83
94
16
78
48
37
83
97
84
62
87
95
75
54
72
21
82
39
92
69
28
11
61
88
23
90
27
5
44
19
6
80
13
22
10
61
11
94
10
48
8
98
43
83
52
67
56
86
6
48
55
34
12
16
22
35
58
2
41
55
21
99
35
86
21
45
0
85
91
10
33
99
8
76
83
12
43
39
50
49
40
6
36
52
