811
60
24
19
34
93
74
26
75
45
41
27
69
9
7
86
48
94
29
85
33
76
12
15
52
47
73
81
60
71
57
0
31
33
19
65
26
93
43
53
38
37
81
59
46
40
45
46
35
26
83
20
54
95
35
6
94
61
88
55
32
97
55
64
30
27
81
8
72
25
61
11
62
94
22
60
35
68
6
70
46
89
90
1
36
78
59
31
39
99
38
71
96
45
87
78
72
21
86
45
98
48
8
12
42
30
72
29
50
30
99
97
71
42
50
59
72
61
42
11
61
80
34
57
78
22
36
50
43
22
47
93
22
55
5
65
38
77
94
40
59
46
89
82
40
39
41
12
1
36
75
14
16
9
71
94
83
59
97
78
34
44
71
56
52
76
73
42
5
20
82
16
18
72
50
10
63
92
22
16
28
49
30
96
10
54
43
46
65
40
24
99
36
48
56
88
76
81
30
34
1
65
2
19
37
53
29
0
97
3
69
25
4
99
73
15
5
68
13
71
8
37
70
97
37
78
37
66
12
20
0
13
85
54
85
22
7
66
74
4
22
95
81
78
95
55
45
52
23
58
23
84
48
46
33
85
76
70
51
88
90
3
54
75
58
91
49
17
9
76
22
83
71
3
62
18
10
7
71
86
66
46
22
14
44
55
51
21
25
55
61
16
10
67
43
68
58
93
86
20
21
60
3
92
15
17
11
26
25
34
64
43
80
86
57
25
41
8
98
66
15
59
34
26
27
78
94
37
23
32
9
44
44
65
36
60
82
99
86
7
85
50
2
18
88
59
95
29
20
93
47
35
4
82
61
83
12
8
73
35
92
82
79
37
47
67
49
30
19
87
89
4
89
92
22
77
3
17
6
23
62
53
11
67
87
72
50
99
32
23
34
25
58
65
14
5
85
63
87
4
50
77
60
39
21
35
68
24
52
74
0
67
79
11
34
67
35
36
18
68
12
5
45
22
70
11
27
55
26
67
11
28
96
72
19
17
7
87
93
11
61
93
30
92
56
16
11
92
5
30
12
17
87
9
91
57
20
18
65
46
37
28
74
33
52
93
2
11
32
96
75
45
89
5
37
46
22
1
90
27
83
2
96
70
63
87
79
83
57
96
81
95
25
7
80
29
52
83
41
84
79
16
29
20
73
66
18
95
19
8
74
2
62
22
72
25
61
4
60
19
0
41
66
77
48
46
7
0
81
48
84
12
64
65
33
37
84
51
85
3
12
11
6
74
34
30
0
95
34
60
66
35
54
32
12
54
31
19
55
64
19
91
77
35
57
10
25
41
13
62
96
25
73
2
0
59
85
52
55
19
64
73
6
70
58
71
25
41
90
32
5
62
23
82
97
32
44
22
25
58
84
22
35
10
76
87
69
61
91
76
33
8
50
39
78
8
10
3
49
53
35
54
15
11
89
64
95
33
39
21
43
75
95
31
85
23
18
55
37
62
31
70
70
81
9
48
41
72
4
90
25
91
45
92
2
86
8
50
71
47
23
67
23
18
98
8
93
68
15
30
30
99
0
0
80
62
49
22
34
5
64
11
96
61
55
51
47
63
1
19
63
24
86
86
94
84
46
87
52
62
70
35
61
70
35
93
84
36
67
70
41
32
81
38
93
88
41
93
4
42
12
67
66
50
53
60
86
51
99
38
13
69
73
26
92
61
72
76
97
39
47
39
23
80
29
17
21
70
10
25
64
74
92
82
24
97
42
10
48
93
0
14
15
26
92
7
87
64
35
36
4
82
27
27
15
8
96
36
30
58
61
94
32
5
76
8
2
70
70
2
16
71
68
31
49
61
38
88
77
73
24
81
8
52
61
75
12
9
11
43
20
24
