754
36
10
86
49
39
20
69
21
8
56
82
45
90
14
17
67
61
57
31
69
39
62
95
31
74
4
45
53
66
29
88
54
92
75
55
31
47
24
52
55
33
87
52
23
53
21
42
66
79
26
35
70
88
82
1
14
86
98
67
4
28
8
10
20
35
66
3
82
42
8
90
75
95
94
50
0
16
45
67
47
71
54
17
11
89
19
26
75
17
45
80
97
5
90
17
40
8
73
75
51
81
17
26
28
11
29
28
79
74
47
26
97
54
44
8
43
15
86
70
84
84
50
82
89
93
51
82
1
24
9
52
5
26
31
33
89
12
14
21
86
61
47
83
15
91
43
10
6
30
81
91
66
83
25
55
76
76
89
30
53
98
34
58
76
17
44
18
29
58
39
67
19
86
50
87
30
46
49
36
28
30
79
94
66
4
49
94
33
91
24
86
89
59
96
18
76
40
36
6
50
27
73
22
65
76
61
95
74
10
84
2
93
63
96
59
20
97
53
5
88
30
91
30
89
87
0
17
80
88
75
30
15
1
4
80
29
65
76
3
76
60
57
21
75
53
80
47
2
85
52
43
15
43
25
56
83
25
74
15
13
1
97
80
2
2
60
83
67
88
86
43
0
43
64
28
48
96
75
3
34
80
46
1
23
23
58
58
48
84
73
13
85
71
45
40
25
57
23
92
46
62
88
98
57
52
78
58
1
54
61
35
86
59
36
61
82
46
20
82
30
45
95
68
68
40
60
93
97
35
86
95
49
74
46
7
78
24
65
31
30
26
18
16
85
55
78
19
53
50
1
36
95
96
56
16
88
16
9
37
3
47
85
53
73
31
12
4
55
77
35
38
55
54
54
92
61
84
11
14
34
12
2
30
60
58
98
0
74
7
89
30
7
74
83
80
5
95
84
13
24
20
3
31
26
57
23
87
42
86
53
28
98
56
10
10
14
8
62
41
16
51
71
23
26
6
55
83
1
40
48
77
12
51
8
38
61
31
25
55
69
30
83
19
38
94
29
53
2
43
46
70
94
17
45
72
23
1
56
76
41
56
53
5
8
13
43
69
96
20
24
65
50
59
84
89
53
65
94
8
8
40
78
54
9
76
27
84
77
35
60
70
91
65
75
99
30
70
20
26
90
96
91
92
56
27
33
9
92
79
69
52
19
48
6
80
76
33
64
5
68
76
75
60
93
2
11
23
72
84
1
14
80
92
6
36
71
92
98
15
71
67
67
43
67
74
23
43
59
40
48
80
16
75
92
10
77
55
85
1
39
87
67
20
31
26
56
3
18
54
18
89
22
38
32
41
64
56
85
23
96
85
55
64
61
47
26
90
3
12
44
42
51
11
62
82
37
71
37
55
77
8
97
51
46
29
93
62
37
78
37
85
15
93
50
76
40
28
19
95
92
63
38
43
74
52
26
64
75
15
19
53
23
68
4
69
98
97
83
87
27
21
73
43
14
75
71
6
55
90
2
48
53
92
91
80
96
69
44
72
85
15
25
8
84
81
30
34
31
13
21
58
34
46
53
48
73
25
55
29
15
9
77
21
1
20
1
97
90
97
69
75
12
46
83
48
80
65
82
11
79
56
69
65
2
75
14
28
0
21
57
67
30
86
88
83
6
41
80
48
38
2
23
51
0
59
99
80
24
34
91
55
90
13
21
44
88
87
72
40
60
81
7
90
19
48
25
78
89
57
26
28
59
2
79
