377
15
79
82
97
55
98
34
74
86
49
68
91
71
15
13
95
8
4
82
59
82
66
68
2
53
36
87
67
43
53
18
59
33
52
8
88
51
43
14
89
44
82
80
15
49
94
62
10
50
45
69
32
11
37
34
16
26
73
35
21
27
6
32
60
58
41
0
61
36
14
51
80
96
83
48
98
29
10
8
80
7
77
12
18
66
99
86
44
72
22
66
99
80
98
11
90
91
11
52
27
77
55
60
74
90
60
24
20
70
32
52
78
61
64
48
79
15
35
24
40
9
42
91
41
92
3
31
84
66
35
63
44
90
23
70
81
83
94
53
6
78
5
36
91
21
84
70
89
71
46
29
32
88
72
25
81
27
57
17
94
44
80
90
35
56
12
68
39
58
21
97
36
78
33
27
99
70
97
88
41
44
69
26
84
42
51
17
69
60
34
15
5
15
5
92
23
17
60
14
75
33
12
63
63
97
90
62
67
40
3
61
36
24
87
72
66
90
90
88
51
24
3
8
91
61
0
14
30
12
29
58
97
41
21
60
38
64
22
58
56
77
19
44
2
58
16
20
48
6
8
51
31
64
11
74
25
11
89
7
75
70
65
72
11
87
32
1
3
7
59
59
84
30
3
38
88
19
59
89
26
19
40
9
83
52
35
60
15
24
68
91
94
33
63
57
72
96
11
75
3
22
34
39
53
89
78
93
61
89
82
39
8
23
48
92
27
35
4
94
60
72
85
6
58
1
16
30
49
79
6
4
1
92
43
6
34
73
0
95
62
82
34
71
57
34
15
36
69
19
31
81
44
68
88
2
69
56
84
70
35
42
74
88
35
70
95
21
95
95
16
58
29
50
81
39
36
48
