441
6
99
1
79
5
80
23
21
45
95
98
55
70
97
91
23
55
6
18
40
35
71
67
51
60
9
60
57
54
37
32
61
88
33
92
94
65
15
67
62
62
65
70
33
14
61
56
21
67
26
61
54
98
80
57
10
89
17
67
96
6
99
9
46
85
1
92
50
68
60
65
30
77
35
63
44
96
19
65
15
46
79
69
96
11
26
6
53
95
25
49
1
24
10
47
61
63
40
12
31
52
77
13
81
12
77
77
60
48
95
75
46
74
44
94
37
22
0
90
17
25
91
70
2
1
69
63
64
61
27
47
65
56
61
47
20
90
76
80
38
71
55
37
97
51
31
35
73
84
77
90
61
69
12
63
70
82
79
87
43
6
34
9
63
95
8
35
37
84
16
28
8
23
65
5
75
96
92
0
80
70
43
94
39
55
57
61
37
88
48
81
95
83
42
10
30
50
45
20
86
13
48
94
37
13
52
64
61
96
64
94
18
7
88
9
15
45
71
52
34
19
85
81
54
27
43
37
29
40
57
16
54
5
62
91
70
66
55
31
63
71
25
81
31
13
91
46
11
14
50
97
33
88
30
40
67
73
29
97
13
86
65
67
43
79
10
13
46
17
96
9
89
22
42
72
87
85
70
98
99
72
47
85
60
77
25
28
2
54
77
16
92
94
35
87
73
98
52
71
15
48
80
56
22
75
80
62
60
50
60
60
23
60
45
35
37
22
15
92
28
44
8
72
90
95
59
64
45
63
35
61
63
68
69
86
95
2
48
55
52
60
67
27
72
64
15
62
38
30
54
66
27
14
38
17
9
49
33
55
12
21
68
28
41
89
66
36
91
66
43
96
78
63
75
51
27
90
13
66
73
67
84
52
81
23
69
42
24
3
49
89
24
17
17
65
59
83
53
2
49
96
50
27
59
26
78
39
68
43
57
93
10
41
45
43
64
15
86
41
70
35
30
46
5
47
63
16
30
16
18
31
64
69
10
76
47
89
67
67
84
24
