260
45
17
7
33
34
73
79
54
76
28
93
11
50
10
38
86
84
62
80
72
99
17
54
42
22
24
20
66
47
90
29
92
59
36
77
93
61
8
0
89
37
45
53
39
7
43
25
91
5
5
16
5
75
70
99
49
94
19
67
93
61
96
38
72
84
15
17
98
24
17
87
13
62
40
52
70
84
29
13
41
87
29
98
62
99
97
11
45
68
78
39
81
26
77
53
10
92
23
8
68
40
96
81
55
88
33
77
24
15
90
18
2
20
16
64
71
14
75
17
34
5
56
16
31
85
21
41
77
44
2
46
37
50
79
44
38
65
21
15
80
63
33
82
83
49
46
7
15
73
24
50
30
32
18
61
17
39
54
46
84
8
44
21
58
24
65
49
89
38
64
69
1
49
3
37
98
1
44
66
26
20
68
56
52
86
69
21
25
75
67
9
84
64
82
42
88
99
43
29
89
7
98
91
8
53
80
59
54
76
25
80
96
93
88
0
79
57
73
56
32
40
18
16
4
0
11
44
52
54
73
41
14
23
84
22
76
64
81
82
40
6
62
88
51
50
88
82
59
61
39
92
54
57
60
10
9
71
55
61
26
