782
96
43
47
82
84
62
50
85
16
27
31
40
14
48
88
3
17
10
59
27
46
32
22
49
95
78
30
84
36
94
24
84
38
23
67
74
86
69
59
54
96
43
46
62
43
34
66
12
96
25
40
43
9
62
44
4
92
74
40
80
68
16
65
58
40
84
32
78
53
44
32
1
87
78
64
82
64
30
94
13
7
34
56
16
48
52
72
93
26
13
25
46
81
90
5
73
26
89
51
79
33
83
33
20
13
97
2
30
79
49
43
38
35
51
54
84
3
78
29
81
43
54
27
25
97
84
98
23
74
50
55
7
85
88
80
51
85
34
81
16
83
24
54
19
75
60
55
78
38
36
59
82
42
38
7
39
23
57
15
49
7
70
8
45
58
88
96
95
75
77
11
58
53
17
29
28
77
36
58
67
72
69
49
15
7
8
6
82
66
21
83
25
91
92
22
1
32
18
96
7
47
59
66
0
76
47
80
53
84
38
73
8
59
22
23
67
83
82
1
1
3
85
78
47
29
1
48
61
71
45
69
19
4
87
71
33
34
4
38
70
94
11
79
54
86
54
73
69
36
26
22
92
11
0
39
40
1
87
2
25
84
23
96
89
10
19
74
96
23
12
67
18
24
98
24
62
52
97
31
41
23
53
33
87
53
24
79
7
11
33
84
96
56
80
37
66
99
11
15
23
75
82
93
51
80
17
13
84
14
44
77
89
49
62
76
55
86
56
14
98
41
98
46
98
78
35
16
29
98
31
52
73
65
45
25
45
14
38
82
28
35
59
70
36
22
46
91
60
54
57
10
96
55
56
46
85
43
62
15
41
94
19
15
11
17
92
9
31
82
91
12
69
2
82
6
76
80
49
37
35
7
47
83
14
56
29
52
99
43
67
41
89
38
8
1
55
0
10
87
34
1
99
4
55
33
10
32
13
59
21
0
18
68
83
33
76
64
37
76
8
4
69
97
94
29
98
50
81
8
89
15
61
88
19
17
73
81
49
86
93
70
39
11
90
22
96
19
39
33
95
47
89
16
44
84
97
43
86
78
3
75
45
65
15
65
82
88
98
83
26
91
5
65
55
47
40
51
66
79
37
13
26
78
29
70
62
78
65
48
56
69
75
2
86
90
19
20
78
17
3
5
61
60
22
16
7
62
19
74
41
8
39
67
87
21
90
1
99
7
2
56
28
77
10
14
68
81
34
98
50
89
3
11
1
26
79
9
40
51
35
82
59
26
1
46
47
43
0
47
51
2
55
79
31
17
46
51
98
32
50
0
74
53
12
75
31
43
36
24
94
23
6
54
50
59
52
97
3
4
96
6
6
51
37
90
20
83
41
18
68
91
19
42
97
83
17
80
78
6
4
73
29
62
79
31
22
83
29
77
88
25
83
46
29
20
36
49
56
30
20
24
21
91
18
70
26
87
51
4
93
7
29
75
22
60
6
44
44
35
21
84
13
56
30
94
76
19
95
84
49
67
8
22
58
26
93
36
14
96
93
59
55
22
34
77
35
41
73
31
28
46
15
93
2
45
39
31
16
35
15
65
2
76
40
13
54
85
49
20
33
42
80
88
17
66
18
52
7
91
83
88
38
98
33
92
95
73
23
12
8
91
29
62
67
69
75
21
54
25
42
87
67
74
28
84
40
46
36
0
37
71
40
27
21
73
20
17
46
43
81
6
34
10
69
53
32
44
27
38
69
21
78
89
95
58
73
87
4
62
87
93
85
27
21
7
53
93
24
99
88
57
6
23
67
75
28
51
19
55
42
41
76
