818
80
37
45
27
72
42
48
72
62
61
97
91
99
64
99
38
14
81
34
83
89
89
72
16
80
82
34
72
6
50
2
38
39
99
65
11
41
13
35
56
74
33
47
26
49
98
16
64
79
50
99
21
40
23
89
72
5
23
96
11
26
98
49
65
49
14
29
90
80
64
98
6
97
98
32
47
96
1
63
28
51
14
49
43
37
90
15
42
14
11
5
40
61
6
57
62
72
38
5
52
3
3
59
52
1
43
99
50
44
14
30
48
28
31
43
65
21
59
59
35
22
64
27
36
70
85
98
43
23
3
47
78
59
6
31
12
2
82
14
98
49
44
46
77
75
90
95
97
1
54
84
75
19
64
63
41
1
14
36
76
69
84
55
28
42
38
41
96
72
7
95
21
52
93
51
27
35
98
76
88
52
61
64
23
77
79
65
78
93
53
54
63
37
61
91
32
99
84
28
24
92
23
97
44
69
48
23
4
98
0
93
51
13
9
74
42
88
91
20
82
45
74
45
34
36
88
66
87
25
47
11
17
22
9
13
91
9
88
96
8
40
41
11
5
2
37
47
90
29
67
24
26
94
21
12
30
62
31
69
87
78
81
56
52
42
21
44
51
9
92
11
50
85
22
55
87
60
55
29
41
22
54
19
68
27
83
50
89
14
20
76
44
1
32
97
95
53
93
98
15
85
10
17
70
84
24
57
44
79
38
37
54
92
8
22
72
92
73
61
58
93
90
55
46
74
52
41
80
97
39
95
82
1
12
4
86
88
61
82
68
51
20
22
44
28
96
68
72
69
81
31
14
71
86
12
46
90
53
78
87
45
25
21
46
89
25
84
77
38
67
45
89
39
19
85
19
68
53
92
89
35
75
4
6
61
68
4
3
22
34
90
19
59
11
17
48
36
2
78
74
69
75
63
8
47
1
79
15
54
71
4
89
46
60
48
59
29
4
62
3
39
52
74
50
15
91
51
3
45
29
29
14
56
45
74
3
46
54
18
0
77
75
42
24
87
90
83
16
46
46
71
37
50
45
88
18
89
39
21
34
20
3
1
76
48
27
80
94
81
50
46
11
25
88
35
65
30
70
33
77
68
5
14
71
2
54
89
91
93
62
26
65
65
27
42
65
6
74
59
88
24
58
51
2
98
38
67
29
8
0
58
29
57
24
0
60
79
41
3
24
3
81
42
21
60
84
86
67
10
98
7
86
56
58
88
54
96
7
35
56
60
45
85
69
70
37
81
1
78
85
25
34
66
67
55
27
3
93
94
13
43
53
0
51
11
40
6
7
0
93
15
12
39
1
33
61
38
15
62
69
0
39
3
18
7
10
97
62
3
43
28
47
96
80
98
7
72
56
66
24
2
82
36
93
35
70
54
25
37
16
94
89
55
49
7
14
59
57
29
15
52
57
14
49
89
64
8
61
73
27
86
75
61
74
20
96
96
74
73
33
42
68
22
49
69
82
64
29
91
45
96
43
54
10
92
43
74
53
4
99
80
42
26
41
69
46
89
65
20
62
51
14
82
73
64
52
7
80
33
98
25
29
42
79
91
86
22
17
39
78
17
19
21
43
12
90
42
1
7
14
16
58
29
50
84
93
2
91
73
87
90
98
68
84
77
59
70
51
29
10
29
98
81
2
93
46
92
35
99
0
50
15
10
79
66
94
24
20
86
97
60
28
47
28
64
76
40
34
27
69
96
56
19
30
11
12
76
3
48
75
55
50
43
18
81
9
12
5
81
50
2
41
78
1
70
42
77
62
29
4
83
77
12
2
7
23
14
35
79
14
63
86
64
6
4
45
67
69
2
48
19
56
90
50
57
12
92
34
74
73
90
57
51
55
59
10
78
25
