360
47
36
87
25
80
86
91
99
97
62
77
82
42
98
47
24
9
20
80
96
49
53
40
77
87
82
44
42
92
80
85
39
16
72
17
48
10
8
99
8
22
77
90
64
27
37
41
37
9
21
85
10
74
77
88
62
12
84
56
4
64
93
96
32
65
13
80
76
73
32
36
96
61
78
60
88
67
53
77
29
75
15
39
49
92
79
63
56
63
72
13
27
65
61
59
83
26
92
11
51
24
47
47
85
77
60
25
96
65
3
25
40
18
65
42
62
96
57
71
60
29
84
39
47
97
51
30
23
43
41
74
19
40
74
56
69
86
81
65
51
36
91
92
6
8
34
69
4
91
92
64
73
76
4
72
25
55
2
48
50
95
22
21
87
48
77
56
34
58
21
38
95
64
82
1
72
68
22
77
11
14
93
84
42
49
56
67
56
10
67
6
5
42
27
44
90
56
0
77
15
22
15
62
86
49
63
11
17
38
88
28
52
33
13
47
83
21
66
39
84
34
98
89
76
77
34
66
34
86
95
49
60
62
63
99
11
26
10
28
16
50
57
21
83
22
68
66
95
86
6
79
20
56
21
96
33
7
15
67
93
62
68
54
25
31
53
88
10
15
17
26
65
26
99
48
0
67
67
47
54
25
27
26
81
48
75
14
7
90
34
0
52
2
6
29
86
11
18
48
26
87
26
43
65
26
92
17
45
11
64
99
36
91
78
17
91
53
83
98
95
17
51
99
72
9
29
10
21
99
58
99
86
84
43
3
10
87
20
56
98
84
7
86
28
85
3
19
90
38
18
85
56
21
85
80
30
14
90
3
13
