196
31
20
82
61
56
69
36
8
21
25
73
9
18
13
98
81
30
13
26
15
71
62
46
46
21
69
30
3
88
85
0
19
6
83
80
14
4
69
22
25
94
47
35
65
61
85
46
43
98
25
10
70
87
56
68
8
26
98
64
14
36
16
85
94
99
17
8
55
38
82
81
33
29
68
50
90
53
48
85
4
73
96
26
61
52
46
21
30
96
85
44
32
54
81
26
53
51
34
61
89
68
94
74
98
14
24
40
19
73
26
23
46
74
1
59
26
47
33
9
44
70
53
28
24
87
55
30
38
41
91
27
10
85
2
60
99
78
0
18
51
78
94
50
52
95
61
31
95
94
40
91
65
45
19
41
84
26
71
22
68
62
2
30
99
4
90
98
82
90
69
86
21
15
88
25
62
49
56
57
44
48
0
61
46
72
2
30
98
26
5
18
88
7
48
88
63
