403
21
0
3
80
57
92
38
34
91
13
54
17
11
86
41
81
58
35
10
5
17
23
8
0
65
74
35
76
30
66
34
52
66
89
84
75
34
22
62
25
87
16
94
98
2
36
32
12
23
94
70
40
17
78
92
82
5
80
11
35
46
97
39
65
86
23
92
20
97
54
98
85
23
92
35
77
80
67
90
4
61
12
96
31
90
89
65
47
69
76
83
67
73
74
32
60
50
25
32
99
79
30
84
2
75
20
80
55
87
22
11
1
34
8
32
76
49
49
24
70
26
59
37
51
85
70
63
35
47
96
35
26
78
71
81
53
91
13
61
31
35
72
84
69
32
68
97
33
17
21
3
95
32
93
47
18
15
10
5
62
58
92
88
37
64
21
42
7
34
3
90
69
28
74
90
12
94
88
46
12
61
1
7
94
46
6
12
61
69
69
23
79
62
64
16
78
85
11
85
20
66
28
41
46
2
84
59
97
72
57
61
85
10
20
79
57
27
43
18
96
65
94
75
27
58
44
5
43
7
42
15
73
70
9
20
25
93
31
74
17
88
35
2
50
55
34
7
34
29
78
30
94
72
58
73
30
54
30
25
61
73
93
86
95
54
58
20
47
89
94
64
29
29
18
80
37
4
39
71
34
69
54
80
41
64
54
23
18
36
1
31
9
94
69
5
48
28
77
47
17
72
63
99
53
81
31
42
86
70
14
72
40
68
4
33
32
58
57
2
95
10
33
56
56
2
13
4
82
43
3
0
67
66
99
20
99
82
63
85
52
29
9
44
97
14
30
81
24
39
35
71
49
68
80
5
22
93
61
5
36
64
57
55
82
8
76
81
90
91
19
94
20
28
91
69
42
21
2
19
12
37
90
61
57
70
18
31
16
79
88
4
95
45
60
77
5
88
58
47
31
77
42
3
