824
41
14
27
20
92
52
91
75
75
21
53
41
8
58
55
86
92
59
41
82
9
90
83
46
82
74
15
27
1
16
15
94
82
95
14
74
47
5
49
74
78
54
16
39
12
71
77
4
83
71
39
44
61
74
91
44
49
58
23
2
74
90
97
8
85
11
83
33
69
84
7
99
39
75
38
51
99
16
8
82
39
99
26
0
73
69
96
22
28
19
25
54
10
74
63
47
85
98
32
6
82
92
6
21
67
96
25
66
12
85
0
51
36
79
4
9
48
0
84
28
72
61
35
34
35
50
81
72
48
14
79
82
6
37
56
73
33
33
92
98
70
92
1
6
71
5
67
72
58
51
0
30
64
87
64
99
37
45
24
37
11
55
20
17
92
76
43
25
9
35
23
31
27
77
37
51
82
56
23
40
60
75
22
24
63
86
76
52
84
0
90
47
55
10
65
99
38
60
24
99
47
0
30
26
77
19
77
11
75
52
4
35
80
26
12
95
65
88
47
1
40
37
0
95
99
17
94
89
77
70
88
24
22
70
51
51
89
80
63
65
33
19
52
65
97
64
60
14
52
7
67
92
97
68
39
48
85
85
38
63
8
78
39
30
49
42
82
90
23
97
7
8
16
60
73
13
76
85
28
81
92
95
25
41
63
65
42
49
2
80
64
10
10
55
41
11
98
75
2
73
72
9
81
88
69
6
53
46
91
33
79
35
29
4
77
44
21
19
45
24
51
61
86
13
17
79
25
15
54
27
88
26
36
21
66
58
27
20
56
70
53
35
5
34
39
34
31
61
5
28
37
8
90
23
22
59
3
47
26
57
26
14
36
14
87
54
72
66
26
80
36
32
15
93
66
7
28
49
20
85
78
57
94
20
32
68
79
35
67
5
45
93
71
33
7
10
87
32
76
14
12
64
46
80
57
64
39
37
14
11
23
44
20
69
16
52
37
47
40
56
4
37
49
27
70
8
37
57
40
13
71
5
77
69
37
86
34
28
24
0
39
99
96
59
68
12
63
57
11
3
65
15
40
14
42
10
74
31
20
67
44
43
24
73
13
61
59
99
89
83
99
80
34
95
39
54
59
2
63
70
58
28
37
98
42
31
61
69
62
33
36
58
76
60
31
89
73
42
88
62
26
39
42
12
86
33
67
97
87
30
19
45
59
56
96
53
39
9
22
1
42
58
11
18
70
94
60
43
37
0
57
15
92
51
27
78
84
94
76
24
25
95
69
36
4
17
89
43
26
12
97
20
22
8
91
93
55
3
88
92
55
46
7
47
97
86
26
34
81
54
58
58
1
79
94
5
49
83
1
27
47
98
48
22
58
91
67
13
94
55
57
49
53
16
49
3
3
27
37
36
81
47
94
34
78
40
40
27
23
41
55
23
91
55
45
1
46
12
67
92
19
24
93
73
93
42
28
96
69
65
84
2
64
78
37
94
70
29
22
45
70
29
68
13
84
65
14
82
29
33
26
49
58
19
74
3
14
2
99
35
19
35
38
35
65
27
29
35
56
3
80
78
32
49
91
68
66
57
50
96
91
28
97
1
48
23
4
14
25
55
49
96
90
39
31
55
66
12
90
22
16
22
52
48
71
95
17
90
53
19
86
96
48
35
49
48
58
53
14
83
60
63
31
2
55
14
9
21
26
51
96
42
73
0
91
97
96
60
87
49
79
25
97
79
60
46
79
18
51
93
53
63
9
84
65
64
98
26
37
24
77
33
67
50
34
10
99
82
70
86
31
1
11
80
33
23
26
12
41
29
6
94
92
67
78
9
31
76
35
68
53
12
54
72
14
40
82
66
22
4
4
5
57
16
85
90
39
63
3
33
44
61
27
36
80
6
97
11
34
32
31
39
96
37
