815
39
35
5
75
59
43
75
17
65
32
39
13
34
27
83
1
6
13
2
31
72
80
84
83
0
95
23
97
79
98
33
70
85
90
98
45
85
73
62
2
58
1
15
92
81
51
45
39
16
47
22
88
79
7
24
32
2
47
29
33
98
14
4
83
56
2
28
42
75
43
44
33
96
12
77
77
63
75
16
79
74
39
20
6
46
44
38
0
43
67
34
41
82
90
77
38
92
57
32
19
0
29
5
49
41
34
26
4
9
95
35
84
34
55
42
32
51
80
84
47
47
18
40
81
8
17
72
52
75
4
24
27
85
29
76
26
15
55
82
77
50
18
13
36
25
55
20
29
35
4
76
34
75
16
16
35
34
40
88
61
96
64
88
82
93
65
60
60
72
43
37
22
13
50
10
38
5
82
67
40
86
95
27
61
12
95
49
46
35
37
59
31
53
47
65
98
64
26
58
36
69
96
10
82
98
72
72
4
54
92
96
41
87
23
54
51
18
55
49
5
44
8
37
97
56
54
95
20
80
54
9
49
2
71
83
0
44
8
56
98
52
53
91
91
28
98
43
99
53
92
4
98
1
41
95
9
96
91
29
28
97
90
30
99
62
65
51
6
73
8
56
77
13
48
69
41
98
12
40
51
56
45
1
57
38
97
66
86
40
48
15
89
90
97
40
52
62
91
10
88
51
67
65
64
67
86
58
65
50
50
68
7
95
70
16
86
19
35
24
11
83
91
0
25
88
92
30
51
35
40
39
87
59
56
3
78
43
61
95
93
12
64
0
59
86
69
45
5
4
22
68
39
13
20
64
2
12
94
53
47
87
44
86
98
0
90
77
95
3
72
89
15
36
41
27
74
10
72
79
14
94
99
53
60
19
70
62
83
16
15
83
3
11
69
2
63
11
31
59
15
55
48
30
92
41
9
18
52
82
50
18
28
49
24
88
21
46
2
4
62
69
87
18
80
9
72
44
20
3
3
35
58
3
18
2
44
27
21
48
61
71
19
42
72
95
82
93
41
85
98
3
54
37
21
87
46
93
83
67
48
86
54
59
41
72
61
37
52
34
38
13
5
9
7
78
4
90
23
45
27
21
0
33
59
74
20
57
19
3
76
20
41
31
79
34
55
40
24
7
75
62
73
32
71
80
62
27
70
86
72
49
59
24
83
70
50
55
28
70
11
4
42
52
87
21
39
43
13
63
50
40
77
23
73
48
4
87
75
26
25
99
76
85
75
59
7
26
66
35
48
77
92
90
30
79
63
21
22
76
36
25
17
13
48
90
13
4
29
88
31
55
39
7
92
14
18
99
92
84
87
92
62
31
82
44
10
45
17
85
74
53
10
91
66
10
33
79
15
62
19
46
69
10
5
13
76
75
65
69
11
4
61
25
35
96
69
97
93
38
82
67
91
44
10
9
55
43
40
70
6
59
16
27
69
73
41
98
48
58
67
59
62
80
37
97
28
6
46
74
97
29
93
88
73
4
98
80
47
38
50
5
50
18
85
71
91
26
69
91
36
88
3
98
21
40
47
49
98
93
75
95
74
69
36
0
25
86
80
72
76
31
30
26
1
15
50
45
93
19
88
29
60
43
27
81
83
26
82
34
19
58
81
94
27
17
46
52
3
26
76
32
9
6
58
11
73
60
8
66
80
96
95
40
40
74
73
75
0
55
9
72
13
43
18
92
60
64
96
16
42
73
48
52
31
58
15
5
19
23
71
99
71
19
91
63
93
16
39
46
71
0
70
37
43
88
29
56
4
78
72
46
51
72
50
34
30
65
91
49
40
15
0
64
34
43
27
79
59
18
25
83
71
47
20
66
35
1
22
91
79
46
90
82
18
40
