465
52
43
0
81
24
71
32
89
74
9
72
71
95
29
85
53
11
55
88
48
20
43
53
2
47
38
8
91
73
73
63
77
68
15
59
45
86
91
34
12
0
59
83
48
88
21
1
99
28
89
47
48
85
52
2
84
42
63
75
67
88
90
45
57
6
56
54
92
47
88
57
99
47
40
99
87
13
53
86
93
42
85
94
79
89
96
15
31
11
90
99
0
33
96
9
39
52
63
83
51
3
40
2
3
33
2
90
46
55
29
92
49
66
86
81
56
34
96
39
98
39
38
98
72
86
59
11
38
22
94
89
77
35
44
32
20
46
23
18
1
4
10
2
70
48
83
78
83
80
18
81
19
8
31
91
95
90
54
85
64
0
27
93
87
71
26
7
17
1
26
70
5
36
24
27
37
8
6
20
40
76
53
59
84
84
2
31
26
56
69
42
56
96
35
44
67
61
3
36
62
29
58
19
18
82
47
55
90
5
27
30
33
80
41
69
16
95
1
94
3
70
36
12
18
71
8
37
85
11
73
99
41
83
19
11
65
18
18
8
75
45
90
8
77
84
77
45
79
30
39
83
52
75
95
70
98
3
59
83
66
84
35
59
67
6
70
85
76
88
93
51
85
35
11
62
19
40
7
51
23
98
34
75
73
81
98
24
36
57
59
2
42
94
62
9
0
84
94
28
25
39
79
10
27
42
25
98
83
84
49
58
83
35
33
8
16
31
32
4
41
44
59
83
38
73
44
91
57
91
19
82
82
51
45
9
45
70
8
80
6
57
38
89
93
72
50
61
55
34
18
96
78
77
31
69
50
76
12
7
67
31
42
1
34
39
11
80
61
71
60
67
28
99
9
73
23
59
87
78
93
5
27
24
82
58
93
84
34
5
91
53
88
85
55
23
24
18
55
37
89
15
5
17
66
14
43
89
25
30
20
70
87
47
94
21
5
87
5
92
44
48
45
33
86
52
8
10
70
63
48
59
30
5
29
49
19
72
90
96
54
10
66
93
57
61
14
15
0
19
7
45
19
4
30
5
57
90
68
79
5
68
39
87
73
68
