683
17
90
64
88
56
11
69
58
77
21
84
22
14
91
41
23
9
22
97
22
46
98
72
63
49
93
37
66
28
13
97
46
56
13
86
12
24
7
22
53
28
6
76
42
49
69
17
58
44
66
32
90
64
5
5
65
50
42
83
78
7
80
76
63
46
62
27
22
69
49
76
49
56
52
43
57
73
12
16
17
78
0
59
94
5
64
59
55
6
94
86
14
27
14
29
73
29
57
95
50
6
71
0
14
75
95
72
49
8
40
18
38
40
78
33
46
42
44
53
1
39
91
67
18
6
48
91
35
5
86
37
64
10
37
78
37
85
2
86
45
42
57
83
35
35
68
33
29
65
86
82
56
30
1
74
88
50
65
75
7
3
12
71
65
2
2
3
87
56
41
84
99
98
67
86
85
88
19
67
5
57
1
61
87
3
35
27
5
52
2
12
7
15
36
25
17
38
28
56
94
21
40
45
72
59
31
9
99
2
76
4
60
30
65
99
85
52
79
90
56
81
54
64
48
90
41
17
80
69
73
27
42
65
72
14
25
56
24
24
10
52
81
22
82
46
22
19
51
1
9
7
34
16
23
83
58
64
0
91
85
26
18
28
91
42
42
68
50
18
93
61
71
26
83
5
72
57
25
75
10
86
83
45
54
58
80
13
23
32
4
60
58
74
40
50
16
35
18
19
53
63
80
76
89
15
82
14
73
59
41
35
45
24
32
0
35
12
65
58
45
21
70
55
95
11
5
63
46
76
82
51
91
62
28
33
30
62
99
55
21
40
90
66
17
23
18
52
87
83
62
84
4
32
40
51
95
97
15
41
73
97
45
17
12
73
2
42
35
1
97
56
93
87
74
10
62
93
62
2
28
24
86
85
9
26
36
4
24
51
98
49
49
43
66
61
16
68
3
3
21
52
59
15
91
33
25
6
78
88
8
7
64
94
92
73
21
28
30
45
32
28
94
81
71
61
94
39
81
49
42
3
53
53
70
44
38
95
50
17
35
58
76
0
53
20
25
74
0
55
71
32
83
65
65
6
78
59
97
12
60
39
67
13
92
37
58
31
32
60
0
68
71
76
20
24
96
97
50
96
53
73
81
88
38
46
95
69
58
92
33
70
84
0
84
28
37
94
11
21
6
11
41
77
39
61
53
87
59
3
36
64
76
17
52
67
15
99
88
73
44
21
96
28
21
80
8
10
26
20
31
32
83
73
62
23
86
15
10
97
19
46
61
47
15
14
66
31
65
6
56
9
27
52
89
0
84
98
10
10
18
94
95
1
67
57
76
53
24
87
3
43
85
64
43
1
30
61
84
96
68
40
5
47
45
47
48
29
45
10
92
15
4
87
68
71
96
45
77
20
84
80
16
21
96
11
74
27
24
58
75
92
51
80
40
96
79
40
25
24
50
17
91
55
56
60
78
4
5
7
77
41
87
45
62
36
8
37
63
32
47
38
25
98
70
17
94
50
57
20
26
59
89
18
14
98
78
45
2
35
52
31
28
92
76
90
28
84
79
43
17
27
81
94
25
3
63
72
5
72
92
84
31
33
