335
81
89
97
85
99
18
21
84
96
90
71
99
39
98
74
53
15
2
17
73
34
52
25
22
34
95
40
18
52
34
70
33
75
67
70
74
38
92
10
86
34
81
86
73
32
12
27
99
14
96
24
1
0
1
23
35
96
15
5
48
1
75
33
76
42
56
2
32
48
64
19
82
45
57
8
29
69
87
80
36
83
4
89
84
5
64
71
53
79
76
1
80
3
87
8
97
43
62
30
43
26
49
77
23
6
85
53
27
72
33
15
8
90
4
92
95
68
63
49
99
91
2
31
94
89
91
91
84
53
21
27
79
22
57
3
80
42
8
8
67
93
23
75
83
80
67
79
48
82
80
0
25
82
31
19
24
75
62
60
28
36
88
60
58
45
63
39
39
23
99
6
16
74
81
52
54
0
31
55
34
63
55
59
45
38
30
21
13
93
82
42
81
22
54
39
67
69
30
58
92
29
17
60
4
98
12
58
51
95
65
37
58
20
97
4
11
79
77
24
24
59
18
5
81
72
97
0
41
27
59
85
9
28
46
65
26
58
75
29
6
41
67
64
61
16
20
24
95
98
49
72
57
67
77
91
92
74
91
33
54
2
19
63
30
17
80
9
27
55
90
33
96
57
98
10
25
18
34
73
68
83
45
78
3
74
69
95
1
12
80
7
15
51
70
97
20
2
58
48
57
49
33
54
58
83
16
84
2
50
9
22
86
54
0
41
80
69
88
81
82
20
88
49
72
10
98
44
12
57
92
22
58
78
76
68
