359
87
52
42
65
29
61
43
57
58
91
72
1
99
94
92
11
60
44
89
6
29
15
2
23
64
70
54
28
4
49
5
44
53
99
9
34
61
4
91
19
95
15
72
94
9
64
57
21
9
99
80
90
14
82
13
31
4
19
59
61
20
16
5
26
16
14
60
77
70
52
48
66
19
20
12
29
37
70
2
98
21
82
88
87
17
1
18
21
72
29
82
93
46
87
19
14
53
31
91
24
83
91
42
3
63
54
84
0
24
38
98
97
73
38
85
90
91
55
63
64
37
46
9
83
85
80
49
39
11
40
15
47
83
57
50
46
11
86
99
88
24
49
85
49
88
70
39
79
78
3
95
15
1
4
50
86
36
99
77
48
91
92
95
74
49
97
72
13
83
23
1
59
25
38
9
65
61
0
96
39
55
92
54
56
48
56
95
85
55
72
33
46
65
80
72
66
77
96
79
60
72
80
19
97
19
80
62
32
81
58
71
36
2
77
45
51
33
40
36
88
12
21
86
29
1
10
96
78
6
75
90
30
8
9
27
79
90
41
11
23
52
34
11
6
11
56
57
44
96
45
84
61
66
22
90
19
32
38
97
90
14
87
21
74
49
0
53
91
94
16
66
46
50
77
52
61
34
62
57
82
7
93
95
26
15
38
45
99
76
95
89
42
34
62
16
35
63
21
78
57
37
44
55
87
22
59
0
8
21
9
42
81
2
38
7
69
76
4
68
4
99
58
47
34
20
15
21
35
37
0
44
26
44
99
66
18
59
18
26
32
28
21
13
82
59
72
4
87
77
72
43
28
82
90
14
55
58
36
90
