356
75
64
72
56
91
25
37
63
6
40
23
17
87
17
17
53
86
32
7
49
57
19
93
92
94
72
16
93
79
7
60
6
71
32
63
14
9
0
77
15
92
0
84
80
69
1
85
55
85
92
56
42
11
49
86
58
74
2
3
5
61
63
11
84
47
26
98
56
78
28
23
23
80
8
3
50
61
40
57
47
84
14
41
47
15
28
57
41
82
61
46
96
24
10
80
24
88
31
80
67
59
56
90
39
16
45
41
77
37
51
76
21
65
18
20
32
98
78
74
32
39
72
28
15
82
61
39
71
92
72
38
3
80
80
42
96
77
36
73
66
87
50
87
4
20
59
36
70
37
62
2
28
35
83
44
17
96
35
88
88
59
78
91
39
10
85
35
39
21
61
5
60
63
44
64
83
4
1
53
41
15
7
70
50
42
66
20
38
53
60
78
13
91
21
4
53
7
40
93
80
53
50
41
16
95
5
99
51
58
4
44
26
63
66
76
6
32
48
96
38
9
75
51
52
96
55
5
55
47
50
88
0
1
81
16
48
38
67
99
49
23
43
75
39
10
3
97
94
52
93
32
13
20
35
65
17
43
22
24
90
73
64
43
74
45
11
74
36
31
73
85
6
68
60
45
30
63
42
77
67
88
61
32
8
97
49
77
40
72
54
82
97
18
25
23
16
89
97
52
20
22
37
26
90
49
24
73
64
18
2
32
6
63
16
67
60
66
96
52
90
50
87
87
69
64
10
37
53
7
89
25
29
78
52
71
27
76
96
91
46
98
75
53
62
92
72
74
10
68
79
0
19
66
87
40
82
