791
7
97
44
62
29
99
29
62
63
13
76
4
71
23
15
29
97
46
73
19
41
20
38
24
68
27
14
41
72
22
19
79
20
63
42
1
15
23
63
78
36
92
34
60
67
50
89
64
48
15
36
89
87
26
66
55
54
80
48
78
54
68
58
26
83
52
28
98
75
43
77
64
35
63
24
55
13
13
19
14
80
55
3
68
34
21
23
40
53
24
18
8
92
76
86
75
80
66
26
56
10
55
72
97
18
96
52
32
61
24
46
42
31
1
10
65
75
85
5
28
61
24
88
53
52
75
81
33
41
7
41
3
14
13
1
32
61
5
16
22
81
14
16
13
16
78
78
43
16
36
71
77
12
12
83
64
87
16
49
80
75
90
36
89
55
89
21
16
94
38
91
76
4
59
41
72
90
71
15
6
7
87
35
19
51
70
36
38
86
37
70
61
80
6
50
35
95
24
4
42
14
47
70
18
58
11
91
48
82
6
54
42
45
42
61
96
12
49
86
99
87
9
12
67
15
63
54
63
39
58
57
53
57
27
71
16
90
14
64
24
73
71
66
70
65
80
19
77
29
5
28
68
14
41
35
82
56
42
97
95
52
54
0
10
33
23
26
75
38
42
99
11
65
18
81
30
98
52
60
79
58
88
0
24
81
87
58
89
29
7
36
82
13
36
44
98
60
22
73
50
64
25
61
82
43
94
12
93
47
24
24
57
65
24
33
46
12
44
36
41
51
72
75
65
61
19
63
21
41
89
71
58
14
84
40
9
30
4
2
29
29
26
38
94
51
24
92
15
68
28
8
19
53
84
36
14
3
52
87
97
41
10
55
7
46
47
16
28
51
18
10
32
96
0
78
47
24
71
62
92
51
71
64
56
7
52
22
62
4
9
59
97
71
66
4
17
65
72
98
69
90
8
1
39
8
32
86
85
55
1
77
58
24
93
15
83
46
37
45
2
99
57
0
70
75
56
40
41
29
38
10
71
98
63
10
58
95
49
43
2
2
73
61
78
66
28
61
64
65
6
67
16
15
67
39
91
75
79
32
4
69
94
28
19
57
90
77
5
39
73
7
93
46
20
71
64
48
32
29
14
91
96
82
58
63
21
49
38
52
33
95
21
27
23
92
37
13
22
94
5
95
1
98
93
74
22
57
22
6
86
88
97
82
71
56
97
44
57
88
97
43
35
70
22
10
63
59
75
85
53
80
32
7
31
25
81
53
82
3
59
21
44
9
3
15
17
53
59
26
93
8
69
28
79
92
38
42
3
13
79
9
46
11
16
29
88
49
82
22
4
93
43
48
54
99
15
23
52
27
50
45
35
19
25
14
63
15
8
67
80
39
76
26
2
44
55
90
45
89
13
49
35
56
50
41
7
65
65
59
92
15
56
80
86
33
46
50
48
55
69
29
46
97
7
49
41
15
91
86
56
56
87
91
65
37
85
72
3
50
32
47
65
40
79
3
74
26
53
74
33
74
3
79
71
11
80
64
78
72
2
34
80
42
78
45
79
63
18
34
13
2
34
30
94
13
33
68
91
39
95
24
65
98
56
37
61
36
53
39
60
8
74
41
50
52
38
29
67
56
16
80
10
50
62
5
15
47
25
7
86
20
83
52
71
39
41
32
28
46
24
88
54
98
81
4
2
20
86
69
28
54
1
39
4
15
96
71
62
21
78
1
94
62
53
65
53
46
49
81
92
73
22
99
23
55
55
25
27
93
46
56
47
99
47
51
66
43
75
29
16
53
30
10
67
35
27
73
33
77
54
77
50
28
76
74
84
84
51
11
77
50
