184
68
17
31
54
12
27
76
53
12
85
98
73
79
21
1
6
76
55
57
55
94
4
70
47
35
3
28
13
61
16
67
81
85
98
87
49
77
63
2
41
1
52
66
32
26
67
38
2
75
47
9
69
51
31
17
38
34
45
4
48
13
71
81
51
21
69
0
50
84
55
91
85
59
58
17
85
77
8
39
52
7
48
22
59
80
91
49
66
36
53
66
1
76
48
4
97
69
5
47
5
12
91
43
71
49
60
9
78
20
48
31
28
49
5
39
29
96
88
47
84
42
14
37
18
14
42
68
35
47
67
40
59
58
83
82
59
96
43
38
16
92
21
96
41
26
35
22
74
24
69
58
18
35
95
36
49
37
56
84
36
24
77
47
82
60
82
94
8
25
32
25
69
5
73
62
31
9
84
57
85
6
15
3
93
