864
76
82
24
6
15
64
66
75
25
7
31
62
30
5
73
71
84
1
86
51
14
76
87
80
86
90
36
57
8
36
34
36
70
58
42
85
74
8
12
52
16
43
14
98
0
87
21
85
41
7
36
55
35
75
88
21
66
24
78
26
13
65
63
35
75
5
73
2
66
85
54
82
29
68
32
81
7
53
66
0
13
55
8
48
82
96
22
0
72
0
27
37
17
90
73
93
47
46
95
13
83
49
47
64
69
79
46
28
33
64
29
98
19
37
46
54
85
68
54
57
21
33
47
90
23
72
83
71
70
30
36
53
31
84
18
0
15
64
81
0
28
10
98
0
99
97
6
84
17
60
93
90
94
40
81
69
64
64
92
34
47
29
88
78
65
58
31
80
22
12
81
2
22
31
54
21
28
60
57
46
73
50
88
19
43
69
40
7
86
33
42
33
14
82
11
31
40
94
11
14
6
44
68
80
28
23
53
56
35
10
54
8
13
43
79
56
64
20
15
50
53
9
83
19
91
47
50
83
41
13
97
0
10
18
80
38
93
86
46
28
96
53
89
61
48
68
17
12
88
85
63
93
94
98
12
86
45
14
21
39
80
71
39
42
89
71
80
82
57
78
62
6
31
51
67
79
20
37
44
60
22
59
54
16
57
18
54
55
85
76
94
65
99
85
7
88
56
39
22
14
69
84
20
1
88
39
32
8
76
28
20
98
87
74
15
45
45
21
52
30
49
46
47
48
83
6
36
39
97
10
5
66
95
77
67
83
17
52
43
93
80
15
44
68
90
59
65
87
32
17
17
82
15
16
30
98
22
19
89
71
29
47
37
24
76
57
59
93
9
54
39
41
70
83
9
12
94
26
99
26
43
68
8
10
36
91
8
58
10
50
29
39
97
18
16
73
75
27
19
84
82
10
78
4
45
87
16
39
66
67
17
61
87
78
72
23
69
80
33
31
30
62
70
79
32
38
53
8
66
24
44
0
34
22
4
79
62
72
70
28
39
87
89
26
17
61
49
86
94
82
17
76
96
40
56
28
78
61
88
96
37
33
96
71
55
0
2
69
72
72
97
63
11
39
41
81
52
42
19
46
24
89
75
72
29
31
53
59
44
41
56
81
26
52
4
34
5
6
3
29
30
53
45
93
92
86
74
44
29
94
43
5
83
18
30
64
1
83
75
97
76
31
78
3
36
82
89
93
40
92
22
22
45
67
15
89
6
42
34
35
88
29
92
23
99
22
87
0
5
62
97
34
46
27
89
82
61
78
27
53
70
49
75
68
69
42
57
75
84
43
62
72
72
54
95
71
77
34
23
34
49
72
68
95
99
57
29
12
87
56
65
10
5
40
78
26
83
87
53
19
31
67
44
55
22
91
27
51
26
2
37
75
75
58
22
26
67
51
39
55
7
4
65
64
97
95
91
32
82
96
51
13
64
95
69
38
87
48
89
65
2
78
92
77
36
14
56
56
65
47
11
72
3
28
88
0
23
79
32
5
76
36
71
92
31
92
30
70
92
71
35
94
49
79
24
38
93
80
94
58
27
5
82
30
85
71
83
8
2
67
65
30
3
36
22
87
28
52
57
20
23
45
15
25
24
39
63
18
71
9
28
50
66
11
32
51
34
15
59
36
35
24
67
38
13
41
77
41
94
35
14
69
32
81
46
8
72
61
78
43
70
7
45
36
70
77
87
4
45
98
92
80
23
11
70
36
53
48
29
99
35
43
68
19
24
67
27
96
28
6
91
99
65
36
87
87
14
75
43
11
73
35
91
48
47
13
36
52
61
66
51
96
61
71
15
38
38
95
34
67
53
78
18
18
14
5
5
80
32
0
91
58
35
34
6
34
48
95
86
9
61
89
58
74
61
25
12
99
72
99
18
25
77
36
43
43
94
0
76
26
0
67
84
88
54
43
74
2
38
61
63
51
50
21
77
63
99
90
63
71
41
33
97
70
