901
13
97
15
32
48
7
93
5
92
25
82
76
14
46
93
94
10
12
21
8
49
27
70
98
32
21
2
12
10
84
88
75
33
55
59
81
63
5
39
7
30
21
84
96
67
77
91
77
41
64
86
42
44
56
40
28
77
42
41
40
78
81
67
64
37
27
97
52
84
36
11
14
57
95
63
25
25
54
2
18
70
40
61
14
96
53
43
26
48
36
18
78
17
85
42
6
64
40
10
48
76
22
15
34
17
78
11
94
84
13
65
54
6
26
21
2
79
64
80
79
52
98
58
69
84
0
28
48
92
38
49
21
60
64
7
30
42
18
76
26
83
41
32
89
67
53
44
99
17
24
78
21
23
88
43
59
41
71
7
85
61
56
6
22
72
13
4
14
83
80
92
67
22
25
56
41
78
0
92
48
77
23
69
0
11
12
59
4
35
18
90
97
27
96
71
99
62
27
14
45
7
58
12
81
35
21
75
14
73
67
14
50
90
35
50
54
0
61
58
35
32
48
84
59
97
7
58
59
34
24
4
94
83
69
75
18
42
50
84
15
70
50
66
60
86
68
66
38
82
25
73
14
25
10
73
22
17
83
33
52
8
90
46
43
11
73
13
53
76
50
20
46
0
86
58
38
7
25
76
41
2
2
55
79
64
80
54
81
63
87
85
23
29
83
18
40
57
84
93
85
34
14
31
86
52
41
77
11
18
5
52
20
59
59
52
23
39
6
57
55
45
42
30
75
26
49
15
35
85
61
20
71
27
3
9
31
44
86
43
15
44
47
87
3
7
39
27
46
97
84
53
43
78
84
18
56
85
85
91
22
98
63
93
25
18
2
57
15
41
52
30
85
99
17
88
6
9
67
5
6
3
58
49
34
94
19
90
31
5
34
53
55
49
46
81
68
49
90
35
42
42
17
27
41
34
67
0
43
87
5
2
42
15
51
76
10
71
67
41
28
1
47
83
50
93
16
70
94
58
57
36
0
74
15
94
9
83
94
4
22
99
6
64
14
10
41
76
33
8
70
61
61
17
96
63
62
65
86
9
23
43
97
76
18
13
70
79
48
64
83
70
15
42
86
81
52
27
58
37
87
80
98
0
49
46
64
11
63
2
20
87
45
70
63
15
83
85
94
83
1
30
5
16
72
91
49
76
19
59
13
58
39
63
59
88
61
75
52
25
77
24
64
74
94
79
90
29
64
36
12
65
66
17
33
90
61
82
18
32
42
83
90
33
46
49
74
60
76
26
37
53
50
1
80
97
80
70
26
96
6
91
13
25
60
46
15
21
80
34
53
74
17
44
8
16
45
82
76
22
60
65
27
10
66
7
59
98
29
86
46
36
77
59
61
37
57
28
11
37
62
64
64
32
60
72
48
6
6
76
80
66
93
7
28
59
15
88
9
44
26
7
32
55
66
45
44
75
74
55
12
88
72
28
72
32
52
72
90
58
0
70
76
93
78
57
4
45
97
13
41
75
72
26
30
38
71
74
13
97
82
78
38
54
6
10
38
11
83
29
21
35
99
98
29
29
7
33
26
56
99
68
31
71
94
13
62
17
87
75
67
21
5
5
75
64
67
14
75
2
95
96
38
94
46
67
76
5
52
2
61
3
70
44
75
16
57
37
86
97
64
53
70
22
58
46
38
77
12
65
80
7
61
70
53
60
89
81
17
41
84
31
97
6
75
72
75
85
61
61
34
77
14
4
51
24
2
89
1
14
54
33
73
68
3
79
80
44
60
97
38
44
28
35
3
56
59
78
93
20
39
27
49
53
83
53
77
86
42
30
52
49
64
26
17
19
57
49
64
17
46
2
14
27
89
17
35
48
47
80
20
38
7
21
91
90
74
20
28
17
2
81
18
66
59
87
38
16
36
54
85
34
8
99
13
97
68
0
45
67
80
17
5
87
38
48
30
13
68
58
82
71
91
52
89
50
39
79
18
75
33
4
61
41
55
27
90
24
27
87
43
8
4
49
47
95
97
77
8
18
88
42
89
79
94
30
82
33
62
0
60
95
4
73
89
60
0
79
36
28
67
79
