327
67
9
15
66
30
24
10
63
39
42
87
66
68
54
84
8
73
16
11
74
83
44
6
73
42
22
51
32
98
97
14
17
58
29
35
89
5
97
4
44
92
91
62
60
45
98
20
70
66
31
97
49
76
3
23
70
26
26
2
76
75
68
46
33
49
81
22
54
31
27
50
23
70
12
35
16
10
55
38
76
39
35
78
15
91
53
37
69
31
39
97
6
59
43
91
8
77
14
14
8
93
64
83
63
28
18
31
90
73
22
66
12
9
96
79
0
1
16
69
84
7
67
90
66
62
34
26
39
0
40
99
93
56
82
8
84
0
92
74
26
14
93
38
23
41
70
76
43
38
45
27
46
64
70
64
27
56
91
18
56
83
70
49
40
4
9
76
5
1
3
83
67
96
73
43
89
43
19
84
82
64
12
80
81
34
44
60
90
87
78
46
71
0
47
63
5
8
91
62
62
94
45
29
42
18
72
32
62
91
16
96
8
80
76
41
66
20
1
8
60
31
6
31
32
5
46
37
14
37
99
76
84
96
57
26
14
30
10
28
73
79
24
33
59
0
74
78
73
75
86
85
59
93
16
91
98
14
80
64
3
31
92
39
27
50
18
93
32
28
22
57
7
46
91
19
99
65
97
24
93
35
9
4
80
77
95
79
43
27
95
98
10
88
38
89
38
56
82
22
84
56
79
44
3
70
15
54
88
64
30
33
99
91
37
80
20
84
11
63
63
6
61
73
46
99
14
36
