631
8
42
5
26
9
24
22
61
20
62
19
16
73
26
81
1
98
2
10
22
81
30
81
54
52
29
26
60
60
42
8
68
85
65
46
46
90
21
59
62
83
78
30
9
4
12
10
55
14
72
29
47
2
10
54
6
91
80
18
51
74
27
72
11
92
70
58
34
91
69
96
27
0
27
36
4
91
98
11
57
22
40
56
76
2
10
82
94
42
1
97
17
80
21
28
24
92
38
59
35
8
7
62
8
86
50
64
77
48
76
34
70
68
91
46
71
53
81
17
96
34
14
13
14
36
41
38
80
32
49
15
40
57
30
0
95
80
64
73
81
92
59
3
61
2
2
84
56
83
1
4
17
67
17
83
55
10
73
87
42
23
3
34
32
85
34
27
65
51
52
98
43
64
2
56
66
4
40
74
39
93
78
56
13
95
39
20
58
12
8
52
87
11
87
19
96
73
99
13
24
3
64
68
67
66
76
34
70
17
8
61
62
39
17
27
34
8
48
44
72
56
49
60
67
36
31
15
61
82
80
86
86
44
6
53
62
82
39
84
51
0
45
66
39
62
93
25
22
41
70
95
49
19
7
68
7
90
83
20
73
16
58
11
12
64
16
75
99
56
59
2
56
5
20
95
19
66
72
42
59
94
89
9
13
96
77
72
38
13
45
11
29
3
74
41
20
91
16
71
47
28
73
55
33
46
2
52
12
74
46
71
69
35
80
34
83
10
59
22
23
4
85
52
59
12
45
79
3
14
50
2
42
76
9
27
22
63
31
86
37
78
9
58
65
90
45
1
0
56
75
75
12
12
27
71
24
24
51
79
38
53
33
32
29
42
59
3
5
91
89
95
21
99
5
38
41
50
39
93
6
14
20
18
79
47
90
3
23
93
83
14
98
68
46
28
11
58
83
68
1
25
63
22
76
69
12
69
71
52
62
30
18
82
48
97
81
90
53
56
35
88
70
34
56
17
14
19
75
97
88
28
22
3
2
98
24
14
67
48
18
81
78
89
15
26
86
48
69
91
5
4
31
27
90
88
44
4
59
71
2
99
99
76
3
1
27
79
68
46
27
86
28
5
75
95
84
14
96
53
57
53
9
89
80
0
29
77
4
88
0
58
88
52
87
43
5
14
22
73
60
50
60
40
7
87
88
91
1
84
96
11
89
6
0
69
6
29
98
62
17
99
73
5
51
60
48
56
74
23
30
86
25
42
27
32
29
15
24
83
51
20
46
40
78
46
61
36
75
60
51
92
59
24
50
10
84
50
18
10
73
48
96
50
42
75
83
24
90
59
59
41
31
5
33
10
51
95
46
26
55
97
70
66
73
72
28
57
75
46
19
0
47
68
51
89
43
34
13
34
93
72
27
76
77
13
86
80
8
33
58
15
82
81
33
56
53
61
65
80
7
37
81
54
5
32
96
48
18
9
34
63
