891
23
25
47
32
33
56
29
10
19
79
93
16
54
83
36
7
53
81
76
22
37
37
12
35
2
72
51
11
39
53
42
15
30
41
47
15
98
76
77
17
7
70
85
61
6
22
20
59
55
97
81
92
34
94
27
88
66
31
51
58
36
94
73
66
35
72
81
85
1
59
3
8
81
88
70
87
62
42
99
70
39
80
14
25
26
42
14
45
25
17
55
61
11
28
27
99
52
60
84
53
71
87
14
53
28
84
92
42
26
43
64
18
76
79
43
2
21
9
99
98
27
54
59
90
34
38
89
87
98
74
92
70
13
6
75
93
42
19
88
21
63
52
39
39
31
82
93
4
44
93
2
71
47
61
61
34
99
3
73
50
29
65
20
94
24
47
88
66
66
28
87
81
80
78
72
12
13
66
68
57
11
71
80
10
84
93
44
84
96
17
34
77
35
6
72
59
53
12
25
71
40
65
53
20
43
25
84
56
43
5
65
54
76
45
65
60
39
61
96
87
79
30
65
14
88
37
73
93
49
50
65
41
67
18
13
63
95
98
71
39
55
37
45
31
34
62
43
73
24
40
13
3
22
78
69
11
67
94
4
68
44
21
9
64
91
22
27
87
72
98
78
27
87
23
10
22
86
54
47
62
94
60
65
68
90
86
31
57
80
88
25
76
9
86
40
1
9
19
40
81
70
18
61
9
93
71
31
31
25
31
93
71
43
10
92
34
96
23
43
28
11
21
5
73
7
97
74
68
17
66
2
39
84
63
48
29
86
32
13
12
63
58
35
6
69
27
92
17
3
88
46
66
61
3
39
20
0
65
41
69
31
43
8
67
58
9
49
44
41
62
8
4
20
96
62
41
23
7
59
78
47
57
45
8
60
36
80
12
2
21
34
85
16
94
53
74
3
2
19
44
64
79
0
36
75
63
78
99
22
89
29
69
46
26
29
58
63
61
22
17
83
56
2
99
51
55
26
6
9
45
51
25
24
51
62
0
66
92
51
40
81
32
61
79
59
90
37
22
4
11
39
39
20
93
90
23
49
16
29
10
13
80
36
90
84
98
42
2
90
45
43
71
77
4
2
36
47
39
10
51
2
1
90
22
47
32
45
96
49
75
6
14
7
94
4
43
92
98
46
34
43
89
57
21
93
59
9
40
50
72
43
53
25
85
27
72
18
73
20
19
0
79
85
7
73
90
51
18
88
49
52
84
38
10
57
83
21
18
76
72
90
19
77
68
57
4
92
27
77
65
98
29
44
83
37
69
25
40
39
14
89
92
50
79
54
7
62
27
25
90
99
68
62
76
88
19
33
80
46
62
45
96
92
41
79
81
63
5
21
2
71
62
46
21
93
52
80
7
80
5
98
79
25
60
8
13
31
41
46
29
55
43
25
47
37
4
28
0
61
49
54
32
63
1
5
8
53
85
16
33
43
66
65
68
26
25
34
9
18
32
38
73
27
63
21
64
19
49
16
81
51
71
65
66
72
71
75
77
56
91
11
51
57
76
20
35
1
6
44
71
90
34
44
17
49
65
82
20
15
50
1
18
21
19
84
45
90
59
23
98
2
34
50
11
62
22
98
15
80
94
86
70
28
30
87
29
48
21
50
63
72
3
33
93
22
17
39
64
29
62
15
31
48
65
95
10
39
93
77
19
40
63
89
20
45
76
50
93
98
0
8
70
55
41
15
78
11
6
94
40
20
9
23
68
26
18
30
65
64
7
36
56
22
25
76
20
54
78
13
4
78
74
26
34
15
41
64
78
48
10
18
20
20
94
89
46
64
19
64
80
79
52
36
53
78
65
73
84
43
87
88
22
13
14
8
28
7
24
59
7
34
77
28
6
71
69
53
88
40
69
68
19
21
5
25
51
70
98
35
13
37
75
87
50
41
47
31
1
71
90
8
58
19
88
64
91
57
69
31
50
90
99
21
64
4
46
15
26
45
3
92
82
30
31
85
72
79
16
73
2
6
33
12
25
74
77
68
83
98
99
33
89
99
55
53
55
1
20
34
98
75
