303
12
23
9
44
81
88
55
36
65
35
48
76
75
59
9
51
41
34
76
16
62
62
18
78
31
76
28
0
92
23
80
56
47
41
53
80
30
8
17
47
95
17
23
70
76
32
73
18
18
49
34
32
63
4
11
94
80
39
95
25
62
27
33
61
69
86
42
99
46
11
98
41
28
21
63
5
6
36
23
24
37
9
9
1
65
20
95
46
11
42
23
25
70
56
87
39
43
29
90
89
92
40
83
20
61
46
77
19
83
52
96
20
61
5
73
79
77
69
25
88
63
0
13
33
56
52
24
51
33
66
41
25
6
24
98
20
22
75
39
5
28
87
78
41
44
51
20
21
72
97
61
36
97
27
21
6
31
46
57
65
64
50
42
71
26
40
91
49
16
82
6
96
22
84
37
66
88
10
40
60
59
53
96
9
80
18
15
64
16
72
29
32
23
71
3
1
12
46
50
80
81
57
28
55
93
65
21
81
27
13
42
87
67
90
96
99
60
63
63
76
35
44
61
10
68
64
12
32
63
14
12
96
23
40
51
17
57
24
98
37
38
40
76
57
83
24
8
43
87
24
72
74
68
33
37
36
49
1
68
12
15
32
8
39
24
59
8
34
84
6
23
74
99
99
31
82
23
91
77
62
15
49
36
36
82
25
24
32
26
93
96
94
77
57
85
54
68
93
40
4
51
63
78
