305
90
61
92
42
54
62
87
90
22
40
76
28
98
89
41
98
90
24
37
34
55
18
25
20
82
22
52
62
35
84
15
25
46
8
19
52
22
7
42
44
99
70
73
49
12
66
47
2
43
37
88
98
7
13
18
89
87
22
51
22
6
18
99
4
78
18
56
1
77
50
45
76
21
70
26
85
89
25
87
32
62
75
30
69
40
48
10
79
22
61
53
28
80
52
85
10
22
93
11
0
44
9
28
17
31
6
2
20
32
41
52
46
68
34
68
8
34
78
87
56
40
92
37
72
44
22
82
18
15
46
18
11
55
47
80
86
53
82
7
37
75
11
84
43
98
52
3
32
30
42
41
22
34
78
46
30
52
81
49
19
27
67
83
82
14
63
20
20
98
79
57
73
91
41
69
41
45
72
25
28
15
66
50
49
96
97
80
0
30
29
20
57
48
55
39
15
18
59
35
16
39
92
42
82
86
11
75
83
83
0
11
50
67
62
0
15
11
32
16
41
61
88
50
9
43
89
24
61
0
11
30
91
56
24
25
42
35
0
77
70
1
89
21
20
3
21
35
14
5
51
7
66
39
57
27
34
98
4
96
50
67
78
94
23
2
71
17
89
72
95
59
25
84
80
97
87
53
32
53
58
36
12
76
27
69
56
62
19
60
10
21
79
88
67
3
42
39
20
31
63
67
90
88
51
23
