228
98
85
81
61
42
84
60
13
54
42
23
57
76
21
63
75
87
40
49
47
20
52
93
96
13
85
58
15
60
33
80
10
18
62
23
12
98
84
77
52
78
1
61
6
22
24
81
61
65
82
9
85
35
54
34
0
91
44
16
4
77
48
14
47
62
90
60
12
26
37
64
4
90
25
10
64
2
43
26
67
25
87
52
12
41
38
13
32
83
81
88
12
29
3
60
92
93
72
4
19
61
21
75
52
98
37
16
0
80
42
19
5
29
24
18
22
62
83
7
97
64
95
10
93
50
22
37
95
94
94
14
55
67
41
59
65
30
76
18
10
70
89
68
52
13
38
26
76
21
33
25
85
81
35
30
31
9
68
27
3
62
93
11
29
87
70
46
17
98
16
28
21
6
48
25
71
38
51
47
59
37
73
96
18
60
26
1
70
94
28
25
8
74
36
89
61
59
88
78
57
56
58
30
14
58
55
86
96
59
85
55
96
10
3
66
23
30
67
93
76
48
70
37
22
7
26
35
18
