973
77
69
53
8
34
81
90
67
3
31
80
84
25
29
40
94
79
94
28
5
45
58
64
9
85
3
6
37
27
90
24
5
11
29
65
45
10
55
64
66
38
44
2
16
25
42
10
5
36
38
62
33
48
27
42
86
82
1
75
9
91
99
66
54
80
31
0
43
39
64
9
29
61
63
45
86
57
55
43
46
46
6
31
46
33
74
32
67
75
7
28
18
58
95
24
39
78
24
82
69
41
43
99
54
58
44
40
15
0
84
61
98
42
93
44
27
19
29
94
46
88
22
16
47
69
40
38
0
17
72
69
10
67
68
64
25
13
56
92
65
92
6
63
34
51
59
13
22
88
7
20
77
82
36
76
3
28
66
3
97
38
73
7
57
93
23
34
6
32
78
23
24
84
86
11
87
46
76
9
86
36
81
63
18
17
39
73
98
5
29
95
95
2
3
4
47
78
38
54
10
69
29
87
5
68
50
93
14
26
54
52
14
36
16
84
5
7
58
3
65
87
99
12
41
54
17
88
84
7
94
95
76
24
34
82
92
36
27
58
14
81
10
29
69
78
13
75
86
71
30
3
10
29
15
51
35
32
92
20
92
86
67
68
62
1
2
6
89
29
64
3
63
27
32
32
57
46
59
43
69
90
46
80
71
14
83
59
46
75
79
38
14
98
59
76
51
61
83
40
43
99
43
58
78
28
42
36
26
2
31
95
44
78
27
67
44
63
26
90
38
57
81
4
55
92
81
58
5
16
98
48
15
94
6
46
22
49
82
48
3
13
95
99
43
23
66
87
86
45
30
76
2
11
81
10
55
14
20
60
30
19
61
97
65
19
43
87
20
77
87
23
91
82
22
34
5
41
22
43
86
52
72
40
15
5
2
70
19
23
82
1
94
43
50
59
63
46
46
83
23
33
59
14
67
33
1
25
74
23
68
12
27
92
53
94
97
7
16
68
30
98
69
24
94
72
35
57
18
81
92
93
66
51
8
34
85
9
59
59
84
79
24
63
72
77
9
21
36
25
90
67
75
11
43
21
83
31
78
53
12
23
47
31
74
55
17
59
16
28
71
52
59
95
15
83
24
76
5
60
1
47
79
28
58
75
2
94
6
32
47
70
55
94
53
30
1
70
41
69
50
64
21
10
11
88
93
87
64
98
48
17
45
79
46
56
6
48
50
12
80
97
35
88
92
88
18
45
11
11
15
61
76
36
71
39
25
17
27
89
15
27
7
13
6
5
69
65
5
19
29
37
16
64
25
60
5
43
6
68
7
73
81
35
9
53
74
86
22
53
76
37
80
35
2
39
92
71
4
97
42
33
34
11
50
60
71
7
55
29
75
14
2
56
49
64
61
76
50
83
29
78
73
10
65
75
49
57
99
5
54
41
90
41
52
40
1
76
99
8
57
74
23
12
83
72
28
96
0
78
80
30
9
5
40
26
32
41
84
31
46
90
25
36
31
29
29
32
5
28
93
15
55
16
27
38
40
55
34
41
85
66
23
46
23
15
73
56
56
9
39
54
99
16
42
31
46
23
15
3
52
8
18
59
76
97
49
17
4
35
10
42
2
33
88
77
48
13
85
56
22
25
62
22
41
56
53
39
80
20
43
84
29
13
43
57
11
92
26
67
27
36
9
81
21
98
11
21
11
96
29
86
21
91
8
15
48
13
6
28
33
49
64
14
15
7
24
78
51
50
45
30
39
55
12
60
5
23
34
16
19
63
2
93
55
62
60
55
75
66
35
61
68
99
27
83
58
51
13
9
2
58
39
41
13
3
53
18
78
87
87
50
3
41
95
58
56
55
65
83
73
0
96
93
99
24
28
9
27
41
18
81
0
9
22
65
13
28
36
91
67
75
93
70
16
88
80
24
43
45
8
69
97
4
62
48
80
91
57
8
84
75
89
84
85
64
50
50
44
38
93
11
13
87
82
29
75
14
6
71
60
14
92
57
70
54
58
51
97
15
11
82
91
0
18
28
16
20
30
60
58
23
72
71
10
6
53
38
20
59
61
32
25
53
42
95
59
0
98
57
15
9
91
58
10
9
38
26
82
68
39
40
44
63
12
6
69
65
44
41
76
5
26
1
10
68
48
70
20
47
27
35
56
70
46
18
31
84
45
13
5
36
54
49
99
18
55
68
35
0
61
11
57
87
64
68
7
12
90
27
59
69
15
16
39
61
34
70
97
31
36
2
67
90
