803
53
14
60
67
75
46
66
52
85
62
78
40
58
25
41
61
13
13
88
49
18
60
31
9
61
95
6
85
45
1
28
98
15
40
65
42
86
31
94
24
46
25
16
4
50
57
17
64
23
5
65
93
17
96
3
30
43
61
67
88
62
95
86
77
36
3
71
74
87
66
98
33
91
14
37
93
24
6
9
47
12
26
40
81
22
95
12
18
57
79
58
71
75
97
1
63
0
72
37
87
90
36
72
81
2
9
27
26
16
36
25
80
63
18
61
37
65
25
7
22
5
66
94
32
63
95
95
15
19
32
3
10
20
75
43
23
37
70
1
5
59
27
85
74
97
98
11
62
24
71
37
81
37
31
13
52
78
8
67
49
92
22
59
65
50
3
88
39
25
89
44
84
68
81
58
65
31
22
80
55
93
17
36
82
0
1
34
30
61
1
79
6
76
39
71
26
94
59
65
19
0
61
56
21
42
66
38
73
40
18
81
33
35
69
67
35
71
1
65
84
55
45
90
31
36
61
9
30
72
74
1
73
35
9
46
29
76
84
2
16
3
83
2
90
5
69
26
76
23
43
12
78
40
3
9
76
16
18
58
89
44
12
14
31
21
60
60
49
96
62
18
51
98
72
42
3
41
68
31
64
63
95
94
4
98
55
80
67
25
91
8
69
3
22
0
76
34
60
78
82
75
96
34
25
68
76
80
61
96
63
78
59
58
72
63
9
28
96
76
53
39
84
75
94
58
75
70
44
88
48
26
15
96
60
40
64
36
20
26
84
83
56
44
93
28
59
2
8
7
30
62
98
66
37
92
24
64
15
68
52
63
95
67
60
7
59
76
96
79
54
80
14
10
24
60
91
36
62
99
95
45
13
94
11
50
86
36
67
1
56
71
17
51
91
29
11
50
57
7
82
12
87
96
74
64
8
65
0
71
17
47
16
30
41
27
33
28
15
0
81
72
71
50
75
62
79
86
13
37
93
95
1
33
43
27
97
52
93
49
75
62
96
43
92
38
22
25
18
38
25
51
62
49
2
37
11
81
76
76
70
21
23
71
54
67
51
51
71
44
0
98
58
49
41
50
87
15
76
57
53
53
8
67
2
62
57
66
96
33
42
66
6
66
90
61
85
41
64
8
37
17
6
95
66
99
45
5
14
73
14
20
79
74
87
33
37
96
99
33
81
94
99
88
12
41
1
49
82
65
57
71
34
15
66
0
14
64
57
80
89
71
0
68
46
40
2
83
36
53
16
70
47
67
58
11
61
59
60
43
76
69
67
11
84
33
63
50
49
21
83
39
92
83
7
90
75
61
25
64
15
93
34
14
61
92
26
74
3
86
17
31
56
84
42
92
70
6
43
19
27
78
10
71
61
18
14
89
31
39
53
98
33
39
13
46
83
39
20
86
77
89
17
85
26
12
78
48
18
73
67
97
51
30
20
64
48
34
5
31
26
58
30
11
49
43
9
32
34
29
18
63
70
88
49
96
0
79
96
70
4
64
19
7
94
39
23
94
26
29
77
4
39
7
15
89
2
24
21
88
5
92
52
75
80
53
24
32
84
20
2
88
36
21
47
82
12
70
28
90
99
58
94
39
65
61
80
68
37
1
8
42
93
60
70
25
65
46
9
49
18
11
37
7
84
36
41
49
7
22
91
58
80
38
97
45
99
29
65
37
31
74
31
76
86
53
54
52
99
63
1
70
27
91
29
63
27
70
12
86
92
56
45
24
94
94
22
93
24
87
82
7
13
14
35
52
19
89
56
71
53
57
41
32
0
70
95
80
92
60
66
37
16
11
61
10
58
83
55
82
23
38
89
88
