394
80
56
91
35
49
99
60
3
32
17
80
20
57
60
5
95
1
54
3
20
94
64
45
49
40
65
14
53
85
80
79
65
36
22
52
86
74
12
89
6
81
69
79
38
82
36
86
83
91
89
55
85
53
0
86
93
18
52
99
3
85
78
20
21
53
72
59
27
84
49
33
65
70
64
56
4
1
42
39
44
31
95
81
36
47
67
81
65
71
80
20
56
11
40
30
64
64
89
91
48
90
76
66
61
93
22
17
94
64
57
38
95
52
71
31
51
90
12
17
61
45
89
70
56
82
0
72
46
41
15
47
32
91
13
45
84
35
62
30
99
19
20
46
23
91
29
75
81
93
44
95
38
85
65
46
67
17
18
66
58
85
13
42
29
26
87
65
61
2
96
12
21
68
58
97
12
39
24
45
32
68
40
71
53
57
69
73
26
40
39
85
25
52
27
54
78
67
20
91
69
68
55
42
88
65
39
0
4
63
98
36
83
90
59
89
48
29
62
26
69
1
11
46
53
91
1
83
58
73
26
27
93
81
21
81
46
13
34
2
76
84
38
12
74
50
1
74
79
63
1
0
16
12
46
21
55
99
56
13
24
82
92
17
63
66
99
61
79
85
63
7
69
53
19
43
55
72
18
86
87
71
86
3
35
85
76
91
36
32
56
61
14
1
78
29
67
29
42
46
14
57
53
35
63
25
31
18
97
49
5
85
72
43
40
7
28
17
98
65
1
55
78
16
8
56
97
75
86
40
21
52
97
26
88
60
51
19
79
1
20
36
38
44
79
30
51
60
47
50
77
49
57
55
17
65
11
14
92
49
54
65
54
4
91
94
64
95
65
95
96
37
31
86
81
11
16
32
71
16
34
48
17
43
3
86
60
66
0
52
68
7
17
22
11
