451
59
66
33
82
9
91
21
85
60
33
58
48
85
2
72
77
17
41
49
14
54
12
95
11
41
73
32
23
54
25
99
65
44
32
99
53
75
20
90
87
54
49
88
39
51
12
16
20
53
17
35
60
82
82
71
23
55
55
47
9
33
98
74
77
83
25
82
10
45
72
50
51
21
38
43
24
2
11
45
55
81
32
67
63
14
90
38
69
46
37
30
79
36
56
8
71
81
90
81
78
62
31
82
84
21
77
60
23
88
5
31
21
89
50
84
55
41
23
24
39
60
6
18
48
62
78
71
95
68
53
26
30
36
8
66
10
85
27
85
25
84
16
47
26
67
83
81
60
6
58
99
19
64
69
19
79
47
91
26
67
96
52
97
32
12
16
94
49
95
80
27
31
96
74
57
15
9
91
75
68
49
26
39
65
95
58
44
94
49
71
61
45
75
11
30
88
79
76
37
74
56
16
57
53
42
67
20
52
58
48
20
7
74
59
72
22
69
69
16
19
92
30
16
67
41
98
7
20
75
97
46
31
13
55
36
56
22
9
8
80
57
80
39
83
91
64
5
60
33
74
79
25
4
48
44
97
98
4
69
73
1
67
57
66
22
45
22
97
54
82
29
11
62
21
47
5
85
52
66
18
78
97
95
82
45
91
31
44
95
0
69
96
67
26
63
42
24
37
91
78
20
20
42
34
93
89
40
78
93
6
48
72
3
43
54
1
35
38
97
82
38
66
79
58
45
94
52
69
31
43
99
3
15
41
90
9
82
30
39
76
88
88
48
43
31
54
44
18
92
41
1
83
60
32
41
57
78
45
26
61
88
77
65
55
19
55
16
53
37
56
29
25
44
77
68
27
84
13
98
76
6
51
11
18
83
52
75
13
49
53
74
89
31
39
45
2
46
13
55
83
69
37
60
65
66
29
45
50
94
43
79
52
94
90
71
29
95
46
42
44
52
16
34
83
8
31
37
6
44
92
42
66
81
2
31
48
83
76
98
29
71
29
82
65
20
53
46
15
51
88
11
