662
36
57
66
6
49
23
58
8
71
39
40
67
83
24
95
3
43
82
36
3
88
26
0
78
98
16
85
32
13
86
22
1
95
88
7
44
63
17
4
87
9
44
54
92
20
1
47
63
84
35
18
24
14
19
3
12
87
88
44
0
26
66
2
21
7
61
17
22
79
74
9
88
18
16
32
91
17
32
6
1
19
25
78
33
96
81
46
83
21
42
83
48
61
37
21
68
99
91
42
30
65
52
70
35
20
54
26
37
86
85
91
58
62
69
91
58
50
37
93
23
80
28
71
41
66
45
61
17
36
55
47
53
59
69
88
79
23
67
17
62
52
8
20
66
77
11
24
79
1
17
2
33
45
26
26
63
23
87
80
11
94
79
64
54
48
52
33
72
71
50
86
75
10
6
41
39
69
65
18
22
34
73
55
32
99
81
47
74
20
28
85
15
7
49
69
56
53
54
80
77
5
66
52
67
24
94
7
45
11
77
68
46
50
23
30
1
5
77
75
77
5
60
92
65
61
13
21
67
68
53
44
25
19
96
44
95
42
51
40
54
29
8
0
79
84
82
33
41
59
8
18
17
21
63
82
82
28
55
1
48
60
45
25
31
94
70
26
36
73
18
90
2
79
42
34
63
76
67
56
36
75
26
5
48
89
39
31
70
46
32
18
6
30
44
89
76
66
15
64
39
85
7
42
64
1
28
79
78
47
87
66
74
14
71
23
3
62
54
25
60
38
44
66
20
40
7
48
6
22
13
45
59
20
39
24
73
19
55
51
66
43
17
41
57
40
64
12
54
70
38
14
60
34
32
81
74
39
81
32
13
94
77
73
66
69
49
40
88
4
91
55
99
61
48
8
53
12
73
8
34
63
22
94
97
7
27
23
46
9
55
12
55
84
85
22
5
34
14
94
90
57
1
42
70
49
2
24
13
75
84
99
38
58
93
87
65
73
10
64
34
17
76
89
2
61
63
7
47
29
53
89
87
6
83
9
7
86
33
72
61
17
71
52
76
17
39
93
90
50
57
76
19
33
65
21
46
81
81
45
10
86
87
49
93
70
59
0
8
44
25
22
62
96
74
90
13
13
83
55
15
93
31
35
78
49
8
77
30
89
74
40
28
61
90
73
84
1
25
92
45
50
14
59
47
88
49
12
54
85
20
69
30
51
4
8
0
13
85
82
54
60
23
34
73
65
7
57
66
33
2
11
83
68
23
82
9
72
47
63
9
67
84
39
18
89
0
71
54
85
53
60
97
28
95
23
93
2
32
11
87
34
75
23
55
98
5
16
22
52
31
32
19
15
23
90
56
23
13
62
61
66
23
10
47
18
33
92
72
66
4
60
52
31
83
7
81
40
75
3
45
6
87
16
74
63
6
30
86
19
93
99
38
68
10
85
38
43
77
10
61
33
22
14
16
5
73
97
98
49
53
43
7
40
59
81
3
18
12
42
37
57
41
27
77
51
64
15
47
94
25
8
79
48
22
96
5
48
93
3
97
46
98
