331
98
12
48
38
23
0
62
70
24
40
36
71
33
48
58
29
66
47
77
35
69
89
99
13
11
69
38
76
32
34
54
82
46
3
20
69
55
34
91
31
75
27
3
60
27
13
89
93
61
66
81
82
55
32
95
19
1
33
47
85
19
1
67
17
56
39
39
64
26
30
95
1
10
50
13
37
64
2
83
77
68
16
11
76
0
6
95
53
91
42
38
63
95
57
80
4
96
19
20
22
2
15
75
12
18
88
1
34
42
84
63
63
52
74
39
52
32
86
5
23
80
95
38
27
52
19
31
1
90
51
75
44
19
51
8
89
91
10
75
34
46
38
97
51
12
88
3
44
74
61
19
6
56
58
33
61
29
17
62
19
20
37
16
91
40
24
80
32
86
55
18
33
45
67
84
57
55
39
53
81
0
25
87
9
83
20
22
64
37
84
35
58
73
51
49
14
76
82
98
62
89
16
47
35
83
83
44
90
23
98
71
75
23
58
36
58
78
58
22
68
42
9
78
68
61
79
82
89
61
32
3
51
0
51
38
83
34
82
25
9
32
96
85
55
54
21
65
84
80
39
52
74
49
82
94
62
62
28
51
23
60
54
26
60
57
16
95
92
99
20
53
31
16
38
39
22
12
56
7
44
96
11
70
97
94
65
59
56
93
10
31
6
16
10
66
74
26
62
18
25
82
71
9
51
62
48
73
74
4
80
70
52
44
40
49
38
57
8
94
3
70
77
9
87
87
75
13
66
89
31
91
