396
80
8
93
78
23
81
0
31
54
71
19
32
19
70
68
58
18
19
6
71
59
77
45
19
64
46
30
27
10
86
49
91
94
95
69
69
76
21
52
30
44
71
62
15
94
82
74
12
53
32
84
64
61
81
84
25
79
66
4
89
52
53
32
98
0
53
19
28
27
24
58
71
95
73
87
89
7
13
54
13
45
90
77
58
71
13
35
2
31
39
91
83
92
76
33
45
29
5
73
56
29
84
80
24
9
19
66
16
32
72
81
29
62
59
87
33
24
22
35
56
13
78
91
5
54
25
2
36
30
76
92
59
60
24
35
69
43
53
37
27
25
19
8
87
30
47
72
54
69
59
62
82
90
54
40
96
79
94
32
61
70
77
72
82
1
59
3
97
13
41
76
90
12
85
30
94
32
54
48
54
66
63
88
56
17
28
52
96
75
37
9
45
14
81
80
15
40
83
64
5
76
41
96
88
26
78
82
58
32
83
64
50
46
53
6
63
33
11
11
8
0
72
6
14
5
86
81
45
69
46
3
46
39
51
86
65
29
21
75
13
4
40
64
2
93
22
17
78
85
80
87
85
52
93
99
57
79
33
54
48
79
57
46
18
60
33
35
89
54
62
55
10
2
19
64
47
93
33
26
79
13
65
16
17
58
68
26
89
1
32
89
32
42
36
50
2
21
37
92
27
99
99
37
54
18
53
53
63
86
31
94
99
96
11
68
6
79
94
95
32
78
85
64
20
73
66
23
94
3
67
21
54
66
10
8
36
63
14
99
49
45
46
0
42
57
68
48
88
14
44
20
92
81
84
13
54
50
88
48
5
55
21
59
21
31
20
9
46
34
8
47
79
54
47
73
63
67
74
3
33
70
23
77
51
59
42
5
61
30
5
18
37
26
78
10
9
