817
37
98
19
82
13
9
24
23
74
23
26
31
13
81
74
9
74
55
44
12
44
10
1
8
51
23
49
10
87
61
97
76
11
16
59
24
77
35
48
52
10
26
35
23
7
61
84
33
68
80
46
13
91
99
21
42
22
70
4
61
84
53
38
95
21
49
20
99
84
20
3
95
98
90
70
57
51
55
90
20
87
88
33
30
87
6
25
62
29
81
23
13
35
13
8
8
62
80
59
99
52
14
94
50
4
64
59
8
71
2
80
11
42
13
41
30
71
66
44
0
0
19
13
35
33
22
95
47
54
55
46
7
69
92
9
26
9
69
34
80
71
14
43
13
79
37
95
2
3
91
3
55
11
16
90
96
90
38
43
45
93
42
4
14
34
13
92
43
34
78
76
57
44
19
23
23
56
70
26
12
62
81
67
25
49
10
21
40
0
64
37
93
58
93
59
93
6
52
88
93
30
16
50
27
88
25
50
96
96
28
60
10
61
80
35
11
42
56
3
42
72
40
35
83
85
46
76
91
50
16
36
33
85
39
60
73
64
62
69
12
91
82
22
4
62
9
15
4
65
18
46
90
10
33
73
95
31
1
39
82
69
27
15
54
66
75
27
31
37
49
95
80
31
18
37
45
27
52
49
45
23
47
35
33
32
60
81
63
61
72
45
30
99
12
85
66
39
64
49
29
13
44
61
96
14
98
41
42
51
42
39
26
89
74
11
21
86
92
37
47
64
34
29
16
47
14
82
86
31
83
15
44
27
29
93
42
27
34
36
30
77
27
56
18
1
68
92
87
12
29
86
29
63
15
45
10
82
79
49
13
62
16
9
41
45
2
35
73
89
71
3
18
98
12
36
51
80
28
90
92
9
28
21
73
44
66
35
78
97
84
91
59
53
52
1
98
55
36
23
44
60
79
14
10
91
50
14
71
31
56
15
40
37
37
13
33
55
1
11
53
85
54
64
90
6
17
89
61
6
64
57
66
43
71
28
86
74
94
9
5
3
25
97
40
14
63
73
21
64
36
26
1
90
91
92
96
8
33
10
14
49
19
32
93
43
13
31
17
59
41
74
62
18
23
54
32
86
79
53
2
15
80
4
57
23
48
6
31
81
16
98
82
87
30
27
30
95
59
99
55
0
25
69
18
49
24
2
35
3
7
90
71
87
94
28
62
94
34
94
27
2
44
9
42
26
37
72
22
96
24
29
48
49
98
66
98
22
20
86
78
27
76
49
67
22
29
29
16
16
75
43
70
19
52
12
98
89
37
20
37
61
49
85
10
47
3
61
22
23
99
52
3
27
53
70
49
82
99
17
50
27
60
73
98
64
85
96
6
74
16
43
35
17
29
98
17
84
11
91
8
10
43
11
37
96
33
38
30
84
55
81
11
67
54
10
31
91
58
89
66
75
33
53
44
14
3
61
50
14
4
10
24
47
73
13
43
6
51
74
91
58
7
54
25
13
16
9
4
75
98
22
2
83
76
46
49
79
60
0
46
64
10
22
12
84
36
7
90
39
33
33
98
40
88
23
53
4
84
58
31
83
32
33
18
8
80
68
40
92
20
86
56
82
8
20
66
96
80
9
36
13
94
34
54
34
9
7
91
94
17
22
29
50
56
47
10
88
67
2
80
39
88
88
22
49
9
40
45
89
49
33
2
96
19
8
30
29
68
21
75
85
44
4
87
52
3
50
40
23
52
20
14
41
60
36
42
69
77
39
10
78
73
65
74
92
73
5
73
93
78
48
79
74
4
18
26
60
68
66
35
21
38
49
14
99
38
56
20
15
95
83
45
20
48
20
13
73
77
38
67
55
87
98
30
43
68
8
55
37
27
90
58
65
40
24
16
30
