800
54
16
25
77
89
47
39
48
59
62
99
76
57
66
66
25
66
48
83
36
0
37
38
63
87
34
42
6
82
72
96
37
40
73
14
82
21
5
82
80
67
82
57
76
0
75
53
66
23
88
55
24
77
93
87
17
79
81
23
61
54
19
98
46
93
64
28
14
69
11
46
89
93
55
17
93
30
71
12
6
11
67
82
89
60
69
6
39
50
81
0
56
1
51
55
46
67
83
12
37
46
58
78
91
66
47
37
48
18
49
54
30
16
36
71
28
57
29
67
60
10
19
68
11
22
23
9
90
59
21
79
5
32
9
97
98
56
34
46
27
35
53
9
51
41
80
79
99
9
98
11
19
69
79
83
92
3
92
34
14
66
13
19
98
22
68
96
78
54
94
5
89
99
14
92
41
46
71
92
7
21
3
27
91
82
62
35
37
6
69
51
72
34
23
70
56
43
18
86
98
65
44
87
64
10
80
57
57
3
49
64
77
52
43
20
87
57
55
24
64
76
28
36
10
51
59
18
94
29
4
44
46
48
84
63
11
64
20
68
19
22
84
96
74
80
16
61
37
23
38
1
51
18
90
61
21
49
79
67
30
84
12
77
84
96
92
95
12
12
15
31
86
52
80
61
32
48
74
69
24
64
71
75
82
13
37
3
62
68
71
44
4
35
73
41
31
65
88
95
30
56
78
16
8
58
29
40
59
56
61
83
20
84
10
3
97
99
58
59
68
81
56
24
16
29
65
99
47
54
94
29
10
73
97
70
83
27
62
42
83
23
77
3
8
88
58
5
39
69
17
59
2
73
84
19
54
49
70
53
55
17
34
17
42
32
87
25
59
1
20
94
25
97
49
33
37
8
90
29
29
7
88
31
32
72
2
39
74
25
44
81
42
79
99
84
11
38
9
70
40
81
16
17
31
65
2
20
73
92
49
54
52
38
86
36
62
40
75
36
65
72
18
7
51
69
43
62
59
5
84
51
86
0
68
17
65
22
38
91
15
39
97
19
77
35
55
40
76
83
28
93
55
98
53
6
67
96
20
79
1
56
30
40
8
51
57
25
73
47
16
40
87
66
59
16
1
67
56
77
2
37
23
57
35
76
15
55
72
87
34
26
43
16
66
51
67
75
28
93
23
45
33
10
63
45
78
64
64
35
94
66
24
17
75
59
93
42
66
17
29
52
43
24
69
9
27
88
85
55
81
60
52
67
22
15
64
0
32
28
87
26
46
11
43
73
23
88
15
89
5
96
94
1
72
63
62
51
3
47
6
37
59
11
4
81
78
20
82
10
0
21
88
46
33
83
19
56
71
86
97
29
82
91
30
54
6
92
5
62
92
63
99
3
26
55
85
57
75
19
67
27
40
56
73
25
91
44
33
63
30
83
44
12
26
26
18
85
18
75
47
62
90
46
66
17
53
3
26
80
74
93
7
14
1
32
92
93
76
25
8
6
60
52
70
87
78
40
72
48
15
19
63
57
17
29
26
70
84
52
2
58
46
9
24
99
93
16
44
69
94
52
27
54
56
49
41
86
89
13
87
56
84
50
13
1
31
40
23
15
92
77
25
90
38
49
42
31
18
86
52
12
91
79
66
99
28
60
86
69
25
73
25
10
75
91
63
6
31
39
73
75
16
98
18
55
47
60
38
65
98
91
29
41
22
48
41
3
8
79
72
33
52
50
95
79
41
11
85
24
50
58
99
18
8
69
73
7
29
64
25
80
55
54
21
29
2
62
32
62
41
5
48
45
7
43
24
0
54
61
24
4
71
75
23
79
45
48
87
26
64
64
6
19
18
80
49
73
42
33
35
