963
9
78
50
32
83
52
48
63
64
89
45
29
54
1
73
95
83
58
40
49
62
25
19
52
91
40
27
16
20
40
62
29
18
13
13
54
17
61
17
33
51
14
63
57
67
36
4
51
46
45
52
8
22
24
60
13
16
39
81
36
80
96
17
50
61
82
4
78
44
21
12
47
35
75
56
55
63
61
58
9
6
10
69
28
86
29
94
3
20
27
91
0
23
61
3
84
43
7
63
39
81
27
86
68
54
95
23
17
56
81
78
14
44
47
42
30
28
88
85
48
16
77
1
91
38
4
28
81
63
43
21
44
70
59
13
24
54
36
41
10
18
71
24
14
18
19
44
46
59
30
46
27
59
47
19
97
3
47
30
67
90
3
11
12
15
24
36
69
13
29
32
83
0
8
97
18
79
93
16
39
23
62
66
82
62
37
31
65
36
14
84
78
69
96
90
84
72
26
6
37
7
90
20
7
98
69
77
30
63
45
21
38
8
39
21
22
77
4
39
13
70
24
92
40
72
82
24
44
61
30
82
68
20
54
28
71
24
5
53
39
51
74
77
11
13
98
85
42
55
24
56
25
48
0
65
72
34
42
17
47
24
51
68
97
5
96
68
81
1
73
20
4
47
98
67
12
48
52
55
55
77
63
81
77
15
98
50
1
40
19
49
17
70
17
14
27
13
34
9
66
7
29
23
6
79
90
18
28
43
25
83
72
40
16
1
55
15
51
57
7
22
58
76
92
27
90
72
92
24
81
58
31
62
33
37
42
24
8
70
67
33
5
91
74
22
92
81
89
96
90
48
18
48
25
63
75
15
35
67
92
68
78
23
30
11
13
72
35
73
94
54
6
0
97
32
74
90
14
15
38
4
63
8
5
40
71
32
8
58
52
0
26
30
75
57
93
40
29
81
13
24
35
72
76
85
4
50
75
70
65
65
27
80
73
32
73
45
16
81
55
68
33
82
50
60
91
44
1
72
25
14
48
12
38
24
97
43
26
24
13
43
89
92
24
63
76
49
60
93
30
67
13
15
1
64
75
92
8
76
65
33
43
13
45
81
90
95
76
16
19
42
60
61
34
36
76
11
85
36
56
67
55
69
82
57
33
57
1
41
86
66
26
29
32
72
62
74
67
39
90
38
81
2
99
15
90
75
78
27
63
34
46
19
56
28
28
89
38
29
83
76
48
9
57
32
33
19
6
52
10
96
91
91
51
42
59
41
70
37
21
33
24
67
4
80
48
32
21
38
14
56
14
62
18
71
94
51
42
0
56
53
48
99
44
51
41
3
93
63
93
66
97
69
33
53
1
81
38
74
19
52
31
33
14
49
56
60
52
99
12
8
52
60
59
48
64
53
4
57
16
49
23
13
18
8
19
19
90
57
93
61
9
76
47
75
77
3
87
30
54
99
90
58
11
50
59
75
3
63
84
71
12
59
37
82
68
56
53
10
13
98
71
22
75
18
49
52
74
36
34
28
35
25
87
98
27
46
74
82
61
58
53
25
70
90
7
38
46
12
48
11
10
19
33
85
90
34
90
64
70
24
44
57
1
83
8
80
81
82
62
42
92
68
19
62
58
26
52
57
38
0
68
1
72
54
86
14
40
28
78
11
5
74
20
6
58
80
39
39
62
1
82
7
21
1
21
80
80
74
89
70
26
57
71
50
63
10
64
4
38
94
67
95
69
39
54
27
20
93
66
34
46
0
41
68
54
15
0
86
89
89
56
67
98
80
18
62
42
82
18
32
29
85
28
98
76
82
77
96
75
95
31
21
48
24
89
2
39
41
40
80
30
48
48
29
28
66
43
22
0
61
55
29
98
83
79
74
17
56
23
92
52
6
65
52
30
7
6
22
48
46
2
79
94
50
60
75
68
55
49
69
68
4
98
66
87
78
92
4
86
67
48
90
73
66
42
56
73
48
30
73
46
32
4
93
35
16
68
3
71
69
72
39
74
23
57
13
1
2
70
39
21
18
30
95
84
72
3
9
73
33
83
19
17
39
12
52
56
32
8
27
2
80
19
76
55
76
41
56
30
11
48
52
30
78
99
66
2
2
28
75
87
63
47
56
2
59
61
58
44
69
38
46
1
9
74
57
85
15
65
68
27
13
20
9
43
19
27
46
73
55
21
12
18
68
68
73
80
81
83
24
50
21
22
4
30
48
13
68
15
78
88
94
