713
29
50
85
8
28
65
37
25
3
26
94
71
40
95
87
27
41
24
66
35
7
64
2
29
10
38
57
77
72
91
89
1
93
26
9
73
43
47
99
46
25
45
17
17
40
56
45
34
33
11
69
40
27
71
21
38
61
30
67
33
73
8
86
66
87
96
92
30
95
91
77
20
36
46
37
28
3
82
14
36
45
83
28
73
6
1
63
19
31
82
52
5
90
39
23
29
87
15
60
82
58
89
54
46
35
43
75
90
78
89
78
23
25
58
48
83
59
63
3
43
45
7
0
88
98
75
17
85
43
29
19
1
18
25
48
6
69
75
96
47
16
27
70
93
85
71
77
97
34
80
92
32
39
44
72
38
19
41
75
14
71
47
16
89
72
16
95
93
43
44
40
59
71
63
53
56
34
82
5
20
14
97
4
53
41
28
43
61
70
19
75
41
18
43
82
90
11
30
84
54
74
76
66
97
39
71
53
25
53
59
98
67
56
54
72
50
83
16
63
5
35
90
98
5
34
80
47
97
62
31
52
36
60
70
33
51
41
39
29
46
50
79
65
58
33
37
8
68
53
71
25
40
62
23
97
48
56
45
45
18
76
49
7
88
71
40
40
64
31
69
10
81
0
27
92
33
65
0
54
70
24
79
63
86
3
60
86
59
5
31
29
34
33
36
74
4
29
14
69
60
35
31
94
35
59
86
21
76
38
75
98
62
6
13
0
61
74
86
72
31
70
2
17
3
38
92
59
19
6
80
80
94
64
26
81
75
64
2
3
2
29
1
17
36
15
17
49
41
4
22
24
26
24
42
81
14
34
40
34
92
73
66
86
89
92
68
64
8
22
67
62
4
20
79
92
87
97
41
28
53
63
53
79
39
47
60
54
81
52
88
73
77
6
12
66
50
32
30
58
54
49
20
58
70
0
2
57
49
44
38
2
7
43
33
47
42
45
53
23
97
93
48
75
99
60
93
49
92
24
59
99
25
79
9
95
31
12
5
80
56
95
34
15
90
67
14
32
12
67
7
62
12
55
89
11
16
82
12
60
58
71
59
84
3
21
79
34
85
36
15
41
83
1
8
73
69
75
57
33
94
64
95
7
20
36
70
88
19
83
48
77
6
60
61
9
81
93
44
18
81
11
11
17
12
19
42
81
94
0
67
41
16
14
48
36
51
18
76
70
53
25
99
60
37
13
21
70
58
65
88
91
76
99
8
41
18
51
22
65
3
41
6
19
56
6
8
7
76
84
29
30
61
28
42
98
93
63
68
51
81
56
43
9
55
51
50
26
54
25
43
57
66
1
77
22
7
85
81
35
21
10
17
83
91
59
81
84
75
50
88
56
58
83
65
66
86
68
44
41
93
87
98
11
40
27
34
99
64
67
34
86
78
52
21
21
63
2
57
38
4
45
46
63
28
64
81
67
32
25
8
77
64
58
88
4
38
74
3
2
42
89
40
72
41
61
93
5
16
50
95
20
48
42
35
28
58
16
95
90
93
3
19
57
14
7
13
52
82
68
6
76
58
99
48
99
60
93
56
28
95
52
49
43
46
36
72
4
5
67
46
98
23
17
8
89
24
73
93
58
42
99
86
0
50
34
51
63
79
60
91
75
64
40
