294
9
24
58
50
35
3
48
5
29
59
49
12
84
44
11
82
97
92
8
66
78
86
41
77
17
47
54
59
91
8
37
53
32
47
3
19
50
51
76
31
11
78
95
47
22
58
81
71
51
89
38
81
28
79
11
45
78
65
4
70
74
93
75
58
40
30
30
42
82
6
74
45
36
69
44
58
28
77
82
79
66
20
12
46
51
23
91
30
89
47
52
15
40
27
25
32
9
55
75
43
14
49
40
50
70
84
61
98
61
43
29
80
15
42
26
66
65
70
96
6
17
0
73
10
79
99
42
89
6
17
32
72
18
73
75
89
9
36
39
23
31
69
3
46
11
81
64
76
51
13
83
69
13
56
79
93
7
73
34
66
43
66
38
13
91
65
2
1
1
94
24
84
63
79
82
74
12
47
2
64
60
85
85
73
94
16
18
53
89
52
71
84
71
10
98
62
27
52
15
81
46
91
65
9
22
48
35
35
95
38
51
7
75
36
32
21
4
51
75
45
3
46
30
26
8
80
89
36
32
56
17
31
48
34
40
70
34
28
5
81
66
8
88
93
44
21
15
48
72
42
46
27
40
76
6
1
56
95
89
40
51
6
71
51
92
64
22
27
92
79
8
58
88
97
51
84
70
18
85
94
60
31
73
1
59
79
2
67
74
91
7
78
49
79
