426
83
45
70
48
5
62
29
2
66
82
9
22
76
30
49
91
65
37
16
8
80
26
25
39
25
46
54
3
75
18
68
58
15
38
58
20
53
39
74
19
21
35
41
97
18
42
40
35
80
9
95
60
35
20
51
12
19
5
67
94
75
35
5
90
26
63
63
31
55
89
50
76
25
91
26
95
86
18
30
18
27
26
30
62
46
81
26
65
39
93
12
14
81
17
57
59
32
72
90
39
61
40
16
38
83
94
33
21
12
16
39
92
42
69
54
40
3
33
58
94
78
70
8
11
39
17
70
23
41
12
63
55
4
31
45
40
77
31
61
41
47
1
33
41
22
40
81
77
73
39
71
51
61
80
63
52
49
85
28
43
50
91
98
54
74
43
94
51
74
56
92
73
9
26
14
31
66
96
9
91
87
80
94
1
12
9
5
14
95
33
57
45
76
7
51
50
50
46
53
77
2
46
50
63
24
65
46
42
13
55
33
52
88
27
5
52
37
11
18
84
44
75
81
73
82
32
23
85
78
29
14
32
75
64
95
51
81
42
93
46
49
78
51
89
57
56
94
94
67
12
30
64
40
11
89
74
96
64
59
26
93
25
59
68
42
6
71
75
0
16
22
2
94
73
91
52
81
37
98
1
50
29
17
90
92
6
64
40
70
76
67
64
1
78
84
43
84
56
19
37
24
93
39
19
18
82
23
99
20
21
0
22
2
69
12
47
75
28
87
98
4
6
62
58
84
98
53
21
54
72
58
79
17
49
50
35
83
25
87
55
98
87
77
1
9
89
0
84
70
39
82
74
46
96
84
82
95
38
3
1
10
13
32
80
14
82
15
98
7
2
53
6
42
31
59
51
72
11
87
42
2
70
69
0
66
53
83
13
91
38
15
54
52
47
34
66
82
1
16
41
4
70
47
98
53
58
49
25
21
36
20
24
58
89
24
77
94
7
90
38
46
57
44
50
5
78
