874
76
17
39
54
77
84
19
90
20
32
37
16
23
76
5
28
85
38
40
30
54
60
22
10
75
79
14
0
32
84
17
60
53
56
66
31
92
86
73
13
70
10
81
93
39
86
21
24
77
13
55
31
74
29
93
1
8
59
1
92
96
71
4
49
79
71
32
72
9
6
37
79
68
18
25
7
56
46
84
33
60
91
64
86
20
9
87
80
69
41
24
17
64
28
66
43
51
99
67
60
57
4
40
77
22
65
85
79
63
21
64
75
12
81
13
32
90
53
64
11
94
40
28
10
68
47
53
72
98
73
32
7
77
24
84
52
41
21
83
57
42
47
84
54
28
98
38
71
51
54
82
97
94
63
7
15
62
12
87
60
85
71
67
63
48
3
67
41
25
50
98
19
97
83
26
78
33
16
49
84
71
83
33
17
46
40
32
8
4
71
20
90
95
39
5
95
43
72
36
68
74
87
87
71
22
13
49
55
30
50
91
53
34
24
70
80
16
55
41
72
78
61
14
73
53
19
68
96
43
57
64
17
44
3
41
66
69
42
73
99
93
16
4
27
92
74
59
60
81
52
32
60
14
47
33
19
18
54
15
14
11
79
83
7
34
24
25
3
19
98
54
64
66
58
91
58
85
2
18
66
55
2
78
21
49
12
40
68
18
55
82
29
86
17
88
20
42
13
76
13
63
30
77
29
41
20
87
78
22
57
44
77
59
23
98
9
87
90
29
57
45
63
38
83
80
26
56
74
39
32
39
2
14
16
31
7
36
70
85
59
27
30
88
86
5
39
47
44
29
28
1
27
43
39
10
76
65
66
2
56
50
42
58
65
58
41
72
47
11
58
6
90
40
46
28
97
37
28
41
67
56
94
46
52
85
56
28
50
75
30
58
25
72
16
90
83
9
15
30
20
25
88
62
17
34
90
14
72
18
7
91
27
1
37
31
38
45
59
88
20
41
98
46
66
14
88
49
23
55
79
95
80
67
9
97
53
99
63
77
70
70
68
49
23
57
80
61
3
39
1
75
32
99
21
98
65
62
47
40
17
26
87
50
45
96
99
99
96
63
76
18
85
97
67
9
54
47
22
57
38
76
85
70
27
6
21
93
20
68
85
90
47
73
40
92
69
91
43
17
54
72
87
40
69
54
1
23
53
75
33
91
51
18
14
79
76
87
72
49
55
57
39
54
82
31
99
4
22
42
21
29
14
9
21
35
15
22
59
69
97
44
12
49
62
78
80
90
65
4
39
73
13
30
27
96
61
26
0
36
21
73
65
87
82
86
23
50
60
82
19
57
78
83
58
92
62
38
82
27
42
74
0
56
4
80
4
66
6
4
54
79
29
19
67
12
57
90
14
17
24
33
26
54
16
85
46
30
75
28
10
70
2
62
78
59
42
82
77
1
38
31
80
67
2
99
31
59
41
45
28
65
30
54
71
99
91
17
29
67
98
91
89
52
54
67
11
96
1
88
97
39
19
30
58
21
29
42
32
71
87
60
88
70
15
60
69
58
77
50
25
75
42
14
80
48
33
91
44
34
80
94
25
51
24
84
25
5
26
57
76
65
70
65
35
37
77
56
95
6
59
73
34
53
39
14
1
73
5
45
59
37
39
85
89
15
21
66
21
99
23
49
16
45
66
52
82
43
60
30
50
19
3
36
72
42
50
73
67
55
71
27
93
62
64
34
30
85
0
51
36
75
52
52
73
19
56
55
14
17
85
16
88
40
52
13
35
2
38
2
58
9
81
3
24
45
89
54
82
41
57
18
16
9
71
89
28
27
97
95
96
34
11
37
75
64
50
10
66
88
64
76
50
98
31
74
95
20
80
78
61
37
48
30
46
71
71
27
51
20
22
99
55
85
36
82
49
86
92
68
27
8
44
77
6
28
3
2
48
83
32
62
72
32
44
18
4
15
97
7
36
71
6
43
57
43
25
58
81
69
26
8
29
23
37
36
51
92
90
51
27
22
13
99
54
