414
83
45
62
47
5
78
4
79
66
28
60
50
19
59
10
34
80
38
54
1
58
6
32
10
44
24
31
89
25
81
84
60
26
98
7
83
29
12
63
95
40
23
45
12
35
7
98
67
46
52
68
4
10
1
14
6
77
97
95
2
30
32
63
9
30
22
92
59
34
55
7
27
31
4
91
18
12
89
85
10
94
6
66
4
7
32
63
84
29
10
38
11
42
53
20
25
76
13
84
62
20
43
41
3
48
32
73
60
22
59
70
16
17
36
72
76
20
87
12
49
98
50
12
40
56
33
65
84
98
2
46
18
45
40
74
45
72
47
5
46
58
27
14
75
15
87
51
35
26
63
36
24
66
49
17
22
82
34
58
80
88
4
50
86
44
76
31
69
76
37
15
34
16
30
62
32
69
13
19
95
29
56
72
47
5
41
69
39
75
27
71
16
83
21
2
80
50
33
1
26
22
16
12
39
46
74
23
67
40
42
63
69
98
87
16
55
28
37
94
3
16
65
19
51
39
73
83
89
7
84
67
81
1
79
20
99
6
95
67
46
38
82
67
88
69
83
44
97
72
90
52
40
8
24
91
47
97
75
88
56
11
7
38
64
86
10
64
92
6
83
90
96
65
57
84
86
92
80
35
64
23
39
56
31
63
48
30
13
75
18
21
38
77
59
3
63
22
67
8
28
2
98
24
67
8
60
5
0
93
40
17
68
79
73
99
95
73
81
60
0
51
81
39
28
93
42
43
15
61
51
95
63
2
71
82
62
83
39
62
76
79
79
96
10
5
95
57
78
28
69
31
79
51
70
7
96
64
51
11
25
54
58
40
56
29
22
18
12
61
33
41
92
64
37
54
69
85
12
0
13
81
83
93
84
53
0
80
17
51
43
94
6
1
34
14
30
8
85
95
21
18
36
13
34
73
19
56
58
83
8
72
65
91
17
