232
42
59
85
59
1
58
58
90
15
22
1
22
31
13
50
78
65
35
46
51
65
61
86
33
69
54
31
8
42
8
19
84
67
4
44
68
14
2
10
30
77
11
52
60
25
2
38
42
90
36
93
55
49
31
40
18
85
71
79
80
79
98
64
98
54
60
18
68
63
28
50
40
39
3
0
64
57
90
6
47
79
51
54
28
82
94
99
20
65
30
0
44
28
64
94
34
25
12
54
40
40
5
32
80
8
84
96
17
26
55
65
5
6
71
86
41
66
37
61
31
67
13
28
47
29
22
81
6
35
35
46
27
40
78
7
0
14
4
70
41
11
35
46
69
6
84
10
24
21
23
8
88
88
36
35
18
10
68
24
97
56
23
25
48
1
84
49
16
40
19
9
51
6
7
21
64
92
83
89
13
7
97
54
95
85
41
65
47
62
90
97
18
13
74
66
66
58
67
34
51
38
43
2
44
51
75
61
95
59
2
60
18
99
66
65
36
8
31
35
70
21
84
88
86
58
6
4
69
74
39
20
12
