226
71
63
78
5
51
0
0
65
47
10
46
19
54
99
86
56
44
91
25
97
70
36
28
25
36
80
3
89
19
44
76
42
59
54
0
10
6
52
28
6
63
26
25
69
77
12
78
21
55
55
70
26
91
99
3
27
79
6
69
51
2
97
45
61
3
97
24
62
50
52
68
65
78
45
86
55
9
64
29
65
20
99
91
63
50
94
43
82
53
64
33
7
13
30
21
16
28
97
30
30
49
50
95
79
96
33
86
5
98
15
70
70
67
13
33
17
60
28
99
65
92
84
24
5
15
45
74
95
42
4
25
43
55
72
74
3
5
61
60
55
28
31
77
95
96
11
13
8
91
64
73
36
49
98
41
16
95
67
11
38
24
88
33
31
12
8
34
69
21
94
25
49
77
2
45
26
65
10
34
9
74
8
45
23
58
38
39
53
6
2
43
82
42
77
13
54
37
47
76
58
93
53
7
23
7
4
49
73
14
83
34
89
43
79
64
1
17
56
7
75
10
50
57
53
79
70
