531
67
80
82
50
9
16
62
18
72
46
91
53
28
47
56
58
68
33
1
20
9
7
48
50
48
54
12
15
71
77
11
38
57
93
41
18
62
3
37
86
2
28
39
30
27
47
88
47
80
41
67
41
49
67
91
49
21
55
64
44
33
76
34
42
21
75
13
35
31
50
21
33
30
12
63
57
60
4
4
92
45
71
34
46
90
77
95
11
33
12
7
18
40
93
60
13
21
25
49
52
75
70
37
57
83
0
14
43
56
70
87
54
93
21
0
83
51
48
46
84
12
53
2
52
99
14
65
20
40
66
24
67
37
61
25
20
13
91
15
70
62
2
76
55
76
76
39
27
76
85
63
88
91
65
92
42
79
10
62
71
76
86
39
13
99
64
85
12
7
0
82
69
55
58
25
83
87
16
62
15
53
25
56
96
42
48
38
21
58
0
93
35
38
84
0
37
0
86
50
7
38
84
77
45
95
54
80
34
22
42
49
75
19
57
72
61
6
62
35
16
63
80
3
53
64
4
43
16
42
45
23
32
81
52
30
28
58
10
62
80
5
64
8
76
21
32
38
79
94
25
96
9
5
99
15
21
55
58
37
49
55
12
34
36
17
64
17
75
74
79
8
31
95
68
8
69
0
98
0
46
23
96
56
80
48
71
1
55
81
90
5
36
2
39
24
71
55
93
99
81
25
7
13
20
27
73
41
27
71
42
73
94
90
81
74
38
4
27
46
85
17
51
73
71
42
50
95
97
43
94
78
68
53
43
41
80
16
82
59
39
76
32
33
67
66
59
57
70
38
3
8
7
6
81
79
48
83
74
97
27
20
28
47
73
71
40
53
40
75
12
79
51
96
65
70
14
76
28
85
15
31
93
22
38
26
53
38
10
79
88
89
99
16
36
72
39
77
77
79
52
89
59
55
38
76
26
52
52
54
37
19
37
82
42
27
9
47
18
71
27
6
60
78
22
48
51
61
25
80
93
29
70
52
37
60
28
63
12
32
69
2
52
58
36
46
86
97
93
4
68
72
10
28
3
84
77
6
97
54
86
90
36
8
94
73
68
74
88
33
7
57
87
11
15
23
57
53
21
2
57
89
27
19
70
30
55
99
36
53
53
74
95
41
83
90
14
3
64
54
36
23
11
75
34
79
51
43
32
24
46
42
65
25
13
35
55
21
34
43
26
40
69
21
81
52
63
48
8
80
2
96
