533
67
75
5
86
10
25
85
89
51
86
98
17
52
33
27
57
15
21
20
50
20
98
64
74
12
30
7
48
37
28
9
56
56
15
42
18
92
79
7
43
66
57
12
70
90
40
27
6
13
47
56
85
97
72
59
9
3
66
10
92
46
19
49
2
34
43
72
26
23
31
70
41
88
34
11
31
74
90
89
39
89
97
24
87
69
83
96
24
1
6
17
48
26
66
2
12
61
75
39
36
6
61
77
95
95
40
78
22
82
67
61
72
64
38
59
85
21
7
10
23
66
79
23
92
97
25
4
58
0
95
95
59
8
24
6
56
17
84
78
99
3
91
71
67
29
82
4
3
42
14
78
8
45
1
52
42
78
56
1
31
4
48
90
64
24
96
20
41
32
50
93
35
94
16
54
75
51
58
30
93
25
8
1
70
61
53
65
40
61
18
23
17
66
13
82
42
61
2
84
93
5
29
80
99
45
34
26
96
44
57
89
21
65
42
44
79
95
9
71
9
27
94
26
45
7
8
87
68
63
23
13
20
52
93
71
98
79
97
46
75
54
36
97
72
30
41
51
26
2
74
35
29
68
13
74
27
22
13
95
37
37
60
57
41
5
80
91
84
77
38
59
84
26
8
56
56
49
59
34
51
33
21
32
53
35
58
80
9
72
27
98
61
87
55
2
44
87
94
28
64
84
39
48
62
0
56
18
49
67
5
53
52
26
37
5
61
96
37
22
68
64
20
29
3
27
83
47
14
29
27
79
13
19
79
27
19
88
46
20
7
51
25
60
29
63
17
91
59
55
13
79
71
86
60
75
13
43
74
28
25
2
59
90
73
90
18
92
30
16
64
38
67
90
98
96
53
67
39
64
74
5
43
46
91
55
73
56
50
47
84
75
1
95
66
26
86
36
70
16
52
35
54
19
25
4
67
30
24
59
94
98
16
89
96
59
44
69
15
94
69
0
70
22
95
88
1
33
24
71
2
76
6
56
47
31
13
66
13
37
77
7
87
93
48
84
52
92
5
68
39
26
20
61
1
67
1
2
1
25
73
3
53
80
11
52
63
76
18
77
65
96
36
53
41
37
89
46
81
46
14
20
73
86
33
26
53
34
28
6
59
53
61
64
33
73
16
49
1
35
78
67
83
14
72
76
3
13
22
85
59
88
5
84
74
91
62
80
25
90
86
37
44
48
1
29
73
18
78
74
5
56
93
88
