787
13
72
2
38
15
49
0
91
58
31
91
37
4
50
93
5
6
48
13
31
26
54
21
41
11
23
73
97
65
18
11
30
42
65
20
57
15
20
48
73
51
92
10
7
94
3
13
1
3
26
84
29
32
57
22
44
80
47
93
97
17
4
79
59
70
0
17
85
72
17
10
24
61
20
83
56
75
96
9
78
22
93
59
55
50
33
51
82
80
44
32
98
1
63
57
23
15
26
8
88
44
18
64
57
90
47
13
65
44
74
95
66
19
54
73
69
39
76
4
71
73
88
69
74
51
79
97
67
57
57
7
53
27
71
11
17
18
76
82
62
51
77
81
70
83
6
92
22
83
96
93
56
36
15
82
87
46
31
6
55
88
13
9
15
84
20
32
55
96
66
69
99
95
2
22
78
9
14
52
44
62
97
52
98
64
86
37
62
17
96
18
5
9
27
72
46
99
4
1
47
22
22
47
17
25
69
47
86
35
51
82
97
48
86
47
65
72
84
27
89
80
45
94
42
24
66
40
23
22
93
71
44
15
70
13
92
39
60
30
74
63
12
23
11
98
22
28
22
58
56
11
91
53
57
33
78
75
73
53
49
18
24
45
33
94
58
78
85
70
8
11
33
73
86
97
23
8
25
46
67
33
9
58
39
67
43
69
94
68
22
44
86
99
89
71
45
0
49
31
22
58
94
56
83
33
5
6
41
30
52
60
16
62
18
55
81
13
24
75
81
98
71
19
97
13
91
95
13
92
78
35
2
72
43
85
5
48
92
99
31
44
59
99
58
30
54
39
43
30
67
77
28
90
96
78
3
39
73
68
32
51
56
34
75
99
20
81
0
12
32
83
8
91
82
19
73
88
58
17
70
77
46
98
68
42
28
23
34
53
92
66
4
48
52
80
99
72
13
51
36
97
34
97
88
68
16
62
56
26
31
26
56
77
77
24
71
57
99
5
11
91
23
15
91
76
47
91
0
12
94
89
9
81
38
50
49
54
64
58
32
95
36
88
24
65
64
95
23
64
53
86
7
76
53
99
52
1
42
5
65
36
94
27
69
32
77
71
38
41
81
70
88
17
11
12
35
27
59
10
43
12
96
51
89
49
50
93
2
44
50
20
32
96
47
2
28
76
73
18
69
54
41
57
23
4
21
10
31
80
20
75
45
68
26
86
70
28
79
72
24
82
44
56
78
91
10
59
19
83
77
88
89
70
97
65
74
18
75
6
51
96
33
96
16
59
82
86
39
13
11
63
95
55
71
74
99
82
33
18
65
62
7
7
33
56
72
7
75
47
65
26
95
98
74
12
9
56
50
48
69
61
63
17
17
35
91
16
17
76
86
34
90
45
93
23
2
65
83
29
65
48
55
12
47
81
76
56
37
27
57
58
88
20
75
57
7
18
25
76
46
12
63
37
57
56
12
11
74
95
40
39
44
47
3
91
28
80
99
17
59
8
76
47
81
3
5
88
74
82
17
72
94
80
61
4
36
74
15
10
69
56
1
65
3
57
8
84
37
8
1
96
16
29
95
97
85
52
38
59
35
55
83
29
87
45
85
23
19
1
86
40
9
39
6
12
96
14
48
85
74
50
81
43
31
29
92
16
81
30
27
16
37
11
98
24
8
83
0
27
36
86
19
45
77
25
10
26
92
58
11
66
60
45
9
92
74
54
60
55
84
88
24
22
51
74
98
59
9
98
38
46
36
57
43
14
35
53
92
79
12
3
45
24
48
7
16
22
61
77
30
97
17
6
71
68
32
70
27
93
20
65
39
57
74
83
23
61
