554
15
27
29
7
52
71
28
19
83
93
45
64
2
28
28
71
80
21
14
94
28
69
8
34
59
44
75
45
83
0
76
50
27
5
9
32
76
38
3
11
31
0
75
33
28
4
56
61
77
70
55
58
92
15
92
3
59
19
0
95
19
76
45
47
81
55
31
10
93
34
73
76
34
49
62
15
5
18
76
34
41
83
44
85
99
88
88
58
8
40
53
27
17
51
26
50
6
57
12
51
43
86
79
78
35
41
93
92
12
21
78
5
4
23
90
3
11
30
14
19
70
19
99
87
70
77
90
76
35
2
79
30
88
59
60
75
52
5
67
64
26
98
21
31
21
11
34
32
93
0
4
64
20
55
3
90
32
93
19
19
48
50
50
36
9
10
12
14
16
31
78
42
29
52
73
2
63
60
87
9
12
91
73
32
46
28
75
78
74
46
98
22
96
0
10
58
10
22
72
78
6
2
21
87
54
46
90
70
58
77
79
71
20
4
55
66
84
30
96
58
28
46
32
25
46
43
35
9
17
7
87
23
9
60
11
16
7
53
86
17
30
17
88
50
21
44
68
5
26
16
16
55
63
48
32
61
91
67
22
9
26
10
84
87
22
47
3
81
0
41
99
30
58
87
32
31
83
0
89
62
17
5
69
32
53
1
45
97
20
68
58
46
30
94
85
52
42
41
34
42
82
85
25
93
24
57
76
8
58
65
22
27
70
91
11
76
92
56
25
64
76
35
62
6
29
47
11
71
88
97
66
23
82
91
68
6
48
44
66
58
62
88
37
32
79
48
60
23
57
85
39
33
72
1
92
2
1
3
25
41
0
91
16
34
34
84
40
35
81
7
45
43
47
83
27
27
83
88
2
40
25
42
26
98
95
18
0
96
73
77
90
25
69
6
59
3
91
99
90
24
58
36
67
6
19
94
85
54
34
39
47
60
33
73
58
29
43
10
77
16
87
67
41
8
74
52
64
17
51
54
41
62
90
60
20
61
6
57
68
41
96
15
1
30
40
11
11
35
73
88
51
60
56
44
69
82
96
85
51
99
39
44
13
82
4
33
95
10
90
63
3
39
30
4
69
70
67
32
5
40
20
8
53
28
4
74
62
52
59
13
4
98
57
17
32
13
3
28
76
45
91
79
84
22
36
5
44
3
37
2
96
58
62
49
38
67
23
1
71
82
14
75
32
72
45
17
37
48
45
13
93
88
93
30
62
29
35
59
84
73
61
32
83
23
81
21
42
56
22
14
90
37
41
75
