960
69
20
40
76
60
9
61
93
14
57
1
41
88
93
56
80
63
88
61
41
87
25
75
80
66
7
10
93
73
29
88
94
49
29
70
61
90
32
55
4
41
8
98
29
54
6
9
69
94
22
10
33
48
37
13
66
44
23
11
70
4
0
16
5
81
39
67
71
23
74
27
64
34
77
93
40
83
54
9
77
28
19
10
76
56
75
95
53
99
6
75
3
58
91
9
91
30
28
62
5
54
42
69
88
19
14
29
3
68
38
32
97
10
43
25
18
18
72
71
69
31
46
25
89
90
86
81
72
14
95
78
20
37
47
60
57
62
41
12
82
32
44
31
42
39
57
60
10
29
84
79
60
82
56
2
72
42
35
45
8
30
23
28
20
22
41
29
36
82
41
19
14
37
50
8
77
59
21
39
41
5
18
53
87
27
55
60
69
90
57
78
73
32
58
93
54
99
22
43
82
15
14
48
52
16
57
81
76
78
20
69
35
91
22
22
18
30
34
39
72
91
17
45
75
28
90
30
27
64
25
61
31
39
10
84
55
19
17
31
97
90
52
32
81
75
6
51
57
41
90
29
84
60
27
60
88
69
42
67
34
67
81
65
58
91
1
13
10
71
97
59
61
49
43
42
76
49
45
33
42
87
15
79
47
42
91
87
11
33
7
97
52
88
15
10
31
16
75
93
87
72
52
0
74
47
94
50
96
39
36
91
27
51
70
26
45
13
66
8
46
25
6
50
13
21
12
96
89
87
89
29
60
93
29
86
40
24
36
88
15
72
79
42
75
1
21
20
14
39
81
12
64
87
62
29
60
26
25
1
14
66
82
26
59
12
12
99
88
0
87
3
25
19
98
0
20
71
73
87
10
54
99
26
93
14
7
5
92
32
58
6
98
41
84
9
5
96
8
45
97
95
0
74
14
50
74
87
21
99
26
83
5
25
61
50
91
68
7
36
0
18
42
50
59
27
11
16
75
19
13
24
67
13
98
33
16
25
72
37
76
98
73
34
76
34
84
19
3
44
55
55
62
98
6
73
77
69
89
4
89
54
29
8
19
79
41
35
4
14
73
33
64
98
67
40
32
3
60
35
47
15
91
9
65
49
82
42
18
23
47
59
77
28
67
49
7
61
84
64
27
9
97
91
7
64
32
40
67
44
27
67
59
70
76
25
71
11
19
90
34
66
1
64
46
21
13
54
82
49
18
61
59
67
52
66
83
36
58
2
80
86
69
40
8
46
17
80
9
36
22
43
55
23
59
1
96
24
7
78
74
77
39
85
44
44
51
27
80
62
30
61
0
51
53
8
49
70
88
58
6
62
2
13
38
13
15
34
90
22
13
64
0
4
1
96
48
4
76
81
66
6
42
66
9
47
27
59
17
67
17
75
30
71
89
68
85
56
2
75
30
67
91
30
24
44
79
24
48
55
5
15
61
99
33
22
46
60
81
15
28
99
43
10
70
84
78
7
40
32
34
70
0
77
53
24
21
32
0
22
87
6
37
0
5
22
22
4
35
4
19
63
55
62
73
77
46
3
37
38
35
23
9
87
1
14
63
74
46
64
48
33
22
85
85
27
60
7
31
95
63
3
10
70
17
35
48
16
38
37
6
25
60
67
65
13
81
28
40
27
44
88
12
66
74
97
46
86
57
29
81
72
32
91
43
2
26
91
70
64
28
76
41
88
44
6
54
25
87
94
5
83
82
69
50
8
19
96
94
28
77
75
0
62
66
43
64
44
86
86
60
14
62
2
55
58
60
61
36
47
55
41
31
37
62
33
46
33
81
40
61
58
16
62
20
34
5
36
79
44
22
39
10
37
93
65
95
54
78
83
53
33
76
36
71
39
69
17
72
2
9
86
13
25
48
85
12
5
22
43
49
96
34
60
85
28
77
33
34
56
16
39
89
93
76
12
32
97
29
56
0
91
42
65
68
42
50
80
48
72
75
49
21
10
61
58
90
39
91
76
47
8
15
88
1
91
1
85
41
82
93
41
73
36
58
42
78
8
74
78
33
50
80
54
12
41
12
2
32
56
30
79
64
45
20
17
89
73
54
30
55
47
23
81
83
81
75
14
89
49
44
22
51
24
28
63
66
93
17
98
49
47
30
65
45
50
82
34
23
36
64
30
83
87
63
19
68
38
85
57
40
81
32
91
6
60
7
24
53
76
74
