714
18
10
29
42
66
34
62
64
32
85
33
92
26
9
66
19
68
60
70
6
60
21
41
63
84
20
23
75
47
39
68
66
49
97
8
67
31
70
83
15
7
16
60
33
26
78
4
46
38
75
52
50
48
45
65
32
18
89
59
65
80
79
83
82
76
92
49
59
14
85
27
22
53
87
7
31
17
12
29
55
39
34
5
87
31
70
19
49
11
30
67
92
10
50
26
38
94
75
98
61
12
77
35
66
16
42
49
33
6
79
88
45
13
45
32
44
67
3
46
31
34
65
75
96
67
1
34
62
28
84
75
41
13
10
59
29
52
60
62
11
39
2
56
4
99
41
1
19
96
47
50
82
64
77
78
31
78
65
45
58
1
20
51
15
30
62
44
35
23
59
98
14
61
54
19
13
47
20
32
44
19
82
78
35
11
57
66
41
74
12
99
75
32
51
90
15
13
35
2
36
46
0
51
59
6
22
72
54
94
4
50
65
38
28
0
49
37
66
90
11
30
42
39
15
93
29
30
58
16
84
47
62
84
50
22
90
72
46
96
18
3
98
83
41
79
83
43
68
1
85
32
32
79
71
99
72
0
81
83
69
65
30
83
49
32
57
91
56
4
40
74
7
90
57
0
21
92
95
90
45
33
22
29
12
93
28
37
45
9
20
14
74
2
98
75
34
55
19
90
11
11
64
18
1
73
71
23
17
66
65
14
99
87
44
64
32
24
1
77
34
21
44
60
75
94
88
9
1
7
51
13
18
67
83
71
92
6
46
9
73
11
75
24
50
19
40
34
96
41
64
30
14
8
42
89
54
30
50
55
37
1
20
7
20
4
31
12
10
77
73
35
41
49
12
91
20
52
78
16
46
42
98
60
50
41
2
56
71
52
11
61
6
84
68
26
40
99
91
2
29
64
38
70
65
2
13
86
6
91
2
52
33
1
13
35
94
67
91
65
71
55
26
77
39
47
56
79
98
99
81
27
63
71
49
29
25
15
67
32
6
21
84
92
74
49
79
68
16
23
86
88
78
12
17
69
11
25
0
10
24
33
37
40
57
39
21
82
54
88
66
12
9
51
56
84
52
36
4
21
59
90
61
89
55
78
10
66
56
62
76
80
95
66
20
4
5
41
39
11
81
5
23
91
8
80
27
61
68
83
34
79
74
95
68
29
25
30
95
81
92
24
62
39
42
34
96
99
28
35
10
9
40
33
52
1
65
31
62
33
15
96
12
89
43
32
70
68
14
17
50
58
93
64
50
35
98
46
34
26
81
44
36
73
30
40
74
95
72
88
81
87
36
45
28
79
30
98
48
44
67
50
3
61
14
5
96
12
51
83
91
84
27
79
9
9
19
84
57
91
24
38
30
61
83
58
92
65
8
92
10
28
42
65
89
8
70
37
21
73
72
64
9
0
43
18
61
62
54
18
6
79
56
36
92
92
47
36
57
55
29
19
35
23
36
24
32
58
14
5
31
86
69
40
38
64
11
0
26
65
18
84
96
27
73
88
71
20
77
80
27
6
0
63
81
88
39
13
47
53
18
30
92
39
23
82
3
34
82
82
99
53
18
96
80
91
36
3
63
13
83
91
71
35
6
53
24
45
18
71
51
89
53
95
28
