922
68
51
26
89
29
83
13
89
89
58
57
65
66
77
76
40
52
94
35
6
78
41
76
53
81
16
79
30
21
52
78
89
3
56
30
32
91
95
73
80
53
82
46
72
59
74
12
63
69
99
70
99
92
98
53
74
14
84
56
87
88
34
76
91
43
58
75
34
53
0
15
59
82
61
31
42
35
95
57
56
95
27
56
87
25
61
13
91
97
69
30
85
56
6
28
99
16
3
33
70
55
0
29
37
61
12
31
49
59
89
57
54
68
13
94
46
26
7
37
23
77
68
8
85
26
88
84
43
91
69
65
46
70
46
36
31
10
67
32
69
56
90
76
25
55
70
71
82
29
60
57
58
80
66
43
59
54
27
54
98
97
71
96
67
17
84
50
79
52
35
48
60
77
24
85
32
46
8
66
28
21
24
86
1
42
30
12
48
9
66
98
58
89
47
77
6
31
80
37
83
15
86
44
44
62
81
76
9
42
95
89
63
71
75
16
65
57
29
65
19
47
64
77
37
63
7
95
94
87
33
30
54
71
26
98
33
7
26
94
49
21
83
12
44
11
81
9
68
10
75
39
9
91
69
98
54
76
46
0
15
31
30
69
2
56
67
87
64
93
82
65
67
17
30
63
28
11
25
49
73
52
40
34
43
9
85
49
85
31
49
52
62
80
21
16
88
40
3
4
34
85
70
53
55
52
68
83
15
93
84
40
45
25
74
88
34
59
89
72
42
39
24
4
71
98
20
11
38
24
16
24
61
38
29
16
90
98
52
57
91
36
97
37
13
23
77
0
35
67
72
77
58
48
34
81
46
54
92
37
30
8
61
44
98
91
12
40
89
16
97
80
5
46
69
18
70
47
18
5
14
42
82
24
43
16
5
89
23
97
78
5
58
40
1
56
31
14
49
72
30
46
4
87
45
74
6
15
21
76
72
87
19
54
11
62
23
68
3
98
65
82
55
75
74
57
84
57
23
33
29
5
31
85
93
28
59
99
43
32
27
15
19
46
22
82
60
97
50
16
95
68
50
2
43
24
59
79
81
82
12
62
40
96
47
33
24
7
84
20
39
11
87
11
10
61
93
22
58
44
38
5
12
88
8
7
12
19
87
45
54
51
7
94
99
55
79
24
62
63
96
53
26
83
64
88
45
58
11
55
54
1
61
66
42
21
25
54
40
12
52
94
64
59
88
63
14
67
39
28
82
87
34
61
71
98
1
68
8
64
23
62
66
36
80
8
57
6
14
98
70
66
92
34
26
33
50
92
52
41
73
87
29
7
48
52
5
1
72
66
66
95
28
32
32
61
92
89
67
6
39
37
25
32
24
3
65
26
95
17
19
68
4
0
27
4
52
33
6
24
99
24
72
79
8
56
40
0
97
59
58
37
97
35
69
73
38
86
99
86
55
18
6
60
19
34
16
23
19
74
0
70
98
24
49
6
80
90
58
77
1
69
14
98
4
35
71
43
21
22
81
77
93
87
89
64
21
57
39
40
32
39
10
82
15
12
41
95
54
99
25
55
68
39
6
25
27
77
20
48
52
1
77
45
88
66
61
62
24
0
2
8
92
65
90
7
29
31
55
83
83
80
38
3
71
44
28
98
74
48
47
78
49
76
23
90
43
36
52
19
36
6
79
80
71
69
88
0
53
43
35
36
75
26
39
46
70
20
45
96
68
44
74
70
20
49
60
15
85
12
86
74
18
65
54
42
87
94
94
40
37
30
28
12
56
19
11
78
39
56
75
60
52
1
30
72
51
42
40
88
54
26
14
24
44
69
18
31
63
13
71
53
95
51
17
3
70
28
81
10
36
8
22
88
62
4
13
65
46
53
53
52
31
68
28
75
89
47
6
4
60
29
57
7
80
27
10
51
55
91
13
92
52
87
32
14
91
45
79
37
50
84
41
82
4
69
57
45
68
16
50
28
45
59
87
78
86
97
81
94
41
94
38
45
81
70
59
24
16
90
13
66
26
54
0
31
75
10
76
44
26
78
24
23
38
12
53
76
61
34
70
2
80
8
47
13
31
58
37
47
0
50
65
27
56
66
58
84
28
86
28
54
65
4
29
55
16
83
31
78
69
54
32
