408
97
63
64
82
94
45
56
8
70
36
30
59
39
25
52
18
11
60
78
41
21
15
79
80
78
52
6
44
89
72
88
86
35
53
68
82
50
24
90
20
61
21
79
52
98
84
22
62
44
52
3
65
19
35
98
50
87
56
94
28
29
35
15
16
88
83
98
90
60
41
11
73
14
42
77
12
26
51
74
71
3
30
88
74
65
86
24
4
43
71
32
24
6
99
92
94
35
43
84
47
84
47
20
50
90
49
62
68
0
89
91
55
71
80
81
88
18
6
44
13
77
28
89
83
28
34
29
63
29
65
10
13
13
82
15
55
83
77
23
35
18
15
90
41
47
71
29
17
29
73
83
6
2
72
89
30
58
70
93
87
36
55
52
1
37
67
8
20
97
31
55
15
98
97
57
97
20
38
15
2
12
98
8
14
22
50
96
33
20
41
20
8
96
73
61
85
92
69
57
89
53
64
57
51
13
66
49
85
4
16
87
68
66
96
82
40
98
30
73
18
71
46
79
19
71
40
4
63
10
13
5
63
77
62
66
42
80
67
28
84
35
15
53
1
63
87
94
61
70
19
32
41
65
11
61
36
3
17
52
65
83
57
80
12
71
47
55
51
66
35
87
2
50
92
55
66
32
49
79
2
21
11
43
86
74
56
75
78
26
79
43
9
36
24
21
59
23
28
10
89
63
49
43
66
42
99
32
26
0
11
28
21
75
23
60
49
32
35
79
58
66
23
19
2
99
40
13
74
21
75
15
84
24
59
2
18
10
34
44
62
98
24
84
73
48
96
74
32
83
54
90
49
29
61
51
80
53
16
54
74
91
21
11
15
80
13
86
42
48
82
5
98
7
41
23
7
37
97
39
20
3
81
69
32
42
72
12
95
88
18
70
79
40
81
46
72
94
32
67
94
67
72
44
74
13
67
33
50
