495
4
51
32
94
64
27
82
26
0
36
53
36
15
33
95
46
28
48
31
77
20
48
18
24
84
79
57
62
7
73
75
11
24
59
5
88
86
40
67
38
76
20
74
44
53
21
90
34
69
21
11
42
69
81
18
6
60
27
68
68
0
95
31
76
6
89
65
93
29
32
83
57
4
58
1
10
31
91
44
1
13
55
43
34
88
13
40
48
41
8
16
41
3
0
18
10
89
35
55
70
19
38
27
23
48
29
85
80
20
29
33
85
36
76
72
24
41
12
73
82
73
41
24
28
41
94
90
82
81
45
52
0
36
80
75
36
9
61
68
81
90
1
19
79
29
91
3
71
3
28
53
28
70
29
57
63
23
47
46
4
45
98
56
33
78
32
69
39
45
38
73
35
39
92
66
21
83
70
92
38
98
97
67
20
27
24
84
2
23
82
59
68
32
15
1
63
99
71
2
44
61
75
32
52
19
98
73
2
20
65
93
19
63
60
91
42
36
27
44
59
9
3
28
42
71
29
5
22
52
59
19
13
87
51
66
6
1
91
61
22
9
54
93
72
66
84
66
54
12
10
13
73
66
93
67
89
75
72
63
27
84
82
93
71
85
11
29
87
2
90
61
11
96
54
35
62
90
1
16
54
64
82
28
82
75
95
71
50
20
34
30
4
17
75
27
54
86
56
41
40
99
54
4
95
60
39
10
51
93
78
57
57
60
85
39
88
33
62
90
5
96
72
9
65
47
88
20
33
44
13
74
95
68
78
91
28
69
53
31
62
31
89
71
44
26
62
84
59
24
74
64
73
47
25
90
94
65
62
80
10
76
6
5
96
36
48
76
5
1
60
20
85
49
43
29
75
6
13
87
30
39
3
3
38
81
46
85
46
8
65
8
84
23
66
32
59
66
61
16
68
21
88
53
70
32
34
97
38
99
36
20
90
92
76
29
73
22
14
71
30
31
32
67
54
98
51
65
64
12
81
84
33
22
89
55
54
23
5
44
22
41
16
65
33
44
94
58
66
60
30
49
91
14
68
97
12
19
14
28
84
95
13
17
69
2
73
23
26
78
19
0
71
88
65
57
32
11
15
51
71
97
52
14
11
20
63
75
91
77
4
75
25
17
45
94
