192
18
89
15
69
4
50
23
17
54
9
5
14
44
52
25
87
29
79
96
72
34
19
64
27
51
57
74
63
23
58
20
41
47
87
62
3
37
37
20
91
98
77
58
42
81
35
81
62
14
77
35
49
96
99
76
99
56
2
15
31
60
35
24
59
22
38
62
11
75
34
54
73
63
12
67
45
48
49
7
62
26
42
63
75
94
91
26
50
93
41
34
53
76
58
12
50
97
74
61
24
8
16
98
24
28
17
69
28
18
28
43
45
71
6
72
17
98
98
67
43
40
53
97
68
12
61
71
61
88
32
85
48
0
35
72
81
53
93
9
71
22
4
68
45
11
92
62
61
43
81
4
35
35
53
3
47
67
74
60
7
59
45
55
59
81
80
92
86
73
54
9
95
58
30
40
21
22
2
82
65
84
39
0
19
44
56
18
63
82
78
70
93
