903
9
23
33
37
35
19
85
60
89
88
26
51
92
57
48
21
38
68
14
30
59
49
74
53
75
66
64
67
50
86
67
59
62
53
49
49
24
34
9
13
22
87
65
67
44
65
88
35
86
54
65
45
4
91
50
79
58
15
98
8
53
66
19
15
19
68
64
43
55
25
9
77
13
26
96
9
43
37
96
29
91
62
75
47
5
25
78
63
92
77
23
98
43
95
13
14
15
30
57
70
7
18
0
72
44
96
34
88
33
30
69
25
44
44
72
50
22
51
65
66
28
89
64
23
36
30
37
51
60
46
22
19
65
74
92
61
70
26
1
4
8
71
81
53
67
5
3
41
8
68
8
88
9
72
11
45
2
0
49
14
47
71
34
64
45
78
25
67
56
27
23
64
50
4
17
17
62
72
11
70
41
19
11
2
43
74
0
98
75
49
64
74
72
50
38
69
28
15
36
84
94
60
49
44
16
18
14
30
91
25
1
84
44
64
86
39
38
38
37
13
87
2
87
59
52
77
28
33
93
17
17
87
77
18
84
45
37
98
76
80
75
29
64
71
93
2
10
31
41
0
97
80
2
36
92
6
66
72
39
59
89
9
98
18
79
34
64
68
84
40
48
59
21
12
30
14
15
41
97
8
41
46
88
95
83
80
53
49
53
93
60
94
54
10
13
33
45
77
54
29
69
2
89
42
67
71
56
34
64
5
42
57
52
82
52
35
63
6
36
68
51
96
62
57
6
75
90
3
4
44
33
25
99
74
67
66
97
75
0
62
81
94
19
85
76
24
72
91
30
8
59
33
56
74
90
14
49
32
18
6
29
3
31
28
29
99
46
26
74
98
88
7
44
60
92
20
84
64
64
66
24
75
99
80
49
41
95
51
73
65
57
2
68
88
82
97
39
80
75
14
78
64
73
22
76
66
95
60
82
59
26
59
34
25
91
36
66
38
87
91
3
44
46
23
84
28
72
24
9
48
38
39
64
63
14
40
29
9
0
64
20
26
75
6
3
66
42
21
5
81
64
8
25
10
32
10
91
4
34
52
52
24
91
68
87
5
8
69
66
8
85
38
86
60
45
89
26
39
62
31
21
27
92
98
37
24
60
28
80
94
32
85
70
24
53
10
81
62
79
0
22
16
38
9
76
35
50
54
27
13
86
48
40
30
98
29
54
59
10
86
5
42
71
76
18
77
38
52
39
17
52
13
33
90
22
61
78
73
15
5
38
53
5
30
83
3
59
89
14
21
28
20
16
51
48
34
28
38
38
19
55
90
33
40
33
55
53
11
80
20
68
18
74
73
48
9
28
60
51
95
33
79
67
49
30
67
36
59
5
74
30
60
17
63
52
50
71
57
13
3
77
33
22
3
58
22
13
86
34
64
81
20
43
48
69
73
15
57
84
20
84
15
32
1
30
36
3
53
45
68
57
23
1
31
26
59
5
39
97
40
55
31
60
98
31
81
24
99
91
60
71
75
27
56
28
10
92
83
63
90
3
20
13
56
51
91
67
57
31
64
49
38
47
61
89
79
94
65
78
85
25
1
12
5
57
40
15
2
75
78
92
30
51
5
86
2
96
53
11
79
70
12
70
69
25
59
48
20
24
78
5
1
80
18
58
89
10
73
91
38
4
83
68
55
40
7
9
89
60
73
20
82
85
90
52
11
1
52
83
77
83
88
79
15
58
37
4
21
63
96
11
67
31
31
22
24
38
31
13
51
4
33
33
42
76
37
5
77
42
88
55
25
28
86
92
39
75
96
12
38
44
23
57
76
54
79
52
93
63
65
96
19
50
29
61
78
19
66
8
13
6
63
38
35
1
30
26
28
78
38
19
23
61
76
51
67
8
55
12
71
20
8
90
22
90
52
1
9
70
9
22
77
24
12
64
77
94
90
5
72
28
24
47
41
1
50
8
61
5
21
32
77
29
74
0
19
78
53
80
49
62
54
78
38
66
94
15
60
84
72
85
64
97
84
5
50
87
65
11
44
86
95
74
68
69
74
39
48
79
72
49
93
26
79
31
93
73
98
5
9
70
42
73
