865
22
92
13
16
45
41
42
45
9
79
85
63
74
60
17
64
73
80
15
75
54
44
39
53
34
54
76
27
87
25
97
9
70
63
25
15
4
20
12
65
51
98
80
25
58
97
89
31
78
56
6
32
52
45
37
87
51
65
66
39
91
64
0
13
79
78
28
83
50
40
1
1
90
81
78
48
79
19
31
57
27
90
41
79
35
30
18
39
95
85
78
38
1
30
51
80
8
79
15
58
72
16
11
62
98
89
63
29
8
94
38
87
84
79
67
72
9
85
11
4
70
41
95
23
71
46
55
32
26
71
90
50
39
2
12
89
43
75
18
4
70
56
91
6
87
58
78
96
96
41
53
18
82
0
42
6
46
97
38
24
20
80
74
60
34
87
1
30
62
20
34
84
28
25
91
16
36
21
64
32
63
69
50
97
69
44
55
68
94
45
92
14
26
67
26
12
54
28
42
68
0
28
53
80
6
96
48
42
69
65
26
32
34
28
82
56
73
37
24
67
83
16
81
61
83
60
25
89
40
20
58
40
48
63
72
54
59
21
96
28
86
22
13
72
51
95
28
76
84
4
43
19
73
76
80
56
88
58
46
28
78
56
68
26
19
41
81
78
14
29
58
0
4
71
72
7
18
53
83
3
57
78
74
82
6
7
39
95
65
37
23
43
45
44
21
64
37
2
94
51
84
52
51
88
76
75
47
94
28
30
49
38
60
76
20
66
83
11
61
48
0
85
43
45
81
64
9
18
19
3
69
3
8
72
43
84
47
90
30
28
72
32
66
32
8
38
50
91
50
12
91
50
49
34
48
30
50
57
0
21
13
21
76
21
93
71
57
92
61
87
20
85
71
38
69
79
77
20
22
79
84
13
81
85
99
29
67
2
39
67
23
52
88
0
25
81
71
34
25
85
73
46
22
45
84
92
24
13
64
47
92
48
12
26
85
12
55
52
66
94
19
89
98
59
41
75
92
65
9
17
2
83
63
24
28
0
68
4
13
84
3
58
84
16
84
69
80
91
21
46
86
92
87
36
51
81
64
95
46
73
13
0
8
28
24
88
28
45
93
94
29
48
52
14
64
88
83
96
79
57
94
17
49
34
6
53
15
70
0
13
95
13
13
4
42
89
44
22
34
89
68
16
38
20
30
54
60
65
3
40
22
97
9
24
31
15
29
98
85
29
11
81
95
76
37
89
66
33
11
52
23
80
68
61
52
50
67
65
68
70
5
42
20
66
66
3
82
47
2
19
29
65
52
24
42
41
13
60
75
76
12
98
56
33
11
61
35
78
26
3
1
83
46
21
49
64
24
83
12
78
3
41
44
55
17
38
97
30
98
72
58
62
22
15
47
85
28
83
63
54
86
16
37
32
37
38
97
14
22
9
92
25
2
88
32
71
26
81
53
76
5
11
91
27
78
38
12
6
21
28
60
8
44
49
40
34
88
89
0
10
50
92
87
4
33
19
75
11
1
28
88
6
40
79
86
70
69
98
77
91
78
37
51
75
39
43
9
27
33
9
89
83
53
76
88
38
47
15
50
0
44
90
59
36
21
45
6
90
95
83
33
74
73
84
49
64
80
10
43
13
71
32
48
76
60
88
67
59
4
17
60
0
59
19
36
80
64
94
22
59
30
8
85
55
44
86
19
24
96
62
37
19
46
38
48
6
26
15
65
30
32
77
82
43
96
70
75
60
65
49
72
95
57
9
2
2
96
21
26
44
35
16
16
81
54
64
39
32
79
56
15
63
34
97
6
82
68
33
95
33
82
67
80
40
28
34
94
24
55
20
21
42
88
37
75
42
53
66
27
84
74
42
47
8
39
5
91
59
38
38
92
72
5
24
12
85
58
6
62
65
79
83
59
67
72
34
62
77
52
89
61
27
83
8
87
22
65
30
82
55
68
26
27
25
3
40
11
13
98
73
79
29
8
90
49
32
25
11
9
29
52
22
56
87
82
