699
10
73
82
66
88
77
21
15
2
59
9
14
44
44
62
63
60
55
24
3
15
58
93
0
81
31
34
52
24
66
29
34
39
11
0
28
88
73
95
90
32
56
57
76
0
71
91
12
26
68
16
93
26
61
93
7
93
79
12
69
45
41
3
37
52
55
17
92
28
12
35
12
20
92
40
20
63
32
33
89
0
1
35
78
62
28
38
7
60
50
76
5
43
31
42
95
86
11
39
14
23
74
78
43
66
19
16
81
51
1
23
51
54
58
81
16
38
19
76
98
21
52
56
64
84
50
11
22
62
51
37
37
77
15
33
96
86
49
77
37
2
0
40
56
58
22
24
49
93
0
47
15
53
3
31
89
6
43
11
68
46
0
5
23
68
38
19
54
39
97
44
93
49
84
49
60
58
26
9
52
26
56
19
31
12
50
20
18
45
84
38
91
84
95
67
4
34
86
59
25
35
3
19
37
39
20
97
98
46
6
2
73
14
21
56
78
23
77
48
21
13
86
12
97
82
79
54
68
18
13
45
5
68
16
42
7
37
39
57
35
97
59
60
64
32
17
42
8
46
91
29
59
29
41
8
11
73
62
31
43
27
77
48
95
93
43
55
82
34
12
18
32
24
78
48
8
95
90
16
93
33
45
52
63
39
13
26
64
27
58
7
55
87
7
2
32
50
57
15
37
22
33
69
46
63
17
54
11
59
23
4
45
68
9
8
59
74
86
23
1
96
82
56
83
42
59
16
44
16
83
81
90
68
2
88
31
71
95
94
31
18
51
76
38
60
36
98
34
22
73
35
19
8
44
54
2
3
22
46
71
57
80
62
25
34
50
9
6
45
3
89
15
54
17
54
66
53
4
52
27
29
40
98
37
84
5
39
87
79
38
10
37
70
72
62
4
75
23
62
72
27
51
40
33
20
94
52
73
98
4
53
27
44
3
17
28
8
8
67
88
98
78
25
20
2
39
25
29
63
39
54
42
91
94
27
63
88
79
89
38
36
42
17
32
97
86
13
6
95
80
46
45
10
23
66
65
14
43
94
29
82
48
71
25
94
51
89
82
82
78
72
70
72
42
3
69
28
16
27
75
48
25
21
11
48
87
76
15
30
22
44
12
23
68
90
17
19
79
0
53
57
24
24
29
66
27
50
95
95
78
22
95
3
43
6
4
30
34
19
12
57
63
77
80
83
67
97
54
98
49
8
7
74
32
36
92
11
38
39
58
16
62
5
20
5
64
24
88
98
95
52
7
10
29
39
94
48
37
48
46
38
8
53
64
92
41
57
3
80
48
13
48
10
19
68
68
83
44
56
33
39
60
41
50
90
80
96
90
69
44
37
8
5
42
24
97
36
81
53
16
82
66
64
92
37
85
12
20
81
20
6
21
81
99
23
71
31
19
13
1
15
50
61
20
45
85
70
81
19
23
49
1
89
13
45
27
50
58
99
32
78
57
5
59
56
28
82
88
47
96
41
14
98
2
87
43
39
57
76
10
80
25
63
21
39
61
48
41
19
0
73
49
57
78
61
66
58
95
54
57
43
95
72
42
49
11
37
40
68
14
51
0
39
66
21
30
27
22
24
