810
31
17
21
70
40
24
9
1
6
91
36
55
29
20
77
2
96
57
54
37
70
46
58
53
22
66
20
50
97
26
4
81
44
25
3
36
1
64
89
7
55
25
15
85
98
92
39
46
1
46
83
71
92
93
76
15
59
97
17
9
75
21
42
71
98
45
8
0
9
97
59
65
75
74
2
25
19
93
71
20
39
54
44
32
48
20
99
59
69
68
20
45
41
62
68
39
7
76
39
17
26
99
34
1
25
88
26
44
81
97
17
21
3
61
5
3
33
56
15
55
24
35
0
65
98
20
4
57
97
96
26
23
47
60
76
72
48
2
69
82
51
86
55
6
47
60
62
32
68
77
87
92
64
39
9
14
60
65
72
57
13
98
32
60
11
8
33
11
62
54
93
13
40
48
71
39
60
33
71
28
10
11
72
75
50
33
89
62
99
13
71
12
64
3
25
75
63
58
86
25
64
80
90
4
80
62
43
41
95
66
21
58
77
46
85
28
79
26
90
78
40
62
43
56
17
68
31
81
78
69
6
42
49
49
46
82
11
41
23
58
7
96
16
37
42
53
65
22
80
7
52
72
21
47
28
91
15
11
72
45
80
30
87
82
79
85
64
42
26
39
1
86
35
69
23
30
23
40
4
55
99
56
79
73
4
59
64
71
70
88
17
2
70
56
84
2
42
0
44
20
39
97
58
27
67
81
57
42
73
61
49
73
69
28
98
25
87
62
49
9
2
66
11
72
22
48
26
16
48
71
37
88
68
47
67
87
29
76
29
54
89
78
79
58
58
77
36
97
91
85
58
45
3
22
18
77
70
44
94
18
67
83
58
88
30
77
75
11
53
57
66
42
87
45
53
46
75
89
95
66
26
54
12
29
76
82
58
98
78
52
16
98
87
27
86
18
4
13
81
58
70
47
0
10
45
5
8
20
94
3
38
72
57
2
1
85
36
60
83
67
64
52
65
52
79
3
22
35
16
3
45
39
3
98
49
48
3
9
20
98
12
10
70
22
65
24
59
1
36
43
68
0
47
85
4
78
88
78
13
57
82
59
96
85
57
97
85
60
6
57
10
70
19
33
92
84
9
52
86
45
47
6
97
94
92
54
72
32
32
37
89
14
96
85
51
5
34
88
18
40
97
28
11
17
13
55
53
22
59
91
19
6
98
17
52
42
23
24
74
55
62
64
22
10
1
25
16
36
14
86
28
63
66
91
32
80
99
86
54
58
77
74
17
27
43
69
69
66
46
96
21
8
12
95
70
65
21
38
53
87
24
34
50
91
25
83
71
76
69
77
35
98
51
52
26
46
73
47
12
19
43
86
79
7
81
50
73
2
88
78
89
13
12
92
4
38
75
27
14
96
4
1
94
8
5
20
54
79
20
19
98
63
57
78
23
38
80
48
93
68
26
34
33
39
26
89
29
53
68
95
49
25
97
44
33
54
16
39
33
36
58
84
52
67
62
75
6
42
75
51
62
1
85
96
40
64
37
21
17
6
17
67
31
66
63
16
20
79
55
6
16
66
90
20
33
52
95
91
46
22
42
60
23
80
8
16
44
46
37
61
52
6
28
35
72
91
51
45
23
6
51
91
72
41
11
58
45
58
49
43
80
92
3
3
72
64
71
68
10
9
29
14
67
10
49
92
53
0
37
76
58
88
67
31
81
78
41
78
36
90
21
16
34
76
72
58
40
43
26
2
4
8
16
72
18
65
64
23
17
53
0
76
93
19
59
74
50
0
4
38
42
25
55
77
53
79
35
46
74
14
48
79
22
17
3
92
82
19
15
0
24
67
28
17
87
87
43
37
87
47
75
29
24
82
58
77
13
46
75
88
