562
89
28
43
42
59
62
53
48
42
6
60
94
25
61
72
35
31
77
52
47
9
6
92
72
49
88
11
66
18
24
77
7
5
72
49
16
35
55
16
29
61
28
75
87
90
47
74
21
24
78
21
85
84
13
10
86
53
21
52
71
97
82
30
2
54
79
70
41
86
86
22
0
15
97
39
57
96
13
78
72
91
51
58
28
64
68
14
69
89
18
40
86
0
70
41
55
2
11
48
88
50
71
40
17
68
79
26
17
92
56
89
36
8
47
64
72
15
30
94
56
48
34
43
1
57
36
8
59
99
56
99
1
27
40
18
48
71
44
65
64
1
6
52
61
54
68
85
21
98
79
78
98
14
73
99
23
9
7
82
8
16
33
10
43
25
80
43
97
77
8
13
30
67
17
91
21
85
28
94
35
8
24
33
74
97
85
97
58
44
31
19
60
64
81
4
42
61
99
91
90
60
56
72
27
73
15
0
58
44
94
45
52
19
78
26
68
15
23
27
60
54
98
20
70
79
76
64
92
76
55
83
36
11
7
15
36
23
15
46
67
9
91
71
80
70
49
49
85
24
28
97
30
26
18
52
5
46
17
49
74
24
32
62
88
40
77
24
15
92
71
34
54
62
5
86
84
6
87
22
30
67
19
60
93
89
64
50
88
81
0
62
6
84
77
94
76
54
70
91
99
41
77
5
56
34
91
92
40
31
14
22
98
86
34
44
27
99
46
15
80
98
30
38
83
7
84
11
61
55
55
12
48
32
17
56
67
61
49
59
92
63
82
42
1
68
86
29
67
85
44
0
83
26
90
18
33
75
30
95
82
37
59
82
69
77
39
88
90
40
0
34
55
34
76
57
2
15
86
70
0
82
22
35
9
12
54
42
39
36
89
73
73
1
56
94
30
47
83
20
87
35
6
42
69
82
51
71
49
89
93
1
24
15
37
33
80
91
27
19
27
69
45
0
70
1
94
52
0
29
72
39
64
78
33
85
12
85
57
14
74
50
15
98
18
52
83
98
43
63
69
22
84
14
74
54
67
21
6
67
50
30
58
67
60
92
52
24
77
61
38
3
12
54
54
82
6
89
32
2
52
1
24
36
68
99
42
35
20
0
55
22
82
13
41
94
5
94
19
34
55
9
90
19
63
96
1
22
85
85
76
90
87
52
78
55
51
73
42
23
73
97
98
8
63
39
2
20
85
73
55
93
83
97
64
98
93
18
72
78
3
0
20
90
53
99
97
56
72
40
80
97
89
30
5
4
69
60
25
7
85
80
0
