520
64
26
40
46
54
82
94
14
28
89
49
31
87
19
29
8
31
92
73
7
12
54
68
88
24
26
7
79
30
98
56
94
25
49
92
31
83
86
46
12
27
47
43
15
67
24
75
98
17
49
57
81
55
77
69
31
4
76
63
34
27
71
28
52
20
72
83
56
58
81
68
37
81
63
4
48
40
80
98
57
81
55
90
88
32
59
19
36
87
34
22
14
6
2
66
78
74
2
34
84
35
54
22
16
70
26
16
10
58
14
19
91
21
9
31
6
68
51
94
55
37
17
70
43
19
88
22
94
42
8
78
78
63
52
46
85
31
63
95
41
29
14
85
51
23
16
57
43
19
51
98
57
20
20
0
40
61
74
86
3
83
64
33
98
69
80
35
0
43
30
93
24
96
78
75
71
95
84
14
14
88
64
23
8
85
24
48
46
50
34
1
85
51
35
35
72
15
70
72
10
0
17
34
48
96
62
19
43
46
33
57
34
98
81
95
35
57
95
33
59
82
34
45
33
21
80
5
88
51
29
98
3
46
85
52
94
47
71
37
93
57
47
80
7
80
75
94
37
22
27
96
4
13
93
37
35
26
94
23
29
75
74
32
74
59
36
68
6
60
58
51
69
5
83
76
85
10
70
74
33
49
22
37
14
16
27
1
42
73
77
71
49
51
55
75
62
92
95
68
4
53
71
73
58
55
1
43
65
71
17
98
72
40
88
86
8
15
88
2
88
65
73
89
16
28
64
78
72
60
98
28
65
21
1
24
76
2
19
94
25
89
44
97
81
32
84
89
47
72
91
88
37
16
77
5
96
94
35
69
6
85
49
71
6
51
95
83
5
67
29
31
56
73
28
37
58
64
78
57
88
69
45
25
85
75
82
33
69
17
54
75
2
4
98
61
55
94
44
12
61
25
43
69
98
24
6
56
40
84
66
29
5
11
6
42
86
89
75
7
58
30
34
13
34
33
74
41
79
70
5
92
95
49
61
45
25
67
54
65
3
20
94
8
83
53
2
22
42
77
29
52
59
16
17
45
49
91
38
80
13
44
72
60
45
33
6
70
52
12
87
55
84
82
15
67
87
17
89
29
46
71
33
58
87
51
3
88
94
42
68
8
38
92
68
83
25
26
53
77
38
40
84
74
74
99
42
61
68
83
42
66
54
28
24
93
79
28
33
73
22
