641
30
11
43
86
40
70
46
49
58
98
99
83
94
62
37
28
26
29
62
11
98
51
73
19
92
72
16
26
25
62
21
7
73
64
93
13
86
91
62
45
90
62
28
84
76
17
64
2
46
78
65
44
29
91
15
74
15
32
0
40
94
22
48
19
38
93
33
77
85
47
22
75
61
2
11
38
72
27
92
18
6
58
15
87
1
30
61
16
14
14
8
60
88
56
80
78
50
65
55
87
12
77
14
74
32
77
64
4
4
56
74
10
66
41
98
67
24
11
35
38
25
44
51
13
52
31
92
54
48
47
41
60
77
7
86
61
84
50
17
89
7
91
99
25
33
49
93
57
61
80
47
86
24
98
52
77
81
44
31
29
43
25
42
72
32
28
85
69
31
2
58
90
94
9
15
79
59
60
88
20
41
35
58
65
86
10
94
19
6
78
1
2
55
95
74
39
23
12
8
54
14
66
96
8
76
12
87
87
72
75
7
13
63
65
31
1
28
77
20
86
55
73
88
62
68
15
2
92
27
10
98
41
77
95
2
5
59
89
92
31
17
51
97
80
68
80
81
96
57
53
83
65
27
23
27
95
38
29
39
65
40
90
59
69
85
61
74
96
2
18
27
19
69
76
51
37
56
84
86
66
38
69
31
17
92
10
12
83
40
4
48
32
94
59
1
31
20
27
27
23
45
6
94
66
83
46
3
91
30
89
57
20
10
40
37
55
51
2
38
91
6
38
75
0
98
28
31
70
55
58
45
52
64
40
70
99
86
73
91
68
15
0
89
77
41
26
32
92
28
70
35
34
61
62
86
59
90
17
81
45
27
27
49
44
67
19
43
5
44
86
73
11
87
62
89
28
41
21
72
21
44
59
8
5
21
94
16
11
64
97
8
43
76
9
87
43
28
83
48
24
69
74
36
8
88
25
88
81
98
12
3
42
71
63
99
44
57
67
7
73
65
15
69
93
76
56
37
56
91
37
81
13
63
17
21
52
94
10
33
92
22
88
87
46
51
86
90
61
54
50
34
71
17
3
64
94
12
53
50
55
43
31
68
58
0
90
10
94
0
96
39
74
36
26
72
88
12
63
49
18
13
35
41
30
91
6
76
55
11
27
10
6
10
79
65
11
21
27
57
73
75
96
47
12
74
20
52
87
35
1
57
0
88
99
30
31
57
59
86
20
86
49
27
96
80
44
59
1
71
69
74
99
17
21
11
92
93
63
31
28
16
88
80
56
39
63
88
96
22
26
69
8
75
48
56
7
92
68
8
15
89
82
14
6
4
77
98
49
40
81
30
8
70
10
65
61
73
53
10
95
31
79
55
59
27
12
66
19
32
75
86
21
57
1
27
13
78
78
15
71
59
45
79
81
55
44
43
29
49
53
76
33
84
32
92
11
96
58
82
28
85
68
1
95
21
80
8
0
10
23
71
70
20
2
3
76
47
46
57
48
51
