287
49
45
34
14
89
21
84
62
47
23
52
59
75
14
96
36
25
22
31
42
19
9
76
71
20
27
55
64
16
46
48
65
91
83
31
33
4
16
95
4
91
99
63
66
14
12
2
39
34
34
33
6
43
10
77
16
89
84
80
57
31
80
22
74
63
53
7
20
21
54
24
12
54
39
31
20
51
33
11
86
19
45
92
15
7
21
31
48
5
63
5
88
43
79
63
59
32
70
79
6
77
55
70
31
94
1
3
98
87
14
84
6
11
28
21
70
1
4
18
6
19
75
47
15
54
10
74
39
32
5
45
9
60
67
92
6
69
95
4
8
62
40
14
25
20
88
96
21
44
66
80
16
42
27
31
48
37
57
87
21
14
84
31
26
52
75
32
73
23
37
81
85
77
47
10
98
87
58
19
32
25
51
0
19
78
83
67
15
40
55
89
6
91
20
32
95
47
64
20
70
1
53
55
31
1
18
81
40
76
0
24
53
52
24
72
82
7
40
50
99
47
39
5
90
59
37
86
58
54
6
29
7
60
84
38
13
54
19
53
83
72
30
36
76
54
9
58
62
1
60
13
48
99
19
38
10
8
76
69
14
83
98
22
95
34
12
8
41
84
13
24
8
43
60
84
50
21
94
12
22
55
25
22
6
96
13
17
