966
89
0
26
36
57
24
76
14
99
19
46
41
72
95
56
67
11
43
41
83
61
40
3
44
0
89
61
49
83
90
93
24
42
71
61
51
48
89
17
99
9
64
40
81
59
48
48
70
91
42
6
5
82
9
49
34
50
11
83
86
53
29
10
95
0
71
47
0
61
16
99
70
80
39
3
40
39
4
62
31
46
68
88
80
29
89
67
80
52
50
18
5
31
28
53
84
0
52
84
13
68
84
35
49
75
38
41
15
94
3
98
92
24
38
73
53
27
92
85
80
94
3
85
26
32
90
10
84
42
46
49
63
30
84
64
58
74
5
25
69
60
75
61
84
13
86
38
40
78
75
20
73
79
58
51
63
0
61
47
95
7
96
58
90
32
22
0
6
79
77
75
39
52
37
76
65
23
66
57
54
41
30
79
72
40
30
35
40
43
34
35
50
82
45
92
14
67
92
21
46
69
96
38
73
85
14
90
61
32
48
67
73
30
46
46
70
76
33
62
71
68
50
21
50
95
66
65
15
10
38
13
32
86
51
5
72
17
96
85
49
96
52
75
78
98
73
48
26
6
62
97
74
12
70
77
60
36
42
75
99
32
88
31
18
92
36
90
9
84
75
11
32
27
86
10
77
11
10
3
17
73
52
44
37
23
21
97
11
15
24
10
47
13
41
65
5
30
8
66
66
35
77
99
63
15
9
92
26
20
96
96
45
48
40
82
23
13
32
35
80
56
45
27
21
39
44
26
69
4
45
35
40
22
86
55
90
48
47
16
20
95
64
65
96
56
99
19
69
31
6
49
40
52
28
61
91
25
40
12
81
85
99
21
59
86
28
49
34
76
18
54
23
82
71
19
39
70
91
60
54
97
62
46
1
42
7
92
67
47
56
49
84
56
22
44
94
51
45
28
79
63
34
2
98
57
74
37
79
65
49
33
14
11
31
16
54
39
60
73
38
17
22
75
25
97
19
19
48
64
99
27
80
85
81
78
42
55
67
21
20
16
7
35
28
38
3
34
29
63
7
20
80
82
95
5
79
14
76
79
30
75
6
62
60
87
40
2
43
59
76
15
76
83
2
56
73
57
42
3
21
49
23
1
83
18
59
62
84
35
93
66
11
99
81
23
39
21
26
34
33
54
1
9
37
56
17
62
13
59
65
34
8
40
88
44
10
99
58
46
86
52
13
49
51
94
73
42
67
51
28
0
5
30
61
42
86
78
4
51
37
22
86
98
62
26
42
25
25
0
71
11
4
84
61
8
30
34
50
50
37
79
2
42
61
16
36
47
46
92
98
36
14
36
86
29
62
28
54
39
80
25
3
37
62
16
45
44
2
95
46
39
26
1
81
87
69
17
86
15
9
37
51
76
73
37
57
88
17
11
79
50
88
82
87
2
98
32
47
0
79
45
39
58
98
72
45
67
41
84
83
51
21
34
79
46
24
36
86
93
99
66
43
87
0
82
90
51
66
89
51
46
86
43
4
85
67
1
52
9
85
35
12
58
22
91
5
98
27
91
91
78
9
35
65
10
17
7
61
36
48
64
82
35
59
38
20
27
91
24
36
29
12
0
87
86
91
92
84
70
36
75
48
45
62
65
55
32
73
16
68
21
33
2
8
92
40
80
71
83
5
59
12
17
59
0
3
2
44
39
72
80
14
72
26
29
38
81
61
63
50
81
36
35
83
45
27
75
25
51
58
82
10
71
99
70
71
54
72
15
93
97
48
60
69
74
89
59
7
2
22
57
83
59
44
66
56
72
41
81
75
99
64
85
22
15
7
45
22
32
13
67
81
61
79
50
35
20
62
42
22
84
52
57
95
96
75
51
20
16
85
95
68
1
33
42
68
92
88
90
24
1
10
5
62
89
8
49
10
22
91
84
58
95
42
54
44
17
57
16
86
94
64
6
95
97
48
64
89
36
6
66
89
68
23
51
58
83
0
20
5
44
56
64
91
98
70
35
68
27
4
6
22
68
12
69
17
60
33
58
49
92
24
38
60
0
42
70
83
42
90
89
38
99
53
30
97
23
17
17
2
21
23
76
41
35
46
58
48
79
17
49
23
93
87
36
93
29
6
29
24
49
18
62
48
23
44
97
98
14
15
52
87
38
29
29
26
75
39
26
6
56
75
30
2
62
66
47
44
24
76
68
73
46
82
21
21
79
71
71
45
86
24
32
76
53
13
