646
17
91
50
66
61
96
95
41
0
89
46
64
22
75
16
43
26
78
45
76
86
55
38
38
1
54
93
69
97
62
47
67
5
97
33
66
45
28
60
46
17
58
62
92
33
30
35
11
9
32
88
47
40
78
38
93
33
31
63
82
45
10
49
50
59
34
68
4
15
28
2
84
86
65
76
72
95
63
83
56
48
23
56
88
2
94
81
35
77
96
17
22
58
19
24
17
53
92
74
68
73
28
5
11
93
81
83
41
45
19
97
45
42
53
33
96
99
66
31
76
63
1
98
21
20
74
91
25
67
17
46
92
45
51
3
39
32
39
80
29
10
29
74
4
35
59
1
34
26
84
63
41
85
13
62
57
88
5
35
7
22
81
99
68
32
2
59
16
93
91
98
3
20
24
8
7
84
9
42
62
45
5
3
31
70
17
40
58
75
75
65
97
8
64
17
92
19
76
9
64
19
7
68
40
83
76
47
67
37
41
29
82
98
84
65
69
54
58
79
29
85
97
26
94
61
96
86
32
24
47
97
44
6
17
36
90
93
35
57
82
29
39
64
27
75
82
48
29
40
28
58
25
25
37
71
38
85
58
23
9
57
72
5
64
89
93
54
34
29
63
16
58
54
32
37
30
14
86
11
54
66
22
32
43
11
3
81
96
13
56
57
71
28
63
35
69
56
41
3
37
56
71
95
63
4
85
45
70
71
56
77
89
30
9
32
41
64
65
37
78
22
47
1
2
62
88
72
18
29
75
8
37
47
3
0
3
88
45
73
11
54
50
0
84
11
84
78
76
50
67
54
72
14
55
74
76
43
46
47
24
74
55
13
21
10
14
76
51
11
49
62
17
52
15
54
63
99
32
39
1
99
45
73
14
0
0
42
95
46
89
71
72
44
85
45
55
51
21
58
14
23
20
32
75
87
86
38
39
70
78
40
69
23
66
35
76
66
78
23
64
19
95
37
16
32
82
71
83
4
29
97
27
1
81
54
41
67
92
32
89
70
72
59
46
38
46
74
56
76
97
21
96
44
10
12
76
92
35
11
48
16
9
27
69
90
81
62
10
74
94
51
96
19
10
94
9
9
68
66
85
66
39
33
62
49
97
39
41
84
2
42
0
11
69
22
54
3
84
16
29
31
67
25
50
30
72
59
91
40
77
28
58
16
62
21
65
11
12
59
96
14
1
48
78
22
70
84
25
7
52
6
38
71
32
40
53
4
99
44
96
77
73
55
93
87
28
11
50
92
70
46
58
23
47
88
45
69
72
23
76
76
29
66
0
13
6
53
69
58
50
66
87
23
73
32
62
53
43
12
45
65
11
3
88
58
92
86
27
16
9
56
45
90
22
45
4
81
98
25
39
48
91
78
23
16
10
37
69
54
2
66
19
13
70
60
23
14
46
2
82
7
58
79
97
33
24
53
14
75
79
5
75
22
35
51
39
45
88
60
99
90
27
71
55
49
31
