833
89
59
92
37
15
17
0
64
71
9
80
85
77
34
84
55
21
71
31
89
30
62
50
32
50
13
80
34
74
55
6
64
66
98
53
82
67
53
98
91
63
78
76
40
64
12
47
38
35
31
79
65
93
29
50
95
94
30
30
21
38
88
37
4
38
90
86
58
95
36
49
10
14
77
3
31
89
50
21
24
33
0
41
78
81
43
74
27
74
56
48
64
44
85
68
82
27
7
92
75
43
41
85
10
18
88
41
59
91
14
35
76
14
29
55
47
72
29
74
98
85
75
62
81
12
31
15
40
38
8
15
81
1
52
43
72
93
36
31
36
50
19
12
16
48
67
63
20
48
90
71
85
65
33
66
77
16
34
17
54
42
84
88
43
89
31
15
82
68
99
18
70
18
30
87
66
50
50
38
98
40
9
36
57
43
2
35
59
36
4
66
30
89
6
26
78
89
41
12
9
40
30
80
10
12
19
28
62
69
67
13
62
28
49
71
71
3
6
83
92
11
1
22
52
59
48
30
48
42
94
10
34
24
90
45
36
9
25
51
30
92
16
44
21
65
16
44
20
74
79
12
85
32
87
37
91
87
19
92
81
13
2
16
89
44
13
78
5
38
29
87
83
45
84
56
62
52
0
82
26
32
47
64
64
86
1
8
25
73
52
7
86
6
75
76
50
88
54
7
78
35
46
13
32
30
69
94
34
22
28
61
54
27
77
70
13
78
30
39
3
82
98
42
88
73
18
90
13
24
97
91
11
96
5
43
26
26
89
13
48
17
26
54
97
3
77
10
33
7
1
37
90
99
79
78
72
49
69
85
25
18
29
36
14
86
31
93
12
20
6
13
89
32
67
86
87
44
49
20
4
2
57
94
54
36
24
26
37
45
64
62
16
45
98
30
31
81
75
95
1
33
60
43
17
80
81
4
24
30
25
80
85
34
74
39
23
51
17
60
96
81
23
12
78
73
95
9
55
22
57
8
56
17
51
25
97
33
30
74
15
7
54
0
93
81
39
16
32
57
77
28
90
52
93
69
77
40
30
84
62
39
93
70
57
96
96
6
29
78
32
97
37
39
97
30
20
89
47
4
98
76
32
40
80
77
61
57
17
92
42
80
83
87
50
92
83
98
99
65
76
83
62
13
22
59
96
42
0
43
46
98
71
31
39
51
60
52
60
78
44
54
10
80
41
12
72
77
11
23
42
39
7
4
5
29
15
1
24
16
96
70
66
19
53
57
70
14
10
82
44
6
37
54
86
30
66
59
7
77
82
49
69
89
53
74
71
21
75
95
37
23
65
55
42
71
13
64
85
75
46
29
81
35
35
20
66
1
79
73
31
13
75
0
55
80
74
26
1
1
21
90
24
38
98
18
9
11
82
46
38
80
75
19
16
10
39
82
64
70
7
95
84
34
95
39
15
21
17
68
22
38
59
98
76
57
16
38
20
50
84
58
30
12
29
46
74
69
80
38
39
40
33
75
74
80
66
89
53
83
58
75
73
69
25
2
78
93
40
98
43
24
8
74
36
37
72
11
6
5
1
98
45
87
25
19
19
44
61
73
27
71
0
53
92
26
55
70
19
95
20
15
71
28
41
8
65
13
71
24
18
24
74
15
11
99
87
31
95
48
56
75
71
56
28
63
34
83
33
6
30
53
21
1
81
62
61
98
27
84
22
98
9
48
13
72
0
0
55
95
0
11
70
71
68
98
86
2
33
19
8
15
24
81
17
57
43
78
8
23
63
82
21
24
31
86
96
31
87
52
78
39
63
49
63
83
99
49
86
85
21
46
0
45
28
17
55
23
48
63
46
63
45
19
87
76
6
35
59
45
39
38
84
55
39
47
38
38
49
76
75
70
23
76
15
51
45
22
74
93
85
73
8
83
