881
40
79
48
21
0
26
99
92
6
43
52
84
43
7
47
98
17
59
18
88
87
42
32
20
94
51
85
94
17
46
31
57
25
31
30
77
57
29
69
63
73
73
0
68
81
99
18
98
10
36
38
97
31
22
69
25
73
54
71
42
0
2
51
78
34
81
55
43
11
77
59
36
2
59
4
83
58
22
33
68
11
23
17
42
45
87
19
18
93
91
12
46
45
63
24
31
97
31
75
8
8
34
96
63
45
52
46
3
26
32
23
37
7
92
31
53
79
3
23
25
94
88
71
39
51
47
71
48
30
98
8
91
32
56
54
29
8
52
84
35
36
7
24
44
99
8
49
31
11
24
8
57
12
31
96
64
78
19
64
60
69
73
51
53
81
5
82
90
10
66
77
46
73
1
90
25
61
91
8
72
16
16
29
28
47
78
44
77
49
9
37
19
34
41
72
15
98
55
5
8
21
34
55
47
88
97
24
49
89
32
74
5
0
55
33
47
33
30
76
35
39
65
6
73
6
78
40
57
85
98
65
59
32
72
6
20
70
82
22
11
14
96
16
14
3
1
13
37
31
89
24
22
6
30
95
13
60
88
70
46
86
87
57
70
60
63
91
82
97
65
93
11
13
9
77
16
62
90
5
46
31
29
68
37
11
16
2
72
4
24
70
42
12
27
12
24
90
55
6
39
20
99
50
33
60
79
50
74
69
55
72
52
37
41
41
48
9
44
20
65
68
90
7
32
17
71
8
59
27
14
98
47
65
0
33
77
79
83
52
0
90
24
4
27
17
46
76
26
90
48
43
10
39
50
95
8
22
3
68
1
18
18
0
35
19
33
13
50
68
65
51
11
41
55
38
59
1
66
37
43
15
81
54
6
83
1
14
57
4
34
58
74
53
59
10
24
44
23
74
65
40
77
76
33
33
66
44
86
85
82
82
52
15
88
58
98
89
24
8
93
59
66
20
64
77
30
88
74
5
14
39
97
92
67
82
77
33
27
15
18
61
97
70
76
85
80
26
74
5
86
20
16
53
40
80
82
22
20
56
79
86
47
28
30
14
10
7
48
37
23
18
50
72
41
26
58
21
5
84
26
91
4
42
96
96
74
31
70
46
87
49
85
87
77
15
1
88
23
1
77
98
72
28
70
13
6
28
34
63
13
61
55
69
55
3
66
82
34
36
80
74
38
65
61
67
81
14
7
56
68
85
54
40
65
76
53
23
5
39
87
70
52
94
91
8
97
9
42
84
98
74
10
36
40
23
3
73
89
11
29
57
48
35
49
13
11
2
36
68
42
75
90
94
69
82
54
19
91
48
55
89
23
65
77
15
88
81
88
77
44
69
87
92
56
36
57
67
91
45
88
85
73
78
79
42
12
86
13
4
86
68
45
9
85
75
76
25
56
16
3
52
85
42
96
41
78
5
61
69
2
49
54
75
27
86
70
40
24
83
96
10
4
93
72
89
68
48
15
76
65
70
28
2
64
76
96
42
81
57
64
84
58
70
59
37
8
29
29
32
65
77
43
21
71
67
62
39
15
29
68
32
51
48
35
15
25
83
10
6
92
74
90
50
96
2
39
5
83
69
89
0
46
32
21
17
51
84
9
67
13
29
51
65
77
38
32
2
21
42
9
13
68
51
15
65
5
55
22
89
24
11
89
22
96
63
92
47
47
53
66
12
82
18
29
59
56
62
62
30
56
23
95
25
26
11
90
32
18
64
21
94
75
62
16
71
25
60
19
24
13
85
89
95
55
70
55
12
32
69
94
41
92
89
66
18
52
8
2
70
72
75
16
47
38
85
19
15
45
90
92
59
75
33
54
83
3
61
95
88
30
89
29
74
30
95
45
83
3
47
5
27
23
74
74
13
59
45
80
4
35
24
15
63
57
70
46
61
83
93
49
14
34
78
40
64
25
85
99
80
33
5
7
8
31
81
73
90
27
53
46
14
78
62
29
35
84
75
48
67
20
49
33
54
27
74
19
4
59
70
84
44
