807
43
30
33
91
6
0
44
49
7
5
54
11
80
77
99
65
13
80
10
7
54
49
58
57
68
79
91
4
12
14
65
8
96
51
99
2
51
95
52
58
52
58
21
32
88
21
49
1
1
11
60
7
60
18
64
81
49
56
85
14
22
50
22
18
53
21
73
4
68
77
15
20
35
36
53
75
9
54
76
62
66
37
70
78
55
86
59
5
42
44
19
16
47
93
35
0
14
8
57
34
85
24
54
72
12
59
48
22
66
24
36
32
13
6
10
21
93
70
26
87
66
97
4
13
42
39
66
8
99
23
42
84
99
96
8
11
8
56
85
74
33
22
6
46
28
68
19
73
90
45
61
57
94
17
22
88
8
40
96
7
15
38
43
14
87
51
26
95
60
63
21
45
85
79
43
66
99
63
91
90
60
52
99
7
21
73
95
29
14
92
88
29
82
31
44
69
35
22
16
47
85
89
92
23
68
87
41
68
50
32
10
63
37
9
70
58
82
17
40
48
9
28
78
92
12
74
13
47
96
82
46
33
71
90
8
92
77
49
60
80
82
70
43
19
31
65
77
65
82
17
14
92
98
44
36
10
18
1
9
66
83
55
51
7
45
60
99
74
9
11
54
91
81
97
10
64
62
40
29
97
9
95
89
7
39
77
17
9
30
26
75
66
33
79
73
78
39
24
5
48
35
59
92
68
9
54
84
23
94
13
20
56
61
61
63
52
90
33
62
21
11
89
87
45
68
12
75
59
88
32
8
75
92
52
43
1
6
27
76
1
92
97
9
5
10
72
58
1
57
20
22
69
9
61
66
30
25
93
89
65
26
49
40
70
1
83
23
8
62
99
61
6
48
70
12
59
94
70
60
52
42
34
73
3
95
91
33
72
36
75
37
14
24
77
84
78
12
59
38
26
59
51
84
7
21
48
66
67
70
78
71
12
12
96
16
59
39
1
31
28
28
20
42
5
49
79
83
13
90
21
39
49
24
76
9
45
24
27
64
95
6
88
59
18
84
27
78
76
29
61
4
9
34
46
14
83
77
97
97
68
70
88
69
94
16
78
91
41
6
8
88
64
96
47
82
80
75
12
56
56
74
12
65
8
11
80
43
88
29
92
8
52
33
30
46
49
8
90
42
66
98
30
30
46
30
65
78
5
77
87
13
3
99
78
63
10
10
7
51
40
51
59
44
84
41
42
86
50
32
28
68
82
59
51
28
41
16
59
46
45
46
11
49
45
89
64
56
52
71
59
44
75
70
88
59
12
30
45
14
15
26
82
97
37
85
78
78
53
37
24
99
35
87
0
80
28
64
88
80
88
47
24
63
18
12
74
30
95
72
44
10
98
78
7
35
64
37
13
69
26
89
68
61
76
20
94
4
85
34
85
73
82
61
88
52
26
62
34
21
34
78
31
84
8
90
19
24
28
84
94
6
73
14
20
1
35
66
6
20
0
43
45
34
4
33
86
30
47
20
3
34
50
34
18
59
25
90
83
5
74
77
63
0
44
83
1
79
49
59
99
2
2
96
36
59
81
23
41
80
43
45
14
94
31
85
5
56
75
88
13
1
18
77
1
62
60
3
93
62
62
44
16
17
40
52
28
73
27
21
53
71
66
68
17
98
5
74
6
32
14
20
33
84
97
35
46
9
90
91
23
4
35
39
73
75
44
1
48
71
75
54
94
41
74
63
91
79
37
50
11
52
70
96
36
19
83
35
80
73
26
56
30
62
47
55
89
91
9
90
63
84
44
9
77
70
73
69
49
10
71
12
14
93
8
51
64
92
38
44
17
16
0
99
30
0
55
20
91
64
62
6
0
58
16
77
28
41
