659
64
98
13
81
19
80
10
5
80
79
42
65
59
81
79
90
89
28
57
10
19
16
16
12
70
31
93
60
17
60
16
33
58
30
66
78
62
76
83
94
8
77
60
19
10
91
10
99
19
19
62
38
87
78
2
57
61
95
69
79
56
86
12
14
68
79
44
82
7
80
77
67
57
89
87
68
32
49
19
51
20
33
42
7
63
44
17
25
40
86
56
96
24
20
62
44
51
7
27
11
87
56
78
96
97
17
16
29
66
88
80
38
73
22
46
89
19
15
66
59
1
22
7
78
42
69
22
46
28
49
57
67
57
35
16
54
53
32
83
71
72
16
10
98
90
8
87
9
23
53
20
24
27
27
54
21
49
77
67
77
78
24
97
36
60
13
42
65
97
78
36
70
46
46
20
88
54
7
98
29
60
70
6
39
98
60
60
99
37
28
76
16
52
25
4
64
38
46
81
36
76
18
58
22
16
78
11
71
85
61
52
97
31
58
36
81
19
48
80
56
76
9
24
81
34
28
97
73
27
79
61
3
49
19
26
65
49
89
88
86
50
41
35
81
99
23
63
18
71
95
27
0
4
51
33
39
32
30
64
59
61
25
14
10
96
92
28
97
81
16
83
31
9
70
13
9
93
28
79
64
75
6
16
80
58
49
71
90
32
87
1
45
64
15
8
60
8
36
9
89
52
44
73
62
14
38
23
7
66
2
23
41
9
40
73
19
41
96
61
25
83
62
71
47
29
79
59
89
15
68
79
19
64
4
33
78
42
56
37
60
11
61
53
72
53
27
91
46
75
4
72
59
66
43
6
47
22
18
37
89
38
68
8
3
72
94
33
14
2
71
74
13
84
27
37
89
6
80
35
82
84
59
41
50
2
99
50
76
69
87
65
8
55
26
63
27
20
96
41
74
67
67
88
51
94
77
92
1
58
28
35
42
87
76
45
42
27
95
18
97
82
36
57
89
14
20
16
86
16
9
60
84
76
48
87
22
78
32
75
36
60
10
78
99
38
23
93
66
70
64
15
4
52
72
93
66
92
9
52
8
70
12
44
98
13
84
21
91
16
96
27
28
59
57
79
97
33
73
15
3
37
30
8
89
2
53
7
46
15
59
55
85
23
51
84
88
35
57
79
3
5
58
31
64
68
63
14
1
36
29
56
25
12
16
66
66
70
25
13
85
84
20
22
59
23
6
48
11
63
79
14
69
38
98
85
6
61
99
59
49
81
15
26
93
32
44
11
54
69
24
39
5
96
61
16
20
20
64
31
35
96
97
56
34
95
42
92
8
93
3
9
74
18
35
19
2
31
31
56
0
7
47
57
4
61
74
24
33
90
7
68
86
4
77
72
52
19
16
60
64
19
70
39
90
57
10
92
89
41
1
41
49
0
99
53
61
25
29
94
15
88
15
2
92
92
26
44
63
43
57
27
62
27
18
52
84
29
97
25
22
50
67
71
50
18
76
12
43
57
58
10
45
25
12
38
17
39
34
32
