935
66
87
32
4
35
16
11
19
57
76
54
12
61
13
23
58
79
4
79
90
78
75
68
49
34
45
1
74
13
30
78
80
69
62
36
57
30
47
76
40
24
82
52
37
95
76
95
75
32
27
65
11
2
86
12
88
83
14
63
96
96
93
76
18
55
64
75
38
12
3
78
88
86
30
25
81
58
72
8
43
99
74
54
53
12
18
42
95
32
5
91
81
98
20
99
5
84
26
43
48
81
73
36
67
4
13
1
14
38
9
57
37
35
63
91
99
82
33
94
66
90
38
47
40
10
98
45
94
76
41
95
58
14
83
77
18
97
30
85
35
92
42
24
27
58
67
79
40
52
73
58
42
63
6
82
73
56
80
68
85
21
15
43
35
98
72
6
47
3
91
34
95
85
59
74
43
26
53
35
79
79
94
73
42
52
8
16
8
88
36
93
9
51
88
44
1
61
50
49
16
41
83
11
79
94
37
22
21
91
58
52
22
4
77
64
56
85
32
16
73
68
10
82
19
50
27
73
63
77
22
79
71
5
42
50
52
80
24
73
23
34
77
45
38
54
61
94
40
94
11
13
62
73
96
34
75
75
7
39
4
29
18
75
86
13
77
38
93
2
63
68
36
92
13
27
47
26
21
39
20
84
52
35
57
0
69
33
75
28
72
32
9
42
59
47
55
37
38
0
91
1
68
79
46
33
6
93
60
80
32
80
64
36
15
74
37
36
7
64
64
31
48
25
25
8
73
33
97
11
33
88
64
54
19
10
87
78
55
47
58
39
80
22
76
47
96
65
36
55
81
52
38
30
78
64
38
51
49
35
14
82
75
30
88
46
41
76
24
48
75
82
88
7
57
64
55
53
29
91
61
62
43
99
92
73
15
82
24
64
69
90
99
96
21
87
43
14
15
67
62
43
50
50
50
7
14
5
12
95
48
25
10
44
25
2
17
92
37
94
9
58
84
8
55
57
47
98
71
63
17
34
58
19
84
8
78
51
66
91
98
14
68
8
58
45
63
28
38
0
22
47
10
58
7
65
16
54
15
87
69
85
73
27
4
10
88
83
61
54
74
11
68
94
20
79
40
35
7
78
35
81
77
97
39
84
63
7
90
30
95
60
15
20
39
20
30
27
3
43
81
29
55
2
23
27
81
63
62
40
93
49
73
70
46
64
54
61
72
97
92
19
57
59
39
48
79
22
76
34
17
9
15
72
11
91
51
44
54
65
36
0
66
61
70
13
26
77
26
50
74
70
69
83
30
60
83
61
82
59
96
0
21
63
24
84
54
28
81
61
93
69
61
60
31
83
25
9
12
51
59
38
22
28
21
4
40
5
65
23
16
13
75
89
77
51
74
31
79
7
92
25
76
5
37
59
89
62
68
1
65
27
40
39
7
13
43
0
70
9
75
39
74
50
28
51
53
54
83
85
13
27
10
90
33
47
1
22
61
70
75
26
49
67
18
9
81
61
9
3
22
84
42
97
86
23
48
39
29
83
24
43
63
86
85
96
85
86
70
46
8
45
25
58
65
43
19
46
56
80
1
79
64
96
76
2
19
76
41
0
12
18
43
75
4
28
71
90
67
93
88
75
90
65
85
55
8
56
53
17
36
55
96
52
51
24
54
22
0
48
22
64
66
18
39
22
98
62
64
65
55
53
93
46
70
78
53
79
87
7
96
23
14
44
76
65
68
82
39
20
30
61
37
48
79
76
71
30
39
87
95
46
92
88
92
63
19
98
94
6
5
42
81
19
86
9
36
6
92
75
78
22
88
15
23
20
92
94
50
83
33
45
29
26
86
74
89
57
72
35
63
77
77
96
48
63
6
84
21
98
11
99
72
99
67
95
19
11
41
69
94
75
15
75
1
53
49
42
10
73
77
25
2
54
21
50
69
27
86
90
77
97
41
50
97
60
45
16
71
87
38
17
14
5
93
67
58
94
61
20
20
90
45
22
96
18
25
65
98
11
7
75
61
0
77
10
61
23
78
84
62
16
2
28
21
95
95
31
41
56
51
61
46
48
36
42
67
61
59
17
24
18
92
37
18
70
47
31
45
26
16
59
94
18
87
68
65
34
99
58
90
3
20
88
51
8
82
70
69
41
87
45
59
32
83
29
