863
35
53
54
37
6
54
13
38
8
3
83
46
81
68
73
57
26
16
84
66
40
70
17
18
88
25
51
43
76
49
86
63
2
40
0
9
46
66
99
55
69
83
53
50
3
78
59
81
94
44
99
86
14
16
4
54
94
7
98
70
57
84
86
59
76
86
20
74
4
20
81
73
55
34
24
10
12
83
91
59
79
43
45
46
59
2
0
5
9
98
28
18
34
14
30
10
52
50
85
57
22
66
30
77
53
6
39
17
42
83
28
21
26
26
67
37
28
68
43
89
18
71
60
53
85
90
63
37
40
0
46
63
19
77
92
72
35
32
41
77
15
70
51
93
96
70
30
76
90
73
17
9
96
77
62
33
67
25
23
60
78
69
75
97
98
67
21
34
51
62
63
18
84
14
11
80
37
42
8
27
67
26
36
16
3
98
49
23
76
72
83
54
94
58
51
92
77
24
26
29
86
90
47
71
56
11
3
45
53
12
73
72
38
9
88
93
60
90
16
36
14
99
42
8
9
45
1
87
69
27
16
7
69
15
30
78
78
34
23
83
46
48
56
36
10
96
29
70
38
98
58
53
97
0
61
59
97
14
46
18
42
14
25
63
81
56
93
60
42
69
43
88
17
51
76
27
48
5
49
38
3
7
91
53
59
5
64
56
19
10
26
13
76
52
29
57
60
22
69
2
43
13
90
13
16
18
92
16
23
42
55
79
1
46
84
13
51
48
21
23
10
48
36
86
0
65
95
60
40
65
62
83
30
4
48
46
22
41
63
97
35
70
28
88
16
64
1
20
64
23
43
74
23
31
12
23
97
8
35
89
25
49
24
7
53
73
53
27
66
68
76
53
38
57
41
7
21
95
79
86
70
74
12
93
5
25
16
54
33
3
43
10
52
68
17
57
93
22
36
59
91
12
12
81
21
5
40
43
0
19
81
70
45
93
15
3
18
83
57
3
86
53
13
90
21
30
47
14
5
83
25
48
48
89
81
69
94
22
64
47
93
45
69
39
91
85
94
9
68
51
65
7
56
78
97
29
61
45
95
66
80
20
14
80
9
95
2
56
69
66
3
63
64
24
54
7
9
0
16
30
51
81
37
60
12
34
89
73
31
85
91
12
5
57
44
67
4
46
23
26
65
78
41
81
54
95
88
64
95
4
46
98
38
83
10
2
17
0
27
1
85
18
13
42
27
9
9
83
56
84
9
21
14
50
54
69
97
42
85
44
98
31
95
36
14
5
38
83
5
65
84
90
35
49
33
14
59
94
98
15
79
7
88
93
10
42
14
7
36
99
52
34
30
99
71
44
4
61
80
10
79
16
52
66
66
37
81
25
32
31
92
63
90
32
8
0
26
23
8
62
22
12
96
5
11
19
1
15
33
81
77
64
98
82
30
16
19
63
93
3
94
85
66
85
69
27
85
47
2
45
9
24
9
57
29
20
29
83
88
62
64
17
26
14
99
56
30
19
72
23
22
66
60
41
3
81
20
89
28
22
86
89
98
96
47
28
68
76
63
8
90
27
26
16
42
25
24
24
96
96
48
71
15
8
64
18
90
84
59
70
6
46
60
4
94
59
84
14
35
47
23
77
27
49
93
21
26
69
45
23
66
93
46
33
54
10
51
96
94
11
66
52
9
78
56
55
37
93
69
24
40
92
1
19
93
94
40
72
64
86
95
82
31
93
15
37
3
66
33
49
29
52
1
90
82
9
45
20
2
67
44
95
11
46
14
5
40
55
77
56
41
24
90
24
17
5
62
72
24
47
21
5
51
22
96
34
31
93
54
34
12
50
29
24
96
95
29
89
50
58
45
43
34
88
68
51
93
30
75
69
29
96
75
81
18
23
67
1
68
73
87
81
23
68
5
20
64
86
9
14
96
6
58
30
94
78
33
40
60
8
9
89
4
36
22
74
59
41
27
28
14
15
61
38
35
66
58
51
4
19
18
0
77
