993
32
76
77
11
74
54
84
37
36
36
82
59
92
21
97
79
63
47
90
42
29
31
74
87
56
45
36
55
95
55
21
27
83
98
90
57
53
74
94
89
62
28
0
6
50
97
86
65
96
28
7
26
59
33
65
15
78
1
23
25
8
44
4
91
94
94
1
99
21
47
41
35
76
41
42
26
91
80
91
87
8
50
13
20
84
31
87
62
32
10
88
93
6
92
84
1
39
37
0
12
85
41
47
61
35
41
39
26
73
30
13
34
32
79
54
16
10
41
31
94
52
19
87
10
63
24
11
54
61
64
66
46
57
66
59
92
59
98
18
33
28
32
67
61
63
73
29
73
14
60
67
18
31
55
29
47
79
92
1
92
56
20
91
66
38
50
58
97
49
29
82
29
61
1
42
76
74
72
49
41
84
68
11
68
75
92
15
6
85
68
99
93
88
90
59
26
40
70
76
41
99
58
71
12
12
65
88
86
89
37
27
74
57
91
42
33
83
9
39
68
77
90
14
66
80
25
44
73
95
72
66
94
31
89
6
95
55
94
81
44
83
61
70
41
52
64
26
35
73
17
56
51
8
22
69
40
47
13
65
43
86
32
37
69
21
96
64
28
90
97
25
26
58
47
19
62
12
45
50
85
62
58
88
22
80
57
63
27
23
80
70
61
12
60
30
86
56
46
66
46
43
91
24
54
39
43
68
3
40
18
88
55
76
29
77
8
38
92
36
61
73
6
22
85
66
4
23
74
50
90
21
46
33
97
52
24
41
20
27
33
91
68
88
19
97
66
28
35
58
64
49
83
22
71
69
41
76
44
15
78
86
88
24
20
86
76
44
79
49
72
12
40
40
53
11
89
19
39
24
29
55
25
13
30
97
34
71
25
78
38
3
17
27
80
37
65
56
81
44
57
5
8
49
97
61
61
86
32
52
63
14
60
88
27
90
37
13
13
62
43
51
18
60
30
98
97
95
6
31
91
64
88
0
13
86
13
26
72
98
79
87
12
91
76
39
81
13
4
46
28
47
49
46
8
80
44
57
75
50
40
19
66
29
71
80
15
84
58
87
82
37
75
94
28
3
85
61
68
89
59
96
89
9
42
97
89
86
6
16
89
47
35
55
76
6
35
91
43
46
30
77
83
57
24
64
60
9
77
29
51
89
77
92
98
20
41
39
6
47
55
47
94
43
3
22
1
90
65
44
36
96
74
72
5
98
88
18
59
65
99
62
54
76
54
4
96
95
43
55
43
99
2
89
42
5
64
43
48
29
40
84
77
14
56
83
12
44
1
23
62
0
86
68
76
40
73
25
36
16
80
31
67
82
20
61
40
84
57
88
66
97
72
43
63
81
26
27
77
79
50
39
79
36
8
8
77
33
33
65
49
65
96
69
99
68
30
39
5
87
79
71
84
52
14
99
85
93
26
62
72
77
2
4
65
62
12
94
95
97
59
96
14
7
65
13
76
96
53
81
35
32
4
72
36
18
71
73
11
98
36
36
75
90
40
40
52
4
87
99
53
46
47
67
6
13
80
82
61
85
15
96
18
71
68
6
89
40
80
53
38
16
41
65
58
81
57
62
37
44
61
90
43
60
9
49
73
89
83
34
75
50
83
45
21
51
51
10
43
31
15
33
99
56
50
9
89
8
71
26
4
84
68
99
45
77
48
70
67
83
57
94
33
40
39
54
43
42
17
87
74
84
72
25
93
23
35
82
83
58
61
87
43
81
39
40
59
87
10
78
23
67
24
56
7
63
11
3
5
80
90
31
64
14
9
57
37
96
92
20
54
5
60
49
86
99
89
97
38
0
27
61
67
51
70
27
14
81
30
72
13
72
55
29
86
16
39
76
12
31
96
19
36
8
68
74
7
10
72
98
62
99
59
81
51
81
8
17
14
90
41
27
14
49
57
1
65
96
77
30
79
25
49
67
34
69
41
93
31
13
43
93
65
55
75
68
36
35
37
51
26
79
78
40
28
87
93
93
83
22
75
14
0
24
81
34
46
23
79
77
88
23
71
5
78
46
73
14
33
11
65
59
90
96
52
70
83
97
15
19
20
91
33
20
67
15
6
13
90
37
91
30
60
62
36
90
60
9
57
93
20
74
5
62
70
57
84
6
6
0
25
78
43
10
98
10
77
56
24
67
94
67
98
6
29
86
97
41
95
6
34
68
80
91
82
51
0
19
57
7
71
34
85
14
96
36
76
74
44
52
93
38
19
43
97
0
29
46
41
77
52
28
45
32
