199
98
10
66
54
33
52
51
92
50
69
56
54
1
97
20
35
3
54
31
51
71
83
3
60
84
67
46
81
61
89
23
59
99
41
66
85
93
69
29
95
38
86
50
39
83
70
75
86
24
58
89
95
41
92
55
25
60
53
59
73
42
34
32
94
76
50
31
69
20
12
65
58
50
67
50
33
37
77
71
13
35
13
60
28
5
68
6
17
21
65
42
16
51
27
10
27
77
93
49
97
5
14
8
8
33
10
93
22
87
65
35
74
30
95
2
87
63
60
5
37
25
99
53
77
26
15
56
4
8
5
53
65
71
13
73
4
23
19
26
10
36
13
36
66
9
39
53
24
99
10
61
77
10
14
6
36
29
14
40
89
20
46
7
91
59
32
48
83
51
74
45
87
88
82
53
49
73
59
25
24
69
87
53
79
53
59
68
35
26
60
76
46
6
83
89
66
68
37
1
