354
65
79
67
44
15
72
32
83
72
41
22
62
25
74
30
40
34
40
39
91
67
33
57
72
7
86
63
92
40
11
16
57
42
83
53
57
55
86
40
79
79
15
93
5
89
76
97
75
16
36
66
35
22
23
8
29
61
23
74
54
34
90
11
77
73
17
86
80
3
27
11
82
94
57
87
83
33
36
10
49
73
76
36
95
52
44
76
13
20
50
19
54
40
31
83
65
0
70
97
3
49
9
37
43
66
77
78
99
13
88
0
86
16
88
33
20
85
62
86
5
12
5
59
5
88
95
70
88
65
68
91
66
29
29
61
95
6
91
46
19
31
98
58
47
86
43
20
71
5
6
28
70
11
88
75
0
35
97
88
0
17
32
18
46
13
79
93
71
70
91
42
53
41
52
0
28
96
20
51
53
78
80
75
90
20
50
90
55
0
30
7
69
14
77
68
27
56
13
98
78
5
93
83
46
45
83
26
93
56
30
99
34
62
74
76
34
77
18
41
77
49
48
98
15
25
66
43
33
80
93
63
37
86
46
83
84
81
62
77
89
44
76
76
6
51
52
92
28
71
33
57
72
33
55
87
10
74
82
95
54
76
58
91
14
56
26
98
89
40
76
31
84
4
7
42
55
11
34
35
34
19
44
58
52
52
46
62
26
80
57
32
8
67
23
23
75
1
73
17
42
1
48
78
6
7
73
13
18
59
49
53
79
45
11
31
97
9
46
75
90
3
7
50
23
82
73
98
84
99
15
78
0
15
56
6
22
29
72
41
41
73
46
20
18
9
3
68
71
49
43
13
5
51
63
