910
27
4
0
72
9
59
19
73
38
77
34
79
5
30
39
22
31
99
21
53
88
22
28
79
57
27
66
69
55
58
51
35
14
51
7
75
62
26
48
0
55
35
31
12
65
70
86
96
70
8
1
10
82
30
89
39
57
8
60
64
66
11
99
32
15
58
8
77
36
8
30
43
43
61
56
60
84
42
8
54
2
10
16
85
40
5
76
49
13
37
13
31
48
13
64
15
23
72
93
60
80
75
3
76
36
59
36
20
54
45
26
8
55
42
93
47
48
70
96
13
59
61
45
7
26
61
75
50
85
20
10
17
95
65
93
31
25
82
52
31
27
30
39
34
73
85
81
73
7
29
86
66
90
31
25
17
44
0
67
29
20
29
47
15
94
92
99
71
74
3
54
53
33
94
87
6
31
20
79
38
49
18
4
92
49
29
61
46
30
80
75
2
9
22
70
55
15
69
27
41
72
81
95
5
27
82
64
58
3
95
48
4
13
52
96
15
82
9
61
64
89
36
66
98
11
88
6
78
57
33
19
81
66
14
39
46
49
3
56
4
98
5
8
12
9
57
79
91
66
40
7
8
28
26
6
39
14
12
69
72
97
89
5
16
55
44
62
4
47
70
8
98
75
69
62
85
78
41
28
96
81
88
4
9
14
63
1
80
27
70
4
25
11
10
93
67
54
55
71
54
77
32
52
5
1
14
42
79
7
70
27
88
10
32
49
24
95
2
57
22
73
61
99
84
71
92
51
26
99
75
80
77
7
84
82
60
98
76
91
57
98
18
45
9
50
46
85
97
49
42
20
74
4
71
58
75
64
62
53
15
89
85
92
48
69
26
8
19
2
99
76
1
69
73
62
72
20
47
69
21
90
41
95
94
13
5
21
29
67
75
44
8
12
89
56
34
67
64
53
22
15
82
23
85
55
85
57
27
84
78
48
74
20
95
20
85
1
42
14
20
69
10
29
81
99
85
15
19
2
21
41
17
3
64
54
10
1
11
90
85
90
90
12
62
86
32
47
87
74
13
59
95
23
88
29
75
26
44
94
28
17
35
45
72
51
0
83
4
63
25
41
5
15
53
67
1
86
14
40
12
79
0
8
3
40
37
78
66
33
24
94
3
11
92
75
62
92
10
66
7
35
59
13
51
13
32
4
99
99
97
63
78
97
23
81
37
60
11
4
46
87
98
49
98
90
24
12
34
87
30
94
22
90
59
25
3
91
30
54
90
27
17
21
76
41
54
13
53
18
69
51
5
20
52
56
62
29
68
49
16
99
43
38
89
54
64
92
45
46
46
88
73
15
9
1
8
63
66
14
33
36
65
39
8
18
95
70
47
63
71
15
14
66
53
3
20
69
47
18
15
93
6
88
61
67
41
69
82
8
35
16
44
1
7
4
71
2
74
70
17
98
85
84
64
90
87
85
60
35
3
75
80
61
16
41
28
57
63
62
65
98
78
61
51
85
65
74
39
40
44
9
90
81
93
54
72
32
91
32
67
46
7
48
7
23
41
87
33
56
2
98
7
80
60
58
18
25
85
9
17
29
18
7
63
63
14
35
96
5
67
63
4
26
63
63
2
57
3
35
65
5
33
72
37
45
83
55
23
68
65
40
49
35
0
12
99
66
47
95
23
66
10
27
93
26
91
47
83
46
82
0
51
67
73
88
65
56
96
88
76
13
80
25
0
80
38
99
46
37
46
70
4
9
49
49
87
92
96
70
38
30
70
89
97
95
30
62
3
78
2
79
91
83
5
91
15
95
43
62
32
41
84
88
2
85
37
89
78
85
11
16
15
34
58
65
29
40
27
33
18
82
64
61
65
21
4
80
16
99
94
1
93
30
41
95
16
79
85
94
16
48
62
32
82
72
97
64
12
76
49
82
58
13
43
75
87
0
56
3
99
50
56
92
81
98
40
49
29
77
95
45
25
57
29
60
82
78
24
46
7
73
29
17
38
24
93
25
24
49
81
76
51
89
68
84
87
8
33
16
85
28
14
63
38
43
23
20
74
99
66
81
24
47
98
62
72
91
40
48
92
73
24
96
62
45
80
2
5
66
70
