650
50
90
53
39
59
68
70
81
53
92
86
23
82
26
24
54
76
45
45
39
89
64
23
43
79
93
55
47
41
97
66
92
87
71
83
99
91
5
80
45
97
18
68
80
97
93
86
73
38
31
12
79
47
87
22
27
80
29
26
74
78
44
18
66
16
1
17
59
6
49
4
3
67
25
83
16
70
69
89
60
53
53
39
0
93
61
79
25
90
6
99
68
50
17
86
18
18
55
78
24
4
34
28
24
59
63
40
81
85
30
41
38
83
32
38
28
93
70
54
35
76
53
56
78
71
94
49
41
50
27
66
6
13
46
30
73
9
23
6
94
53
48
84
88
80
23
17
26
93
23
13
21
76
21
51
99
16
0
41
18
79
7
24
93
5
7
66
14
30
24
61
35
72
45
75
5
20
44
83
65
67
48
86
96
70
38
95
38
90
36
56
70
95
32
63
0
91
81
67
73
5
28
60
30
25
36
35
98
32
70
63
0
18
2
96
88
40
43
26
82
80
34
52
27
67
15
28
10
96
95
84
54
75
44
84
52
32
71
50
65
41
14
65
11
16
13
52
8
56
78
90
88
65
95
16
84
10
96
94
59
91
30
13
18
75
49
70
7
20
73
72
13
39
89
76
7
54
28
15
63
59
57
3
24
52
19
8
15
15
54
26
58
85
91
28
12
40
99
71
12
24
44
77
63
85
53
70
92
82
37
7
41
46
10
17
51
82
77
66
49
83
44
60
68
35
88
32
75
39
4
39
63
0
16
26
37
69
48
29
3
85
88
96
32
99
13
83
33
42
1
82
26
45
42
46
32
83
79
7
22
83
46
86
83
14
64
20
83
13
2
87
50
90
83
82
41
49
17
74
91
70
9
17
67
3
64
99
86
43
58
9
78
56
47
61
70
11
33
6
76
35
93
27
26
28
9
19
77
79
94
21
1
55
38
69
58
54
68
45
49
79
6
27
35
53
40
58
16
74
64
93
61
9
20
39
37
81
59
67
12
5
88
14
60
78
83
18
85
3
15
34
82
21
14
70
26
6
80
95
32
44
88
46
5
60
85
94
93
44
61
6
1
1
20
61
32
55
80
17
58
95
3
93
69
69
15
47
28
95
42
12
91
82
58
96
42
44
90
36
40
4
94
42
57
14
3
89
69
35
58
79
83
14
24
4
83
39
51
63
86
94
76
77
76
34
25
71
78
16
59
71
72
53
13
29
67
68
71
88
4
29
67
39
43
92
43
79
83
94
42
70
40
18
47
69
5
25
40
83
93
99
54
65
52
19
46
71
40
17
11
96
99
78
35
94
22
78
73
58
24
68
28
17
38
27
86
43
52
26
79
45
77
85
62
81
5
9
4
97
78
15
93
29
45
28
24
20
58
49
78
34
17
58
51
8
85
37
51
90
15
82
87
44
68
2
77
25
63
81
22
41
96
15
71
42
95
47
62
5
96
92
39
66
50
43
74
87
32
77
77
