282
74
41
86
35
13
69
35
72
76
94
34
99
25
53
54
84
53
3
31
74
50
23
49
68
48
4
43
81
75
42
39
1
84
25
89
97
46
24
69
22
18
56
74
95
9
80
31
62
35
63
89
86
86
90
54
86
94
49
68
21
92
7
74
76
32
63
25
78
88
47
52
58
3
26
6
64
58
37
79
94
0
20
32
39
10
38
25
4
87
93
77
31
0
51
7
32
67
85
62
55
32
15
65
87
93
71
51
52
9
82
98
61
2
30
0
12
68
78
68
55
71
45
87
24
49
46
8
16
83
71
23
67
86
88
54
31
12
58
83
73
40
81
34
43
63
87
7
31
65
76
39
88
73
78
12
22
76
21
90
60
92
13
27
30
54
34
13
18
92
97
91
84
30
77
27
46
64
87
29
81
63
68
70
88
98
82
11
27
3
1
39
47
67
18
29
73
52
43
91
96
92
82
81
74
59
8
20
76
47
50
57
62
70
27
51
21
62
14
48
65
15
87
65
34
5
94
7
10
37
98
6
81
32
87
56
44
48
76
20
95
78
29
58
1
9
9
22
71
23
22
88
90
9
53
77
66
0
84
76
89
35
35
71
67
22
27
11
22
55
83
18
86
65
28
87
74
89
61
45
64
83
85
