477
64
47
66
58
41
64
36
41
8
18
16
23
33
78
35
82
12
94
58
1
12
56
98
18
51
23
26
46
44
69
50
8
68
16
67
61
32
55
54
92
25
70
16
58
1
3
92
13
97
50
66
9
59
64
79
10
40
5
8
84
26
58
92
94
27
59
7
11
66
61
4
91
32
72
1
33
27
93
46
25
96
64
86
55
28
66
17
68
23
25
52
50
36
97
44
15
56
4
26
75
65
82
66
97
54
20
30
82
13
28
59
9
44
45
16
73
63
33
41
87
11
46
89
99
43
85
14
51
89
92
78
55
75
97
52
81
17
35
15
30
15
74
92
60
72
60
85
87
46
78
26
57
24
15
56
19
1
22
23
90
14
1
45
41
50
50
23
67
37
90
50
52
65
42
64
89
54
49
28
0
28
55
57
4
22
65
76
23
39
51
66
54
4
63
95
55
13
70
22
50
61
72
55
78
66
71
19
21
73
47
21
1
54
31
57
77
48
85
52
88
36
70
94
41
34
41
48
99
64
70
2
25
95
9
55
13
80
74
86
53
73
60
6
80
43
16
9
91
1
61
31
38
84
77
31
18
71
79
69
35
1
71
12
48
80
67
14
61
41
0
66
66
60
73
46
55
89
55
47
42
69
30
80
53
60
63
23
31
94
92
66
96
64
78
96
44
45
10
57
38
63
24
4
23
49
3
31
38
58
78
80
27
60
13
80
20
28
55
51
23
48
69
71
12
47
67
8
44
30
66
34
93
90
39
68
39
42
99
29
52
29
61
32
42
26
12
62
55
20
66
30
68
35
1
80
35
20
88
79
50
6
14
95
96
5
64
87
99
15
68
3
45
30
35
87
56
0
1
63
20
67
93
88
55
46
20
90
67
8
21
69
15
87
17
63
44
33
3
43
48
71
99
45
1
34
84
10
34
86
25
54
5
19
42
12
17
14
54
36
75
76
58
90
15
75
5
60
8
8
55
8
32
54
54
33
89
90
95
75
76
73
30
34
44
24
46
61
39
1
98
14
29
56
56
96
83
13
56
43
74
64
51
6
70
57
91
59
48
39
87
24
12
17
10
56
93
9
