886
39
0
2
55
40
27
38
65
89
94
73
23
44
33
97
99
92
14
89
22
66
83
70
14
34
93
82
73
93
37
15
32
38
69
40
30
97
78
95
38
24
20
13
21
53
10
20
46
76
62
20
94
45
90
8
31
35
90
56
28
28
72
13
18
41
5
48
90
83
95
80
60
15
93
81
21
55
53
19
32
15
91
26
12
33
87
96
68
77
52
48
5
76
13
75
70
18
23
60
54
18
93
14
86
86
47
59
42
0
78
26
68
69
4
80
54
91
76
74
21
81
22
78
57
36
54
27
54
77
40
60
48
33
74
86
71
21
45
65
74
23
43
42
44
48
22
50
91
51
24
12
32
46
91
41
34
97
21
41
74
61
1
74
46
76
12
17
49
57
83
23
32
26
65
28
26
40
78
70
43
2
82
27
1
25
68
35
22
89
76
49
2
78
75
48
6
88
66
7
97
1
83
30
79
0
10
6
92
89
28
35
43
62
62
44
40
83
80
62
72
8
63
27
38
91
75
96
31
93
4
28
94
39
10
26
39
21
84
84
10
12
19
53
74
34
98
14
17
30
29
41
38
44
68
77
35
96
25
66
89
29
47
36
20
57
62
12
78
46
96
88
10
15
94
84
1
44
51
70
74
32
64
64
76
32
93
64
80
19
82
70
0
29
6
21
87
20
33
65
18
29
6
28
96
0
64
50
96
15
20
22
47
84
86
76
69
32
40
49
51
22
71
3
52
29
24
39
49
9
56
67
90
62
47
87
14
12
89
10
27
9
32
27
46
71
3
67
3
95
68
54
17
40
57
21
69
34
12
71
43
69
38
86
83
38
73
98
50
14
8
29
23
93
8
21
64
63
88
67
58
57
73
28
97
82
49
18
68
14
89
64
83
80
50
18
18
75
16
20
89
77
49
12
70
58
86
86
21
74
5
32
83
30
60
32
64
61
51
33
27
92
97
10
24
47
29
42
74
97
14
63
74
64
27
96
74
13
34
47
40
39
79
23
21
91
56
86
53
59
71
80
3
68
43
28
67
24
22
41
73
37
4
0
1
31
96
27
97
83
74
37
74
54
12
96
45
68
34
50
79
5
83
83
73
78
11
92
54
33
33
27
70
89
27
23
72
76
50
69
59
25
58
33
31
71
81
28
91
15
79
71
20
14
6
45
92
69
89
98
54
22
25
25
63
53
0
36
81
3
57
40
80
16
25
11
87
59
39
30
74
70
53
47
36
59
44
28
28
34
26
83
8
4
60
72
9
12
60
90
15
69
82
95
85
7
58
24
66
50
55
93
72
8
92
9
20
36
37
48
22
16
83
31
72
95
55
81
8
15
71
75
84
5
71
22
12
81
98
31
31
53
76
4
14
68
65
86
56
2
34
79
70
70
10
94
65
65
75
73
32
98
1
68
3
72
90
68
5
89
51
89
94
27
45
60
47
10
46
3
64
33
82
87
3
92
81
20
9
57
46
41
7
47
62
63
71
52
31
76
93
34
65
88
61
62
48
60
72
47
63
37
80
46
76
83
90
57
55
52
66
1
45
74
48
7
37
19
60
20
96
5
54
13
93
67
28
94
27
0
41
42
89
73
40
65
56
31
23
11
83
41
65
28
15
13
88
4
33
0
76
81
5
82
46
99
1
74
45
80
27
38
23
16
11
63
34
19
46
9
82
81
50
47
10
18
61
50
22
46
50
51
79
55
33
25
6
87
52
51
67
31
89
90
99
52
6
33
71
52
42
54
34
93
1
96
11
14
46
85
60
96
36
91
3
22
69
10
9
21
61
76
52
3
19
51
7
77
37
79
29
79
85
15
24
38
11
87
53
9
73
65
57
61
57
61
35
26
71
44
99
84
73
3
39
44
6
47
21
43
26
2
75
63
18
51
1
81
39
54
43
64
72
0
77
81
13
13
7
84
9
58
21
34
13
60
78
19
59
51
15
37
6
42
0
76
93
2
57
32
8
52
48
80
53
26
61
66
39
20
3
0
30
76
35
43
88
