289
53
4
94
64
84
7
64
81
0
30
71
45
59
36
46
45
43
18
36
48
45
64
81
82
28
33
93
82
14
65
68
19
69
15
83
6
74
47
39
74
29
10
72
89
99
18
86
94
89
22
94
34
39
76
68
67
9
61
2
23
78
70
42
0
37
77
6
11
24
45
38
6
7
10
95
6
80
33
52
69
56
47
3
95
23
23
14
32
84
16
7
15
87
49
15
76
26
21
40
2
66
78
8
73
88
55
32
68
89
84
90
97
31
45
92
54
69
6
38
5
23
45
20
62
46
35
90
72
56
30
27
74
8
87
0
48
95
32
69
36
68
59
33
0
4
25
6
25
83
45
31
58
90
51
72
37
39
63
61
47
45
40
22
54
28
74
54
75
6
23
11
26
34
44
26
91
21
85
16
56
30
47
15
72
51
39
9
90
54
23
37
0
63
11
6
43
85
60
18
43
36
81
70
70
25
48
13
98
85
30
55
15
29
22
88
32
13
49
22
68
72
12
68
88
75
26
83
13
86
2
8
74
83
30
97
61
79
10
11
64
92
18
32
74
40
72
6
6
21
81
74
46
45
94
86
20
20
69
33
58
23
42
33
59
72
30
72
3
40
83
20
85
2
4
59
94
76
65
0
49
98
74
95
43
20
33
64
40
3
