487
24
34
91
6
94
26
3
85
15
42
50
12
94
20
81
72
0
45
27
12
80
86
33
5
71
19
76
71
13
45
53
90
79
44
96
73
70
51
11
85
94
13
49
88
33
82
12
85
27
40
97
60
78
31
17
50
2
45
73
68
90
26
58
70
70
6
95
92
57
6
30
3
19
31
44
4
14
56
42
93
48
39
53
27
22
71
29
25
16
2
45
59
81
55
29
3
61
76
48
70
83
78
26
54
9
70
11
75
78
53
69
27
44
22
54
19
45
35
96
62
37
41
21
70
96
2
26
9
78
74
79
13
4
57
20
65
27
83
41
58
88
10
85
84
32
91
3
78
26
99
92
15
40
65
38
88
19
64
97
49
90
29
15
94
86
87
59
66
70
52
24
10
62
61
94
47
4
98
77
82
97
21
97
90
86
87
78
57
3
28
58
93
57
73
39
95
60
51
61
82
3
37
44
18
50
39
65
54
89
42
36
38
63
86
28
1
73
59
10
77
87
68
22
96
42
62
91
54
13
5
89
68
42
33
86
93
72
51
99
13
45
88
52
60
74
80
61
99
91
71
76
30
92
51
26
34
13
18
40
78
23
29
98
17
63
85
62
87
88
62
1
34
50
53
94
76
85
8
75
77
31
4
59
23
55
86
9
20
56
50
50
31
31
48
48
46
85
63
34
74
25
87
60
27
92
6
55
29
14
30
58
98
86
18
21
41
4
31
13
60
33
63
43
64
64
91
11
49
6
97
75
83
84
87
10
28
94
65
57
60
48
16
58
34
86
80
28
90
63
41
2
96
57
45
60
21
88
71
22
95
68
50
78
4
37
41
32
31
58
42
92
6
10
2
93
96
34
21
86
97
62
40
45
71
85
6
44
25
29
67
20
50
17
51
6
6
92
91
38
50
33
82
9
43
84
2
39
19
23
77
68
37
69
14
9
6
72
53
31
1
72
4
3
41
55
10
48
47
1
38
49
86
20
58
81
56
60
72
27
83
49
48
73
70
62
82
76
34
87
7
87
60
63
43
1
18
5
1
17
6
39
19
44
59
77
25
68
90
97
47
25
98
95
98
68
57
80
44
43
20
3
83
80
67
78
33
37
