644
43
23
74
65
48
84
87
27
55
48
9
16
77
69
67
48
96
52
71
0
98
36
93
65
27
28
38
41
4
64
45
48
88
71
13
88
56
52
67
63
52
77
31
30
98
50
30
46
2
1
47
52
38
92
17
65
21
56
59
25
72
4
73
12
76
86
0
84
91
68
99
43
97
31
73
95
81
4
41
36
57
40
40
47
33
58
65
54
66
24
31
90
80
5
3
8
43
55
44
34
75
44
78
72
27
3
67
60
59
61
48
17
1
89
16
86
99
81
92
17
57
24
7
38
29
10
46
72
18
91
59
93
87
89
66
14
92
85
26
52
46
75
69
0
64
37
38
15
19
31
32
76
55
39
66
36
2
13
60
72
56
19
65
95
8
83
9
1
69
87
5
67
62
26
19
78
63
58
93
82
89
25
11
44
17
77
32
71
42
92
43
50
12
60
45
72
44
6
25
65
94
30
32
56
56
52
35
20
62
80
54
51
58
17
47
27
95
79
50
89
23
45
40
35
5
85
60
1
92
85
66
38
16
99
94
72
3
81
44
17
14
51
20
72
68
67
99
63
98
49
53
73
46
45
9
51
30
21
53
74
6
71
12
22
70
7
47
25
40
43
42
54
94
14
78
63
33
29
78
83
30
83
57
76
28
18
28
59
39
33
33
45
4
98
68
27
57
67
4
97
10
99
4
5
13
34
68
47
64
98
30
94
82
87
71
10
5
51
21
96
36
7
42
92
5
10
71
62
29
76
11
39
75
15
44
40
50
64
39
66
15
70
60
97
9
83
59
67
86
81
63
22
88
5
67
45
67
38
7
96
14
18
36
41
86
32
34
88
49
73
54
64
43
14
13
5
50
72
72
36
5
35
11
45
93
78
90
60
16
97
9
83
68
97
76
54
29
10
94
30
36
48
94
79
14
7
36
64
32
8
53
37
96
64
83
89
94
73
1
62
23
10
45
43
7
74
49
89
36
43
19
72
91
66
4
5
25
40
22
57
49
75
95
97
91
78
86
85
3
87
47
26
50
45
21
57
19
70
98
7
13
70
80
56
36
36
62
13
76
36
71
77
11
18
74
2
48
12
39
51
52
86
30
2
31
51
11
2
22
10
62
87
80
94
44
68
30
58
81
6
94
52
36
57
22
10
11
70
75
50
22
27
88
4
29
72
55
40
74
29
2
88
17
82
82
13
2
12
71
84
71
17
88
7
26
11
17
37
81
44
39
55
71
27
59
0
99
67
93
26
96
95
14
65
30
97
30
32
61
1
68
32
70
57
39
96
68
9
85
1
53
24
57
25
52
16
77
3
83
70
29
32
18
96
49
48
93
80
32
54
33
1
87
4
58
78
52
78
87
38
79
41
62
36
18
66
5
95
70
40
18
51
72
36
47
22
84
92
54
68
99
87
69
86
43
79
64
96
9
4
34
41
97
48
77
15
15
34
10
37
75
28
40
47
