895
1
28
13
83
3
21
45
3
50
20
95
55
42
18
26
95
47
42
65
18
62
39
82
48
48
41
73
26
84
3
93
86
32
59
21
35
32
66
91
82
38
38
38
32
8
64
80
56
6
45
26
68
36
9
69
37
2
42
63
87
46
8
25
30
67
98
17
99
16
60
34
54
99
24
87
7
88
19
15
46
16
42
66
4
51
87
41
5
82
4
44
28
65
69
10
84
19
27
84
35
88
70
90
39
94
29
46
34
48
62
80
16
56
98
20
59
86
62
64
68
18
9
48
83
30
10
20
50
89
56
85
77
26
27
68
20
56
15
54
56
29
86
24
85
36
45
44
74
7
60
94
77
69
94
13
0
4
33
2
94
89
87
23
15
15
92
87
23
59
41
32
88
79
56
25
15
53
21
42
12
81
36
90
3
31
55
55
87
88
57
81
29
44
57
96
11
49
83
87
60
76
71
48
55
27
25
22
33
46
16
45
79
53
35
82
36
90
37
23
30
94
57
59
91
14
55
2
15
38
89
75
66
12
75
73
92
0
48
25
98
64
70
77
17
58
60
5
0
49
29
31
44
38
42
35
4
98
89
71
88
31
46
55
43
73
80
35
73
28
60
23
93
83
0
62
41
12
68
41
62
49
24
6
39
67
93
43
65
34
14
5
65
12
12
61
85
93
96
10
21
9
33
66
92
85
29
85
98
49
26
60
50
3
18
89
70
11
84
87
45
98
92
63
62
5
24
47
50
72
9
23
81
94
90
25
79
71
10
77
20
89
37
22
92
7
11
62
70
95
49
16
45
93
31
7
50
55
6
0
79
15
24
61
9
66
86
88
37
49
18
57
38
55
79
30
15
42
44
85
89
45
53
34
38
84
41
41
91
47
41
71
14
17
84
23
83
70
63
20
19
81
29
9
89
60
91
4
2
35
89
43
32
43
77
71
79
70
12
71
69
5
94
83
23
78
58
58
0
22
31
72
3
60
81
44
21
73
48
75
60
90
19
93
85
48
16
64
19
28
87
40
85
81
24
60
59
82
19
12
56
50
84
12
62
65
56
35
90
57
63
51
47
34
96
32
82
12
96
53
92
84
94
77
17
18
90
29
52
9
41
61
11
25
73
25
42
29
61
33
38
24
36
85
58
32
17
92
44
66
46
36
2
40
65
71
10
55
0
14
16
93
75
79
70
0
5
13
82
66
98
20
42
86
6
0
18
75
44
14
41
90
2
95
82
67
67
44
75
19
11
91
13
38
71
83
39
76
48
73
94
46
93
36
32
51
88
2
79
32
16
72
75
18
68
57
38
35
54
13
54
65
4
19
3
27
3
94
3
3
67
97
50
61
85
34
64
73
89
43
58
57
16
33
76
84
42
66
71
96
79
77
13
35
97
17
63
52
11
66
55
79
16
57
92
1
44
56
27
85
52
85
42
68
18
70
4
12
36
27
9
15
4
22
51
53
91
14
57
3
32
13
34
0
22
78
2
18
86
29
3
38
66
46
58
36
16
62
48
53
89
57
20
46
32
23
99
23
37
9
78
22
74
64
22
96
94
76
15
81
57
70
71
23
16
30
59
85
44
8
38
34
17
10
32
1
34
31
77
23
92
55
45
66
72
68
63
66
96
30
99
54
0
71
77
69
1
37
54
45
97
44
31
14
54
63
68
88
47
45
12
39
52
9
6
24
77
21
43
74
51
42
80
3
13
57
24
14
46
78
12
43
74
43
10
29
59
78
69
6
23
81
97
75
91
3
52
20
24
95
46
27
89
26
83
3
36
59
69
82
38
33
26
64
77
88
93
88
66
15
94
41
48
43
68
91
47
20
64
23
67
10
3
57
89
38
12
77
97
81
59
87
15
37
52
44
25
97
32
43
12
78
36
61
21
5
4
20
77
68
96
97
31
99
54
72
37
18
49
34
99
8
22
66
98
26
10
23
23
94
19
36
24
55
49
98
60
53
18
90
22
14
87
5
65
93
77
54
11
26
89
10
86
63
29
84
89
91
60
12
86
79
0
62
34
1
