452
3
57
97
38
17
28
75
23
25
20
17
91
1
20
74
49
55
3
0
85
74
29
67
40
1
72
86
16
23
27
80
79
36
77
17
53
58
45
28
83
65
46
74
18
66
48
20
21
51
20
6
78
1
25
18
3
97
56
71
21
35
51
52
71
81
69
24
39
14
5
22
31
51
96
2
17
96
22
90
0
94
49
78
95
74
48
50
72
56
22
45
92
25
97
15
6
18
92
97
85
97
19
68
48
67
70
17
16
44
59
16
38
8
46
86
35
94
88
59
50
10
56
94
88
53
62
94
23
54
92
8
51
63
77
51
31
99
68
47
44
27
15
34
88
61
20
75
55
9
34
57
71
90
4
59
95
66
6
18
20
50
27
23
13
56
74
96
55
94
95
99
73
10
34
61
71
6
36
78
67
22
88
91
12
92
50
7
10
8
78
82
58
57
5
72
13
31
20
20
25
16
72
50
26
58
12
50
64
0
80
84
75
68
75
87
12
77
47
22
38
25
4
96
34
61
20
99
92
41
19
69
57
91
20
35
49
84
37
66
36
18
50
11
86
77
51
51
6
98
25
44
75
30
41
61
43
13
60
36
6
79
57
15
23
77
51
72
13
88
90
50
6
92
61
45
69
12
48
28
62
73
72
89
55
65
50
99
31
10
35
37
42
92
53
65
22
56
89
35
44
80
85
3
72
99
0
94
63
48
22
78
21
46
67
77
64
70
76
47
32
63
84
74
7
89
39
29
45
29
17
90
9
54
45
33
53
45
27
69
93
1
47
66
0
66
95
16
36
23
63
21
86
99
95
46
89
87
75
34
16
44
76
77
99
73
62
4
70
42
73
15
43
72
82
95
39
77
63
27
1
26
48
39
78
96
85
67
83
13
53
99
57
82
28
8
55
90
65
26
32
90
41
28
63
75
75
54
5
39
33
58
17
82
49
95
30
35
62
13
0
68
64
9
2
44
18
57
34
83
35
19
73
29
99
88
56
26
42
61
65
28
71
35
10
21
30
92
56
45
5
8
13
