278
81
92
50
85
96
63
25
63
13
19
73
16
1
72
1
11
19
41
88
66
57
49
42
90
52
16
95
18
12
45
65
93
37
15
78
86
79
56
49
44
75
74
60
76
47
13
40
66
6
80
84
16
29
27
6
81
43
54
51
55
99
16
1
89
32
31
75
63
87
76
7
15
51
19
43
50
84
83
68
90
16
53
6
45
32
65
79
75
19
82
82
70
99
35
59
83
67
86
46
54
63
5
21
66
24
65
68
8
0
36
50
16
41
9
14
73
74
93
0
93
27
83
15
26
70
75
61
37
61
7
44
76
64
65
94
40
30
62
0
31
51
51
99
92
12
13
18
86
58
18
31
86
53
46
12
24
73
26
13
87
33
57
63
50
75
10
90
57
72
91
88
75
94
88
20
6
53
38
44
12
8
75
98
62
73
62
38
47
88
51
34
74
61
97
24
36
59
66
93
32
57
34
59
51
74
79
9
27
17
53
91
26
28
89
40
54
4
78
1
92
29
35
18
42
84
94
78
44
61
24
28
70
10
87
74
84
67
83
63
36
37
55
14
17
96
54
71
52
32
24
97
14
59
15
8
44
62
87
40
23
63
68
93
73
7
19
9
74
3
24
63
92
31
77
61
80
32
85
