539
54
48
47
21
96
48
49
10
3
52
9
87
67
3
19
22
12
63
47
80
33
39
59
69
46
40
80
17
47
94
57
53
42
4
74
90
4
75
53
60
80
62
47
47
17
18
21
29
81
68
61
14
60
72
36
58
65
68
76
12
63
33
17
57
37
92
48
42
19
53
2
99
15
1
99
84
20
72
14
1
41
27
68
53
0
56
11
65
24
87
29
87
72
46
45
10
90
45
4
10
98
58
61
65
59
60
49
79
33
15
33
26
43
1
31
95
57
94
12
33
34
41
21
6
39
18
68
82
63
72
44
13
82
5
30
42
18
79
73
3
47
6
81
42
59
12
37
68
6
1
2
40
94
23
99
33
93
67
67
56
92
11
21
26
69
51
68
87
82
94
42
29
52
23
71
12
87
60
80
45
61
34
38
55
57
37
41
2
56
8
10
48
72
31
75
41
34
95
80
17
41
22
98
46
97
22
58
36
82
90
81
96
77
19
3
34
8
44
89
65
5
99
65
77
31
92
70
65
40
50
34
81
24
33
27
73
55
37
9
89
80
90
85
57
62
89
43
70
85
32
35
90
32
53
19
15
45
89
32
85
91
67
19
67
52
98
40
7
88
1
48
20
92
34
77
54
75
72
76
60
57
64
3
41
17
74
56
62
64
40
0
7
7
71
75
11
21
67
70
9
69
19
81
61
5
10
67
80
83
95
92
40
59
47
33
76
22
89
91
38
81
43
97
41
66
72
52
87
40
23
49
9
42
30
22
99
41
41
79
76
36
23
68
96
23
1
24
97
42
67
35
23
10
84
64
76
57
17
16
49
92
65
58
86
47
32
85
88
73
16
16
9
91
84
57
14
37
34
11
79
1
98
3
12
83
19
40
92
88
56
41
80
73
51
66
21
35
3
61
8
19
30
69
63
14
79
77
52
13
41
83
14
91
38
78
26
58
19
18
46
27
11
79
53
14
97
26
49
1
87
57
72
69
79
35
36
58
65
40
71
58
23
85
49
62
16
76
72
35
46
70
14
58
1
67
72
99
93
22
52
33
31
24
2
10
12
38
68
77
78
91
87
54
29
36
68
45
12
40
32
11
62
46
69
64
14
93
63
59
15
67
92
99
91
47
9
55
85
30
84
16
73
71
70
2
8
38
99
72
30
31
83
44
30
4
8
44
98
23
55
65
90
48
64
34
95
74
89
32
56
74
48
29
45
70
84
5
60
83
