763
78
68
96
34
75
46
61
38
44
68
37
3
3
2
45
41
51
79
95
68
37
47
95
34
11
38
18
36
28
42
2
7
10
98
93
38
97
54
76
41
22
65
44
77
67
41
18
18
72
65
39
9
12
86
44
24
25
62
12
5
56
14
12
19
13
57
57
10
64
33
3
38
50
48
16
18
41
86
88
14
52
27
23
64
14
67
40
91
82
53
96
38
67
61
57
32
18
66
94
34
51
98
73
2
98
89
20
39
27
8
53
79
88
77
96
54
96
36
45
30
41
41
21
61
2
30
93
73
97
40
7
48
38
32
50
36
73
70
75
1
31
81
32
71
10
28
25
6
17
22
89
10
15
10
71
70
40
17
43
37
57
2
38
95
35
88
83
8
11
10
61
42
91
94
13
1
74
90
60
43
12
49
54
27
11
77
97
51
94
92
41
51
95
79
98
82
67
81
42
78
92
4
72
35
50
85
37
76
27
97
20
39
98
26
19
9
3
16
12
50
9
53
53
56
84
52
90
4
85
32
34
77
88
7
13
90
44
2
67
24
51
39
63
49
65
82
10
20
51
22
22
12
28
76
20
12
28
10
68
13
94
3
43
83
62
8
25
58
62
92
82
13
31
98
62
48
80
24
21
83
46
43
95
74
71
67
39
99
77
7
65
72
62
60
7
76
20
32
35
82
77
69
95
60
67
9
61
0
33
82
83
79
77
31
6
49
98
97
0
28
56
17
52
19
77
11
95
97
43
82
79
20
52
26
33
71
35
94
71
68
76
7
0
5
38
58
6
88
55
7
68
11
24
72
30
54
83
78
51
27
12
83
99
16
9
32
88
45
26
59
65
54
18
17
12
8
75
18
49
30
77
17
42
54
90
24
8
73
2
11
52
67
94
4
83
56
88
71
53
67
83
18
73
53
36
85
62
11
56
11
94
33
28
36
87
70
60
47
96
15
59
48
82
5
4
17
61
93
41
14
60
76
85
33
29
73
19
91
84
75
2
30
60
83
66
0
53
27
47
49
94
58
50
28
16
54
45
29
47
86
44
7
62
81
41
92
54
12
35
90
39
38
21
51
21
87
51
26
66
51
76
12
61
78
40
77
32
86
7
32
72
3
39
87
84
32
31
90
96
66
80
87
4
1
39
77
41
90
4
59
93
32
72
55
62
12
84
94
98
91
78
23
46
70
62
82
54
93
72
51
59
5
38
16
6
77
45
99
20
1
59
13
33
83
68
95
95
53
42
46
96
20
21
95
90
83
77
45
76
2
48
87
7
38
55
65
16
53
65
88
54
76
1
40
59
22
87
54
27
29
52
75
2
73
70
44
56
48
41
84
2
41
24
9
80
31
74
48
84
91
36
39
67
89
79
78
11
66
85
90
48
37
66
2
63
36
46
19
36
40
56
38
81
32
99
61
15
74
9
0
17
97
91
85
87
22
15
50
40
0
41
40
90
7
42
53
95
41
24
84
81
80
74
14
64
74
28
80
0
89
32
17
87
23
54
26
97
70
76
37
70
17
30
12
76
72
65
24
65
90
8
98
22
82
13
39
8
93
19
8
82
51
26
21
26
80
47
23
50
76
12
73
93
42
37
22
67
3
46
32
45
6
83
67
88
96
6
49
41
77
57
23
80
83
97
58
16
96
33
66
72
46
91
18
40
29
40
59
84
38
44
29
44
27
48
84
75
7
33
16
36
91
91
17
26
88
75
42
37
9
61
9
7
