962
50
55
13
13
44
84
96
79
89
49
76
11
96
1
20
15
92
62
28
0
67
89
98
41
66
89
16
78
64
78
42
66
34
8
31
30
44
27
61
34
29
37
97
25
90
17
92
35
31
20
35
98
62
86
39
28
27
8
58
43
86
1
61
72
61
93
54
5
20
15
91
49
5
88
27
47
5
19
82
89
92
70
87
54
8
79
34
87
87
44
30
25
97
91
50
58
84
4
64
57
72
55
6
29
44
33
28
1
5
63
42
97
85
30
3
93
61
89
80
0
85
62
25
83
53
27
41
90
84
5
47
56
13
53
37
9
39
65
62
96
80
5
45
65
35
0
10
48
89
42
48
74
4
73
9
10
53
51
0
37
8
47
45
21
52
82
82
91
99
45
39
80
50
84
45
37
84
8
85
25
50
33
52
7
58
61
17
63
12
17
0
21
16
45
94
68
79
77
12
79
22
51
11
24
88
8
13
72
16
50
98
67
83
50
26
93
11
43
57
76
12
9
97
28
55
91
48
34
20
60
65
42
64
76
18
52
85
31
76
53
81
26
72
16
76
98
62
40
41
71
16
53
80
65
33
87
8
82
22
29
42
39
23
58
16
94
62
53
77
39
58
11
65
31
27
94
29
41
86
23
12
54
76
45
19
62
32
79
44
6
60
38
46
36
97
14
30
11
19
7
50
77
18
68
8
98
62
90
91
0
13
4
54
41
1
73
3
33
4
47
92
65
86
38
53
35
4
83
46
23
42
49
52
13
17
61
63
31
51
54
83
16
10
37
57
11
62
61
97
66
60
89
83
46
79
36
33
35
71
32
10
66
81
62
31
50
75
46
33
78
52
16
94
63
53
52
26
15
65
75
33
25
16
69
24
47
5
9
82
29
41
92
47
74
7
78
24
82
76
9
61
28
25
7
43
30
59
70
97
76
97
83
54
14
52
78
61
9
87
96
38
81
40
85
55
47
15
80
30
91
41
43
20
67
50
63
49
62
85
99
38
83
82
44
49
34
22
10
43
62
58
82
95
99
19
50
46
35
82
28
26
24
71
98
43
74
62
92
36
99
91
26
82
73
71
31
59
45
94
3
59
52
37
54
3
56
5
50
43
87
30
22
63
2
20
6
76
34
51
64
34
94
90
68
20
13
52
79
59
46
34
70
50
71
25
6
80
30
56
75
69
38
49
33
40
70
91
68
56
42
32
42
89
75
11
9
88
63
40
99
61
75
70
63
98
47
69
30
77
77
6
98
16
55
83
56
77
27
77
86
21
61
28
10
36
39
19
77
54
60
28
67
87
98
31
85
45
0
16
74
78
74
25
46
81
60
54
11
87
31
97
9
93
25
19
81
17
91
10
23
51
39
91
90
89
22
75
35
74
43
61
4
17
38
50
51
99
5
62
86
88
59
47
33
36
67
15
5
10
77
29
13
16
20
3
6
94
78
93
20
22
6
25
91
45
75
94
44
32
56
82
21
67
82
54
56
49
21
61
11
99
42
24
67
14
27
25
8
57
18
29
31
25
6
75
22
33
69
18
66
26
52
39
45
34
45
1
35
19
63
46
70
5
70
37
20
49
63
80
7
33
61
90
10
67
65
32
53
35
50
19
13
3
10
58
37
55
60
73
74
75
71
96
32
42
34
4
43
49
37
2
82
98
93
93
18
58
25
71
45
28
42
58
83
52
69
72
59
81
97
86
8
69
82
40
63
16
97
58
65
34
61
0
84
6
93
2
16
70
73
62
50
67
72
85
19
93
58
79
74
7
17
82
28
99
75
43
68
72
2
85
58
15
85
42
21
30
45
37
1
70
51
3
38
24
89
9
69
99
88
44
6
5
78
87
57
53
30
25
77
32
10
35
47
96
78
20
26
75
58
79
45
9
83
35
85
24
45
55
23
85
51
81
43
29
68
0
35
51
25
12
83
87
0
83
83
30
3
62
5
13
93
2
23
76
38
60
52
83
15
27
68
66
61
63
48
29
63
83
32
88
47
68
76
99
51
11
29
6
25
34
20
19
89
95
47
27
55
0
62
23
27
82
41
40
46
89
70
9
24
54
50
24
22
78
23
25
41
53
32
67
39
4
86
28
99
33
7
6
85
21
29
65
4
23
5
50
64
27
11
41
82
13
65
4
91
88
82
85
93
14
52
85
70
90
65
69
75
73
27
61
94
