591
59
83
48
19
71
11
28
5
85
39
91
20
77
6
19
19
76
60
34
1
43
69
3
57
61
66
59
23
91
86
21
51
21
70
70
45
33
50
50
70
89
93
90
19
51
61
90
27
73
24
80
16
94
84
25
7
2
36
30
94
23
4
45
96
74
67
41
59
18
43
29
59
36
20
30
87
33
73
66
7
97
99
75
43
35
1
2
37
37
33
31
12
89
28
9
15
96
2
74
66
46
3
77
82
23
8
22
57
81
40
16
30
39
91
74
74
92
28
64
30
61
95
42
50
24
3
65
72
6
91
38
52
95
15
86
70
75
60
79
8
1
95
91
92
87
65
67
79
93
83
61
7
78
4
9
54
59
27
78
65
18
68
17
65
36
56
36
11
16
15
72
69
11
63
62
50
80
81
81
25
64
43
84
94
99
94
49
58
73
79
24
43
48
93
9
84
1
45
47
18
12
19
87
75
34
1
25
14
82
7
92
46
50
76
41
1
22
42
59
95
21
35
91
21
81
0
57
82
97
5
0
61
76
40
37
11
41
14
77
76
21
69
22
23
46
15
24
20
9
36
16
31
23
59
4
4
11
62
87
60
67
39
21
95
79
10
58
73
25
36
49
98
57
23
74
3
39
50
24
48
86
92
31
10
3
88
66
14
50
53
74
69
93
47
16
24
58
75
97
35
63
98
33
20
22
7
24
13
58
0
13
96
44
97
58
47
37
25
13
87
78
39
8
71
86
24
48
96
51
45
31
14
96
65
35
70
24
11
83
82
63
48
31
59
97
89
58
34
14
71
73
93
10
33
16
48
10
64
45
61
62
28
76
58
45
63
28
70
74
63
4
89
63
35
48
61
25
6
47
39
77
21
84
39
6
1
39
16
17
84
78
79
65
6
89
10
21
17
80
47
32
85
36
96
72
84
9
97
42
8
89
71
81
25
10
88
26
1
4
96
86
34
27
3
40
17
13
13
86
94
60
19
31
96
67
55
32
28
5
74
36
94
45
70
19
7
58
98
9
62
46
47
97
73
50
89
90
15
3
77
61
63
48
44
12
67
0
44
47
5
71
35
99
68
5
70
76
63
20
37
78
66
36
75
40
86
16
30
53
19
59
15
35
59
59
47
78
59
43
25
64
14
13
15
35
70
86
63
34
6
0
64
25
36
91
65
74
7
47
27
27
7
42
14
18
54
61
49
13
4
26
78
71
39
45
6
10
83
69
96
42
21
60
67
9
51
32
83
58
79
62
37
38
57
3
9
11
64
58
24
21
84
54
44
24
52
2
86
35
23
82
77
44
94
44
53
97
28
88
7
8
2
45
98
59
48
7
22
65
65
99
