686
12
57
94
26
52
73
82
18
97
4
1
46
54
7
50
67
97
97
80
44
66
34
60
31
61
79
12
48
19
41
61
84
50
55
62
2
80
44
73
78
1
74
24
55
81
26
75
30
24
7
74
42
93
87
74
55
66
38
55
38
31
16
22
34
24
36
88
4
80
61
34
33
35
11
41
17
37
68
99
13
75
74
56
68
13
82
75
79
72
31
17
3
99
91
89
23
27
78
28
60
39
62
93
75
73
86
44
63
54
43
28
81
69
84
2
82
18
77
62
90
8
31
46
60
75
35
83
2
13
11
14
53
26
60
80
51
46
76
66
53
19
95
34
41
79
36
23
50
66
37
40
26
21
38
86
96
74
70
50
39
33
65
44
11
25
76
63
71
52
29
76
72
76
11
65
8
99
88
58
65
78
50
44
51
89
30
47
15
52
97
6
86
62
51
97
87
27
12
11
80
94
87
4
70
50
69
78
50
9
36
67
39
87
63
90
28
94
37
43
46
87
49
84
49
52
34
89
80
46
0
12
40
39
68
11
90
37
41
92
98
78
59
38
17
23
80
45
69
18
40
67
5
41
4
6
94
38
95
26
36
47
38
77
87
6
40
29
95
81
21
45
11
32
83
28
55
64
25
76
34
17
96
91
59
0
97
53
38
45
31
74
44
21
3
31
79
95
60
26
29
33
71
40
66
55
21
21
71
98
50
57
16
46
48
75
46
97
80
36
94
63
62
39
84
18
22
63
13
35
41
42
68
12
35
34
19
8
8
42
58
58
99
74
56
99
1
54
49
33
90
43
96
52
82
80
70
57
95
36
92
36
30
60
1
17
95
20
25
3
63
84
13
62
10
69
14
12
23
63
45
65
6
42
69
41
74
92
98
22
28
90
10
58
50
11
76
97
84
53
52
47
37
65
61
48
86
75
12
9
38
57
74
45
51
44
86
78
36
36
0
16
26
62
74
28
26
2
78
10
56
30
57
45
48
18
45
34
94
9
44
84
67
70
29
70
66
67
48
2
3
0
70
81
15
97
62
41
99
92
3
7
22
60
5
70
30
2
5
76
12
1
61
31
71
42
53
38
62
2
92
17
54
63
51
21
12
13
62
11
5
65
71
79
77
76
50
60
30
7
36
42
8
49
25
31
44
79
21
6
33
66
23
87
81
74
61
93
39
23
56
44
41
27
76
70
55
78
30
38
85
19
80
45
68
58
28
12
37
50
70
70
68
94
9
49
20
70
94
60
46
50
56
39
30
32
9
37
10
92
75
47
11
8
92
31
66
73
96
3
75
66
25
43
12
34
44
33
5
38
93
3
40
49
42
70
34
51
8
44
95
35
92
58
43
36
90
61
9
38
64
84
56
89
27
69
76
71
2
33
61
47
36
2
48
78
72
82
81
32
27
77
20
71
35
63
7
77
77
17
15
93
1
72
35
81
93
11
4
47
44
66
94
80
68
42
58
92
77
91
77
56
68
97
27
56
12
86
85
89
55
1
83
9
25
18
90
18
81
94
65
25
12
11
57
80
5
67
25
82
58
2
90
79
99
69
87
