499
37
65
18
6
41
64
90
7
60
19
48
43
70
36
0
36
34
2
48
88
20
89
39
47
7
91
48
58
72
44
42
9
61
12
16
54
28
58
61
88
77
62
83
99
50
83
35
85
38
36
25
58
25
64
5
84
7
53
42
80
49
36
41
62
48
9
16
76
67
30
17
97
44
52
96
94
88
32
31
26
68
57
36
45
73
41
29
81
46
24
61
47
60
54
9
9
64
25
37
31
55
6
28
99
11
77
46
99
61
77
77
29
86
13
26
60
6
7
41
52
31
54
99
92
8
8
53
72
85
90
56
41
49
36
92
60
13
38
59
74
68
36
55
54
1
33
14
7
41
7
59
72
61
10
64
70
70
69
94
55
12
2
48
61
39
93
73
4
83
84
31
51
72
86
58
73
72
72
80
13
80
91
85
93
53
2
15
23
71
10
30
83
64
31
96
3
76
69
60
59
53
91
63
25
29
21
98
1
45
30
14
77
73
52
23
26
6
38
1
77
0
32
13
65
15
9
20
43
31
80
54
36
71
17
62
53
90
12
54
88
95
21
17
68
73
40
95
79
31
96
8
31
80
73
96
47
83
17
90
66
97
45
2
21
14
16
74
57
29
80
45
76
1
14
44
26
55
39
57
86
88
18
17
20
91
66
68
74
35
10
92
84
7
95
5
22
11
31
79
92
12
76
68
65
90
13
92
97
4
1
83
44
19
53
65
11
71
85
37
6
47
30
90
55
25
48
29
88
79
8
81
43
36
49
9
26
14
53
24
71
54
59
15
74
12
32
85
35
17
74
41
17
4
84
72
81
32
1
70
11
61
51
7
97
52
16
75
19
69
99
90
75
11
57
49
75
90
86
11
59
61
52
76
17
88
48
99
20
1
69
84
62
72
91
11
24
59
87
95
28
38
85
3
1
43
5
77
85
43
88
44
56
92
21
74
81
21
73
53
75
94
89
37
66
80
1
42
39
40
38
19
30
23
75
32
18
32
9
3
75
97
48
32
41
21
6
22
94
31
28
69
25
17
59
91
50
60
33
89
52
23
61
82
99
88
14
17
20
23
73
95
72
73
27
14
46
85
88
40
16
16
10
41
34
69
84
84
81
70
25
33
45
38
15
44
78
30
14
98
