537
94
55
6
53
69
41
13
47
28
91
41
91
35
9
84
11
88
16
52
80
74
99
51
13
43
75
51
32
57
13
20
3
20
78
8
41
71
73
40
99
65
81
90
52
43
26
64
83
43
68
63
69
19
15
34
62
42
85
46
51
50
18
54
22
96
62
63
19
88
3
19
5
37
9
57
32
36
21
15
31
41
78
0
60
45
34
74
87
72
20
38
22
90
44
97
38
59
60
58
47
16
77
52
53
38
9
85
26
83
0
57
24
30
9
37
28
96
11
67
20
84
58
94
74
2
91
13
13
52
71
60
68
0
64
73
38
26
10
17
9
62
74
85
92
36
22
72
32
34
40
52
70
98
98
44
52
90
9
66
42
32
78
62
32
95
35
23
21
97
40
82
59
14
19
3
2
42
76
86
28
68
90
98
66
89
94
70
79
56
88
21
88
19
35
21
14
22
44
87
19
36
21
78
2
40
81
5
82
9
91
62
77
82
12
95
23
7
66
2
15
6
75
3
25
10
76
91
32
72
78
3
8
99
81
11
92
14
16
26
24
59
89
1
93
53
97
16
12
15
18
27
21
93
31
99
55
7
90
39
80
21
42
88
72
75
99
64
90
67
91
14
79
32
15
72
85
64
89
98
79
59
25
53
5
8
52
60
16
42
52
96
63
94
36
36
70
88
0
60
7
43
26
86
75
41
11
61
6
52
11
37
11
88
90
16
97
42
29
13
37
33
61
0
27
49
88
49
37
41
61
97
84
87
83
12
29
94
25
87
46
36
76
10
24
67
78
21
61
7
86
98
40
47
99
20
97
39
21
86
80
83
83
65
70
19
77
51
65
2
90
12
90
67
74
66
34
52
88
47
12
26
46
4
26
45
24
75
36
46
61
17
81
97
34
3
16
63
55
81
17
97
45
7
64
19
73
50
72
13
98
36
92
44
40
18
41
17
93
77
63
54
94
96
3
80
99
71
43
54
53
60
52
50
67
68
70
93
19
94
58
69
30
50
13
22
68
6
39
61
83
54
68
30
50
71
10
50
95
6
56
48
66
60
50
34
29
72
79
0
66
37
69
48
88
34
71
8
40
10
70
75
65
90
57
67
13
20
17
8
26
26
8
92
86
59
78
67
31
57
67
50
47
88
98
87
22
21
95
14
84
17
42
1
7
99
68
21
71
38
81
97
64
90
42
50
49
20
70
32
30
37
82
29
78
33
16
52
