448
14
18
38
33
13
35
53
92
48
21
0
32
33
78
4
81
18
89
56
59
10
35
11
13
14
92
97
59
62
27
18
77
46
56
62
11
43
68
55
44
89
55
28
74
86
84
55
4
73
64
15
36
51
26
49
65
70
46
24
32
74
94
61
72
51
24
83
46
92
39
90
33
46
70
8
32
54
63
88
80
27
55
16
78
81
17
95
51
64
72
84
90
66
97
14
69
21
49
68
65
40
10
99
87
81
59
71
35
22
12
15
2
67
83
32
49
1
28
52
17
52
88
59
70
86
73
92
59
74
60
77
15
70
28
54
51
87
25
39
9
89
6
63
57
42
96
58
43
76
10
12
28
51
71
50
37
96
42
48
70
54
25
37
25
5
91
28
92
69
19
54
58
78
17
67
20
13
25
63
41
88
75
69
39
98
72
28
46
14
28
68
69
54
6
46
59
49
26
4
70
98
58
81
76
75
48
96
41
26
11
82
66
38
4
5
36
76
85
82
42
13
50
63
19
8
61
31
58
40
35
28
38
45
9
14
20
10
10
13
36
73
48
2
11
4
59
47
32
96
81
74
9
83
90
81
44
3
64
2
43
99
82
81
44
44
47
16
54
9
82
42
82
30
44
93
34
55
92
18
51
25
44
12
9
34
45
53
90
9
7
33
8
41
67
4
85
66
73
39
76
7
33
10
37
77
56
23
32
48
41
35
74
85
48
35
72
93
40
62
3
99
47
63
40
14
20
78
33
45
69
9
52
3
71
41
80
27
16
65
28
9
52
54
46
0
41
70
46
81
32
1
32
32
16
24
98
88
2
31
33
72
92
37
75
64
78
7
43
94
24
71
55
77
25
2
29
66
72
27
99
57
28
83
89
97
8
87
85
10
71
71
34
63
8
61
27
87
69
71
33
45
94
41
22
20
43
4
38
67
31
38
24
12
21
65
9
81
5
46
44
76
17
78
39
26
40
19
65
61
42
50
58
36
91
33
8
86
37
47
6
20
37
30
32
10
48
93
92
