786
89
37
22
44
51
28
86
26
83
16
62
22
66
64
50
39
77
59
4
53
27
91
45
77
24
67
65
12
68
78
92
9
67
14
5
19
95
91
97
78
60
59
0
26
23
2
17
0
61
73
5
40
16
50
17
92
69
34
5
89
12
49
98
32
63
3
51
10
47
48
40
59
60
93
37
83
95
54
36
57
80
93
97
96
44
15
41
65
49
98
55
14
47
53
46
62
9
49
73
56
49
13
15
61
6
52
97
54
58
33
11
90
26
8
39
22
75
80
88
77
78
95
43
25
0
41
87
9
42
12
17
91
78
84
5
36
88
2
90
47
35
1
37
13
62
76
88
89
8
28
66
86
23
61
63
75
2
3
85
44
67
54
88
45
39
93
34
79
95
24
26
82
78
16
47
92
44
35
81
5
63
0
43
38
13
7
14
16
62
51
12
29
57
0
27
48
45
61
28
40
37
6
74
67
22
22
59
19
9
93
24
73
45
19
63
58
26
29
74
40
80
39
70
90
39
49
38
37
62
66
77
99
73
4
67
47
78
26
18
87
71
94
12
16
14
76
75
40
5
1
33
38
40
3
28
32
4
18
69
66
85
98
65
10
54
84
57
32
63
76
20
34
70
32
3
36
60
78
77
18
31
10
56
24
65
36
8
21
54
77
87
91
27
4
1
82
89
11
14
52
87
34
38
9
19
41
46
31
71
75
49
55
37
5
79
54
93
87
75
48
16
14
91
43
18
93
25
59
4
40
63
43
26
54
4
97
95
2
29
19
29
78
74
66
36
53
72
29
92
99
29
8
13
21
51
84
66
29
43
22
69
59
65
47
13
21
97
60
24
78
79
53
56
53
72
92
58
96
74
50
96
55
58
9
76
62
93
94
91
89
16
12
0
33
11
13
55
8
73
31
86
5
36
95
58
8
39
17
5
65
19
1
21
30
62
49
92
8
44
35
97
60
47
97
46
10
62
1
71
87
32
57
92
68
4
3
29
96
72
86
61
91
39
82
21
1
32
65
9
28
0
58
40
99
7
86
10
21
87
81
9
71
90
53
92
47
56
73
43
80
59
4
72
98
87
45
51
71
11
61
99
63
19
91
63
79
78
25
0
17
6
61
41
48
15
33
95
23
58
38
4
17
43
28
67
82
73
18
5
36
79
56
0
51
47
15
82
25
40
82
43
98
44
36
46
11
69
42
34
27
32
90
96
27
18
63
61
44
33
66
80
13
74
32
16
22
47
50
99
39
32
42
37
28
78
84
39
99
78
26
78
62
16
26
90
35
89
51
31
75
70
11
88
44
96
56
66
43
6
66
35
90
60
72
19
91
8
10
42
38
88
73
1
5
99
43
92
41
46
23
16
68
86
56
13
82
64
31
78
22
49
13
12
62
37
83
5
98
46
99
36
34
72
89
39
24
84
83
65
83
6
33
51
45
41
16
27
5
48
5
27
49
70
91
63
8
27
20
6
73
20
94
59
44
84
51
68
20
34
85
3
93
70
55
38
11
71
65
16
71
23
95
73
93
87
36
1
66
9
59
39
29
54
98
25
90
49
46
10
36
83
66
29
54
21
19
17
44
36
34
68
59
81
41
5
20
29
58
86
90
18
77
19
24
28
97
14
77
43
76
65
26
94
94
32
67
65
50
12
2
36
32
13
69
25
18
90
6
77
28
97
47
6
68
71
34
65
37
63
60
65
29
39
60
75
71
27
41
73
91
95
61
75
8
31
0
27
21
7
56
49
4
55
7
24
26
41
90
15
5
50
80
86
41
92
61
