982
54
26
95
4
95
63
23
8
45
28
89
42
3
34
15
96
54
43
6
32
91
69
8
61
78
13
39
77
75
31
62
29
57
9
86
53
73
9
13
70
38
2
64
93
88
80
41
95
75
47
27
67
17
87
28
47
0
67
25
75
99
39
57
8
48
43
13
73
4
78
43
94
81
60
87
21
40
29
16
15
28
95
34
97
82
62
45
35
30
22
10
81
61
19
41
61
62
7
35
19
85
30
13
66
90
53
40
82
82
56
50
62
52
84
60
86
47
57
21
29
79
84
62
40
3
3
1
18
62
88
37
48
19
2
66
61
55
6
44
89
15
94
52
19
30
12
5
77
69
79
58
48
63
20
40
18
76
93
88
38
82
77
38
53
80
5
14
35
63
58
25
78
4
77
97
35
41
55
64
62
34
23
62
49
95
2
19
71
47
8
62
29
37
52
34
17
57
49
53
73
59
30
51
16
59
1
51
0
8
15
62
94
90
24
95
86
78
14
9
25
74
23
7
12
76
93
81
85
42
86
10
54
16
14
70
75
15
73
27
75
40
41
21
31
17
16
69
95
82
30
73
9
6
32
73
34
77
54
19
20
93
30
26
9
44
96
37
11
21
16
38
61
58
59
44
75
27
13
23
9
96
48
18
2
80
91
36
57
98
7
29
91
89
7
52
85
55
89
48
76
6
86
38
16
97
34
91
24
48
14
34
96
62
4
98
94
48
86
4
46
45
85
89
35
45
41
72
0
83
21
29
89
59
67
57
57
1
48
33
1
15
67
97
29
24
47
76
72
85
32
70
31
69
59
66
14
0
90
15
83
11
44
24
23
63
81
80
16
30
13
70
97
33
19
26
57
67
2
81
52
86
51
35
56
10
53
70
62
44
37
46
55
33
70
30
48
4
10
65
34
76
87
83
61
6
9
70
25
64
51
30
50
54
65
6
16
19
29
78
63
18
24
70
52
47
1
0
51
63
17
37
91
56
20
52
63
81
74
88
45
77
18
48
31
84
6
47
55
35
78
18
6
54
88
58
1
41
10
4
5
80
41
96
36
13
1
99
95
75
40
92
53
10
40
36
46
47
84
1
34
14
19
40
68
60
50
70
1
13
26
58
93
20
7
81
33
8
81
80
35
73
73
88
83
13
25
82
12
61
83
99
75
3
39
95
15
90
65
68
55
44
27
48
64
34
29
49
94
62
30
29
87
55
18
71
68
95
53
33
8
88
32
35
43
23
30
58
65
48
27
20
92
6
68
56
40
50
57
34
12
87
63
0
42
33
23
63
80
28
48
88
16
80
23
12
3
54
70
21
2
49
41
94
55
10
2
47
60
59
81
24
99
97
76
93
30
99
8
63
79
56
51
48
88
75
60
44
81
82
65
83
32
6
29
87
68
31
35
80
42
68
5
41
17
81
87
0
33
95
63
12
52
14
12
40
41
72
36
22
55
1
5
39
8
34
78
76
17
65
57
60
34
14
53
51
95
40
3
80
88
66
45
92
81
57
84
22
82
21
97
37
22
2
76
82
89
54
59
58
20
68
70
6
82
24
9
29
16
13
62
56
79
7
48
12
16
33
87
98
54
84
87
76
38
15
11
79
22
70
38
94
90
8
0
24
84
61
5
53
74
67
9
6
26
58
18
95
43
57
93
97
93
33
25
32
48
36
63
70
58
1
64
0
62
16
24
46
78
82
51
52
49
61
10
28
71
81
23
14
38
68
63
32
1
88
16
50
77
79
72
35
81
37
88
95
5
12
93
83
94
45
88
96
58
98
76
29
79
99
95
18
67
58
2
21
46
18
71
23
97
95
11
30
32
99
25
90
63
19
73
10
16
61
6
74
12
34
3
43
33
98
61
52
56
15
73
54
33
96
30
83
92
41
13
76
92
91
66
55
10
92
65
26
5
23
0
17
57
55
61
42
5
74
95
61
90
20
15
75
17
45
58
61
38
72
37
30
63
56
38
25
48
55
3
53
31
55
71
40
10
84
83
15
58
30
28
0
2
95
76
71
93
34
32
31
58
70
14
73
78
52
98
26
59
53
79
90
8
2
83
70
38
66
37
97
48
65
97
50
13
25
22
6
60
6
89
18
76
3
44
6
7
94
32
67
48
64
9
8
18
92
31
57
10
68
6
10
86
3
61
99
29
35
57
41
41
46
11
70
50
55
76
9
50
61
28
50
77
38
10
95
82
41
4
45
10
10
55
48
66
68
99
