684
2
98
31
32
43
86
19
95
17
47
87
94
89
15
30
69
10
99
48
43
93
25
47
8
97
4
80
89
88
64
75
42
62
6
74
57
92
45
52
10
92
92
56
34
59
86
55
70
86
3
13
31
28
12
92
26
17
72
67
57
88
42
0
2
1
26
59
45
24
64
55
68
56
63
2
15
50
57
37
88
12
51
71
93
15
63
71
84
88
38
42
76
33
94
31
86
72
90
31
96
54
39
65
62
2
67
78
4
77
67
92
41
70
16
34
86
79
5
70
19
96
64
48
81
10
79
67
83
69
98
79
76
37
96
38
40
64
68
96
93
36
89
34
6
57
21
44
88
26
15
8
74
31
56
55
42
35
22
25
56
73
56
32
62
53
71
54
69
39
51
14
27
92
48
34
49
21
30
37
0
97
45
74
29
53
30
71
88
4
48
97
29
56
29
92
9
0
46
78
92
97
44
19
41
93
5
90
66
36
80
66
33
25
41
14
31
23
37
71
79
85
68
9
42
98
1
3
50
99
34
42
49
78
14
90
23
71
81
90
7
61
8
93
38
49
7
21
24
45
93
4
82
61
13
76
11
66
80
62
17
66
56
66
44
22
9
20
94
90
62
53
3
70
46
93
20
6
15
96
51
60
0
85
73
65
62
85
83
94
99
1
12
7
19
8
30
28
28
76
70
42
29
25
13
76
71
85
34
38
81
85
98
82
22
23
99
36
8
83
82
59
36
94
67
7
55
49
88
83
25
10
26
54
36
91
82
59
76
16
97
57
53
47
91
28
70
91
64
31
26
47
42
14
93
9
73
48
10
61
84
87
24
62
42
12
53
76
71
29
45
68
38
50
67
30
78
89
73
43
20
99
42
63
65
87
24
90
36
35
52
20
22
28
82
16
40
87
45
11
16
90
31
54
92
98
36
71
87
9
66
60
60
60
23
25
47
99
16
83
86
20
55
61
48
89
77
88
76
74
51
92
16
34
99
9
32
35
32
71
45
98
83
57
58
58
83
5
58
51
89
96
23
96
57
71
86
35
11
62
61
14
7
78
48
58
39
32
45
71
55
90
69
39
0
79
49
83
84
7
86
25
4
9
22
61
80
60
48
43
22
62
57
81
40
57
39
31
89
85
2
44
27
71
35
27
2
85
62
86
44
48
64
0
57
38
14
89
98
14
32
20
76
41
2
68
50
93
99
39
78
1
36
6
24
23
85
26
60
48
65
5
96
29
57
54
67
23
95
65
38
28
37
66
21
91
35
72
85
86
63
63
40
51
21
16
27
59
95
87
7
60
44
55
41
2
61
8
25
57
25
15
37
14
82
10
6
69
82
91
55
98
6
47
1
80
64
28
39
59
16
98
19
12
5
12
66
67
72
92
76
97
59
13
11
93
23
69
62
58
12
70
8
19
17
9
51
81
90
42
92
6
92
11
18
97
75
85
16
47
29
92
44
40
5
8
34
81
29
96
91
42
66
99
13
36
60
64
69
50
58
62
8
50
25
79
99
1
16
16
48
97
8
45
37
66
5
71
99
34
20
90
76
38
41
