924
17
15
71
81
91
89
29
41
23
40
53
32
40
7
50
96
22
11
2
46
31
14
10
59
25
41
91
42
82
58
33
52
25
56
33
17
45
62
10
68
54
15
52
46
22
3
43
96
14
45
95
97
11
5
56
37
47
99
31
29
9
16
33
35
72
18
4
17
81
66
37
87
81
90
34
55
93
29
51
59
74
46
57
86
4
65
75
51
65
58
32
26
74
66
61
98
84
17
15
17
83
4
57
64
94
91
71
39
72
23
51
46
21
8
84
25
25
11
76
42
21
61
69
95
27
30
45
63
0
60
33
83
17
90
0
11
33
71
3
5
46
54
3
68
14
40
93
91
3
22
34
25
83
3
72
62
85
18
77
85
30
10
21
47
52
73
11
85
44
14
42
91
20
46
11
86
38
56
77
41
30
63
66
13
66
39
27
4
57
57
41
87
67
62
87
72
35
98
9
32
64
52
75
36
50
86
22
88
94
51
29
25
15
48
90
33
87
18
37
96
27
31
35
94
93
22
18
81
20
28
65
36
80
40
72
82
78
46
70
72
98
51
97
65
99
40
50
38
10
88
34
37
71
22
31
64
44
2
97
17
30
62
53
62
54
78
44
32
24
66
57
74
17
54
91
69
94
42
7
56
82
94
93
53
68
77
69
12
79
67
81
9
81
87
71
36
65
15
20
41
33
77
68
50
84
59
71
78
53
31
35
35
77
80
40
45
57
10
57
36
29
91
97
62
78
68
50
43
35
71
84
68
48
52
71
32
64
42
63
17
25
50
5
2
30
45
47
88
7
57
76
88
48
74
51
26
42
1
21
30
24
57
50
73
62
21
5
26
16
20
95
41
70
0
96
1
98
95
41
57
52
17
46
52
91
49
30
86
2
3
68
27
61
18
0
23
92
57
1
60
78
96
1
48
49
49
1
99
45
94
56
49
12
54
2
55
55
84
93
58
88
13
85
49
32
37
24
76
46
25
36
76
73
89
77
22
39
78
21
84
73
30
85
37
84
87
44
40
24
38
50
12
51
87
13
35
24
37
11
22
14
47
99
87
37
76
10
28
6
83
64
31
13
49
68
50
37
13
90
13
3
92
77
6
79
90
94
55
79
5
77
93
5
28
80
94
4
42
22
11
78
86
42
43
35
63
93
24
28
35
37
83
27
14
89
6
56
83
13
35
41
91
80
98
19
13
92
76
7
66
87
85
52
81
81
39
96
74
16
24
62
5
7
41
72
49
0
28
32
13
16
25
4
48
23
76
61
67
52
69
33
91
6
37
24
39
29
21
14
45
45
28
50
5
69
22
54
69
3
86
35
19
64
39
67
39
67
81
59
71
2
44
62
60
82
39
0
11
60
66
8
57
94
58
62
15
33
16
85
36
55
72
7
71
63
74
62
31
7
21
2
9
66
17
22
48
8
22
11
20
88
19
77
82
29
92
49
62
60
86
50
67
58
57
38
22
84
1
53
91
22
7
53
40
76
75
88
84
97
51
4
37
22
34
71
4
78
20
18
38
7
69
6
65
26
96
87
62
97
92
6
72
52
59
12
80
86
53
65
83
56
21
72
31
7
43
35
85
63
53
76
22
74
34
88
53
30
27
15
80
72
21
4
24
80
16
4
66
21
21
1
30
95
25
61
54
68
96
92
84
1
68
6
28
54
94
81
84
74
96
64
46
18
68
70
50
37
26
69
10
0
22
40
95
48
1
1
68
49
93
52
3
13
59
31
67
5
12
4
79
60
68
25
78
89
47
81
78
26
2
88
26
76
81
73
24
82
26
45
84
20
97
39
85
8
70
53
14
34
57
45
94
77
23
25
18
22
58
48
48
60
89
26
36
70
51
13
4
78
58
40
50
7
79
35
16
49
88
30
83
97
27
30
27
50
55
97
73
13
46
73
73
35
0
61
57
3
74
13
81
84
54
31
92
33
67
8
83
7
90
18
57
17
48
84
20
55
33
45
68
79
18
93
66
70
55
75
74
81
89
7
18
43
39
10
76
58
70
11
17
12
82
74
81
82
10
1
38
44
46
58
75
17
52
94
87
59
69
13
92
58
21
10
53
12
72
82
22
42
45
39
6
79
66
