609
79
37
30
64
50
49
96
77
81
71
35
20
97
70
82
56
1
40
49
72
56
11
45
39
7
74
39
91
82
64
31
13
54
61
77
56
63
73
33
96
96
20
16
93
90
99
2
43
91
3
15
47
14
60
87
74
87
78
65
69
94
48
82
48
62
59
56
25
85
90
21
81
62
89
27
5
88
29
48
32
32
16
31
99
76
70
73
63
48
90
84
43
39
66
91
1
78
48
78
15
90
51
96
4
40
75
9
81
4
10
13
89
26
44
40
2
15
13
18
15
3
54
58
94
73
2
47
3
2
77
18
44
28
66
48
21
42
10
2
98
20
67
39
46
63
79
0
30
44
70
46
0
77
4
94
50
6
42
53
8
19
71
52
0
37
53
21
31
63
75
82
35
42
21
33
5
1
85
36
45
56
82
45
85
38
92
35
45
86
40
5
57
11
10
57
0
63
30
84
78
5
66
13
47
87
46
5
40
31
41
38
39
23
35
24
13
27
11
58
13
51
16
23
14
26
80
15
41
63
51
71
68
17
84
68
56
82
73
97
13
14
35
5
89
22
29
2
50
41
13
15
44
29
38
59
7
71
26
0
34
77
71
2
46
7
22
2
89
95
51
54
61
38
59
2
61
41
5
11
34
70
78
78
51
17
37
10
88
63
10
22
92
33
76
38
40
99
41
81
46
92
35
8
31
95
10
44
36
67
55
70
37
33
0
88
2
38
98
90
53
60
64
46
45
41
84
37
92
77
18
38
70
54
46
53
1
9
97
37
76
4
59
14
89
59
54
92
49
5
34
55
17
99
1
63
92
37
0
84
15
71
74
37
25
73
90
26
82
39
15
58
43
26
24
84
37
79
76
39
36
11
94
53
10
47
68
54
84
21
38
99
92
12
36
17
85
78
95
19
17
62
78
12
40
54
97
29
85
25
68
21
36
14
27
98
61
95
52
46
16
42
45
60
7
34
29
44
64
24
64
82
38
94
46
30
48
95
60
34
21
28
7
9
95
34
8
56
82
12
2
50
55
0
11
62
34
40
6
98
17
22
32
7
16
31
38
65
26
98
51
47
78
58
57
73
45
17
30
79
29
84
29
84
84
92
98
70
33
57
69
2
79
53
9
96
84
99
13
63
97
64
62
28
74
71
53
71
88
35
50
70
20
80
6
56
24
5
27
9
62
48
11
41
1
73
89
38
72
2
1
22
18
15
2
93
87
55
64
75
43
15
97
63
47
4
19
71
61
98
81
75
46
44
68
0
69
58
38
42
60
91
16
79
6
18
24
45
25
88
21
68
55
18
83
54
74
3
26
35
1
59
10
0
55
79
0
25
89
38
19
1
81
35
32
39
53
56
85
78
97
58
99
4
28
82
59
3
37
37
