568
13
92
38
93
57
42
59
76
53
37
43
45
92
42
64
84
8
72
81
91
74
70
22
3
45
8
45
20
95
69
93
61
13
83
54
70
26
65
99
31
3
94
76
47
36
40
31
44
65
64
87
39
34
9
42
32
18
39
4
65
61
98
78
74
33
84
97
59
50
96
90
53
90
19
52
78
59
35
74
24
99
61
15
85
22
9
69
92
49
74
58
62
24
36
36
57
73
33
69
23
81
11
28
23
30
80
1
42
15
27
66
66
88
34
3
63
43
25
55
44
99
13
6
75
2
95
32
75
80
53
50
62
65
78
37
47
58
91
89
25
18
8
91
59
42
46
22
85
71
77
82
22
43
88
97
97
35
82
24
16
35
74
78
52
52
15
0
62
58
89
87
77
97
30
36
39
28
10
77
0
87
11
22
82
51
72
79
87
54
55
3
41
29
33
94
33
0
94
95
59
35
34
88
85
16
24
76
45
86
53
97
73
16
19
8
68
43
39
55
97
95
10
39
76
43
33
10
43
79
57
54
66
92
42
51
60
18
28
5
4
33
2
30
50
74
38
18
17
77
25
67
72
35
6
49
30
91
11
25
22
68
80
88
12
74
40
25
93
20
30
97
53
85
79
3
59
17
73
28
47
98
95
71
85
53
72
67
96
83
93
18
4
25
59
68
99
51
93
44
71
76
94
76
61
73
80
72
43
5
52
90
56
0
61
93
53
86
61
2
21
6
20
25
83
31
46
82
82
91
79
5
67
73
82
80
46
14
4
89
19
57
31
27
9
45
21
62
31
82
16
52
40
37
30
23
20
76
57
55
19
36
60
87
9
94
19
8
60
24
49
80
33
33
59
94
78
80
56
9
14
73
13
54
62
43
77
34
71
35
89
91
23
2
30
85
96
49
93
57
25
94
89
10
27
48
4
57
81
13
18
95
38
32
50
52
27
79
86
51
14
76
42
38
78
24
75
26
73
68
35
51
14
24
61
94
25
18
51
6
31
22
1
69
54
3
21
33
83
59
84
97
87
78
87
65
2
62
44
28
82
79
79
49
56
92
43
81
10
46
39
41
68
40
62
74
44
35
60
79
95
44
76
82
23
16
0
77
30
44
5
65
75
84
14
31
77
9
12
87
7
51
81
28
44
43
54
40
79
14
19
26
11
47
60
34
15
60
11
46
56
69
63
32
53
29
63
82
38
28
22
97
31
3
77
75
98
32
15
29
98
86
55
9
34
16
43
49
28
7
47
85
28
10
17
81
39
32
16
29
12
38
27
44
93
56
19
91
88
