404
6
85
24
0
6
26
71
18
15
62
31
72
84
49
55
52
28
44
57
75
41
69
52
99
57
10
46
88
88
40
91
46
25
15
46
83
93
18
53
60
32
36
84
16
85
39
21
65
35
78
40
77
47
92
28
56
55
74
96
43
15
87
89
92
54
87
28
99
57
81
59
89
18
43
58
55
82
79
73
70
9
13
47
8
58
75
64
13
1
60
8
68
99
49
61
5
36
41
4
46
22
15
35
92
58
45
0
92
76
73
62
37
86
61
45
96
88
9
61
90
21
69
10
72
18
71
77
7
64
33
53
87
48
40
31
58
38
31
3
66
4
65
4
43
79
49
91
67
11
53
9
84
74
20
57
45
43
34
4
8
20
9
47
20
1
78
79
39
62
82
6
18
99
62
13
78
63
57
98
74
62
7
11
36
27
68
33
71
54
37
31
74
46
78
95
48
8
26
39
70
8
97
41
59
59
54
38
23
11
36
49
73
43
60
62
23
80
95
46
35
85
77
61
83
55
8
83
63
34
75
86
94
72
27
54
84
33
44
59
97
80
60
22
75
73
84
50
53
32
96
88
69
25
2
52
32
10
88
48
97
63
34
91
35
13
97
71
98
41
30
95
73
43
18
1
16
54
51
69
38
0
10
7
25
12
12
58
74
0
6
23
63
92
67
50
5
64
22
3
58
4
51
83
47
21
84
15
27
88
85
66
88
95
25
65
59
37
23
85
37
81
9
52
73
76
55
30
92
29
86
50
33
37
86
33
10
70
48
37
10
85
55
50
32
81
16
91
18
91
77
8
73
38
60
98
14
15
29
58
44
15
61
30
4
47
15
66
69
15
3
80
1
11
30
33
92
98
77
10
90
6
70
63
44
83
61
10
98
42
68
95
9
81
77
13
28
92
79
98
59
35
30
60
46
