428
1
21
7
23
14
90
81
59
11
63
94
82
48
80
28
8
76
74
65
68
69
68
31
65
49
63
28
48
26
23
67
80
97
74
55
11
16
37
70
27
52
65
61
0
97
90
8
25
16
73
94
85
93
77
50
43
40
30
43
18
54
10
50
51
37
6
62
5
95
84
33
99
49
46
99
46
36
60
72
4
33
18
89
79
95
92
22
87
22
17
5
28
28
56
31
65
14
93
22
9
78
7
8
79
54
59
78
90
19
50
47
5
20
36
84
15
80
58
2
55
75
59
83
55
15
15
72
29
60
95
90
90
2
50
70
56
10
48
99
81
50
46
86
70
34
22
37
15
80
91
70
8
50
5
63
18
72
36
99
85
83
42
75
85
92
97
94
54
97
93
88
99
91
74
21
25
97
10
92
29
1
14
37
4
72
53
74
44
41
25
29
24
67
57
9
12
6
55
18
4
0
6
3
91
33
25
69
30
35
13
11
89
80
1
45
52
54
19
48
95
44
30
19
64
87
80
76
93
36
46
49
36
53
53
80
86
30
1
68
17
14
31
58
94
32
3
46
86
74
47
33
71
77
4
35
64
37
63
9
73
9
59
61
14
64
93
52
94
94
72
63
61
4
22
55
36
77
54
75
52
1
60
23
78
65
58
94
2
73
55
27
82
14
40
97
78
34
1
24
80
74
40
41
78
14
97
66
91
3
93
95
4
54
18
34
71
28
80
73
53
35
52
36
2
92
85
80
26
86
57
59
12
49
0
90
63
97
9
6
52
2
2
56
56
72
42
27
53
22
52
6
10
4
94
12
97
31
44
75
70
1
86
82
2
87
25
17
36
34
24
89
88
78
97
97
2
92
76
55
14
29
14
76
85
60
88
34
44
33
62
66
86
48
0
89
35
25
58
72
11
82
13
0
60
10
97
15
2
73
22
69
54
36
45
40
49
86
74
45
19
36
11
57
85
11
98
72
89
