582
99
42
68
58
79
40
31
90
82
92
30
74
58
28
22
39
55
74
84
83
89
20
71
96
84
39
3
5
48
21
66
47
15
34
6
94
74
89
36
8
33
66
83
91
46
57
82
2
31
19
37
21
39
60
69
76
51
24
33
99
97
99
47
12
33
5
6
59
94
42
68
79
60
3
22
7
60
57
9
44
76
98
65
67
59
86
43
62
11
76
62
8
75
61
21
60
66
79
20
12
74
40
91
34
95
13
41
7
70
2
51
46
1
68
14
12
55
9
74
66
86
88
26
13
49
99
74
15
31
46
27
5
38
18
91
33
84
85
40
54
87
44
53
40
12
19
52
67
28
79
85
14
67
12
28
17
63
54
84
94
52
64
51
90
82
95
23
18
80
15
73
67
59
78
8
72
97
12
91
25
43
77
92
11
41
72
80
56
78
64
3
30
28
54
20
63
1
95
81
81
10
6
1
22
84
9
46
33
73
37
59
17
66
3
80
7
75
60
64
5
76
67
35
57
73
55
72
75
50
5
56
12
64
57
86
0
18
84
34
44
22
93
61
88
48
93
48
75
53
12
80
81
31
15
90
4
70
62
31
72
20
88
36
84
97
75
84
68
59
18
12
33
63
25
22
63
18
70
38
23
34
18
4
65
33
95
21
55
9
53
79
29
93
68
65
90
95
2
10
54
72
22
88
36
47
62
99
17
84
90
40
18
8
45
35
94
92
56
1
53
61
33
35
54
1
0
45
96
2
55
2
75
30
42
63
29
4
14
47
88
4
87
58
65
84
45
59
76
54
12
82
15
45
17
70
46
17
67
94
72
74
49
99
56
91
62
86
96
28
33
36
85
72
47
50
57
44
61
85
98
73
67
14
71
84
36
17
54
3
64
26
29
13
25
86
4
39
72
52
19
57
41
4
29
40
54
38
84
67
24
83
93
91
97
64
28
85
33
82
88
49
60
69
62
37
55
19
76
79
23
95
88
64
52
18
4
58
8
89
26
32
24
71
76
21
35
4
6
20
38
46
70
98
67
84
35
23
3
63
54
27
10
43
43
62
13
0
73
21
41
99
6
65
22
82
86
57
38
44
77
28
42
99
78
9
84
65
84
39
28
91
18
90
34
62
5
99
62
78
20
3
29
26
20
51
60
6
60
98
2
89
26
96
89
56
57
73
21
94
12
49
85
83
92
71
45
97
70
59
27
42
14
56
69
34
59
81
92
19
32
46
8
58
42
49
15
51
22
88
45
87
38
30
70
82
1
67
31
71
78
58
66
92
66
87
78
25
68
70
44
0
68
4
11
62
54
78
13
28
66
59
67
