251
65
7
36
44
46
38
57
56
7
93
84
44
34
10
97
16
93
39
0
45
50
28
81
9
0
67
43
47
33
6
65
50
14
1
94
12
91
4
68
99
97
52
43
83
14
92
0
8
31
0
5
33
81
86
43
81
5
38
80
38
45
45
88
11
98
35
23
90
91
44
89
40
48
84
23
63
28
23
23
59
76
80
44
57
18
87
90
24
26
70
62
23
16
3
34
66
90
9
56
81
53
97
21
2
33
96
17
61
72
40
72
0
20
17
57
38
56
99
62
34
69
77
9
37
32
95
4
22
5
12
3
10
62
76
12
47
24
29
61
48
21
85
48
93
2
57
84
11
56
98
97
26
27
7
63
59
2
19
81
7
84
36
70
46
64
82
93
41
64
6
89
37
92
38
31
46
95
67
57
52
65
55
30
93
14
45
52
16
65
86
76
1
22
46
47
39
80
92
80
96
99
69
34
91
59
17
37
7
84
47
59
49
54
41
42
68
86
47
36
3
33
64
4
7
10
51
46
43
96
78
39
47
0
73
90
11
90
79
18
74
26
29
76
32
70
70
52
57
17
89
60
