241
61
55
66
76
64
25
22
46
7
78
22
14
89
42
15
62
7
96
47
22
32
0
97
57
63
20
26
84
46
35
72
7
42
90
83
6
15
58
4
75
88
78
41
29
20
56
91
79
4
91
2
36
91
99
93
6
20
72
42
66
7
14
25
49
57
61
8
72
71
64
99
59
43
92
88
15
49
79
95
5
22
49
42
13
0
87
71
20
59
14
38
66
80
16
68
37
77
28
62
48
44
61
59
87
54
47
55
55
78
2
60
1
51
54
66
51
42
90
24
1
4
14
20
84
30
40
74
59
68
36
7
64
49
18
4
55
17
59
62
48
61
23
49
12
29
67
15
71
57
39
25
13
54
97
50
36
37
24
96
57
12
55
21
61
74
25
69
91
84
31
39
97
6
40
61
36
60
77
59
17
68
84
31
22
81
33
11
18
57
7
27
21
62
49
82
88
26
3
32
11
35
71
60
41
64
22
29
24
99
89
93
67
25
76
42
7
9
53
77
18
12
57
39
74
6
74
15
32
77
47
95
64
70
56
58
34
30
87
10
29
28
