330
16
3
26
27
3
46
90
90
60
20
40
33
44
27
11
52
25
11
23
91
59
93
93
31
43
57
46
20
21
18
89
89
21
67
16
77
14
6
67
74
78
59
59
22
87
23
74
64
34
50
56
45
43
1
28
38
58
26
59
31
44
0
20
66
67
36
43
81
94
62
8
72
21
19
95
8
42
21
73
28
71
81
25
14
82
53
53
92
32
64
23
76
64
95
94
83
31
37
17
25
51
25
97
73
96
44
33
39
18
58
19
41
39
45
56
73
50
61
17
82
77
40
11
93
35
5
76
18
43
93
43
46
70
93
19
67
37
53
58
7
63
77
49
3
74
57
28
77
18
46
11
47
86
22
40
74
28
16
44
23
62
88
69
32
81
89
51
70
94
9
78
57
87
27
12
61
84
41
90
54
87
2
53
25
24
93
51
52
61
96
75
75
84
97
8
17
86
59
39
32
69
17
41
8
96
6
21
32
47
12
38
86
14
91
11
38
36
15
43
50
11
70
25
47
67
85
16
5
97
55
89
18
25
31
78
73
89
99
58
36
63
48
74
77
92
37
68
28
52
63
30
15
33
8
62
1
93
78
58
42
86
48
60
11
31
38
36
20
90
94
56
53
43
82
83
35
19
3
15
72
66
98
87
99
6
2
52
99
32
11
42
18
11
54
81
42
45
70
62
35
64
70
88
59
52
23
46
71
26
14
95
92
12
35
44
18
89
48
69
21
11
11
92
22
18
25
64
63
95
26
