530
32
26
37
82
68
21
61
46
50
91
76
91
21
89
34
56
20
93
80
62
82
0
15
58
23
83
47
72
92
90
30
24
16
19
59
36
41
72
34
43
64
11
87
85
52
73
93
72
66
25
86
0
77
54
59
0
37
6
24
81
48
55
58
16
26
69
53
67
41
87
63
57
50
2
95
2
75
40
26
41
18
65
94
95
19
53
48
8
11
72
42
11
79
0
27
6
21
80
25
14
20
40
72
22
42
19
25
17
59
3
11
77
68
5
25
87
10
73
48
73
97
90
84
77
42
11
35
63
44
60
77
16
53
1
38
95
20
15
65
32
19
76
61
39
33
86
27
43
11
27
16
9
17
0
38
59
63
25
74
7
85
51
75
90
53
14
38
25
81
3
9
0
31
71
40
64
9
19
59
73
98
27
34
15
79
72
26
42
97
0
2
34
3
77
77
8
43
15
86
25
18
95
77
49
66
69
65
28
88
76
1
86
3
35
53
82
59
79
76
8
31
30
42
87
8
19
95
3
86
81
28
4
77
6
5
95
75
22
75
16
98
76
54
53
63
60
87
22
91
64
82
23
94
77
10
54
48
57
58
35
39
38
39
68
96
97
63
24
19
39
40
70
67
46
23
83
6
11
5
98
27
40
73
73
17
83
80
65
40
90
0
31
28
40
99
25
89
15
1
8
6
41
30
25
39
54
8
46
17
66
96
44
6
69
69
23
4
49
88
44
39
89
28
20
81
79
97
70
94
98
30
52
39
61
78
30
67
86
76
36
52
72
80
58
41
1
33
45
51
22
42
90
63
22
62
44
1
59
66
48
57
48
0
48
61
78
79
28
65
55
64
17
80
96
28
73
98
61
71
1
35
65
43
98
87
6
94
40
65
12
88
23
61
89
71
22
67
2
3
84
10
67
54
90
16
34
15
66
95
38
67
83
3
62
33
42
68
28
83
34
92
23
9
53
64
32
28
84
35
31
68
45
50
22
87
66
56
2
32
4
41
51
39
96
14
72
91
82
52
26
68
45
49
29
50
14
14
78
98
49
9
18
46
60
93
33
78
1
87
11
57
80
14
96
29
28
21
20
63
73
46
83
70
47
13
21
13
27
51
63
28
61
82
26
73
75
11
51
28
50
14
86
31
29
34
12
57
55
84
72
81
30
56
51
77
21
24
43
0
76
6
28
89
88
54
62
15
17
65
96
