252
2
53
65
10
16
68
8
59
64
87
50
63
39
24
53
50
66
33
69
93
11
98
69
44
69
91
96
78
9
37
38
11
91
55
73
59
24
82
70
40
21
20
4
60
96
57
62
63
42
31
8
54
82
29
50
3
20
46
81
81
36
71
45
27
27
18
38
51
52
8
43
73
80
47
85
77
57
48
92
51
31
0
5
13
81
7
16
1
54
49
35
90
21
80
69
48
98
59
51
51
67
94
76
99
94
14
76
3
14
68
54
45
20
12
11
1
19
79
55
25
29
90
67
50
70
88
50
20
47
1
71
66
47
0
66
41
14
42
96
28
63
51
25
83
15
36
37
34
68
44
60
97
34
79
99
56
68
1
76
15
2
0
34
1
0
0
95
14
94
91
94
9
94
19
93
9
56
82
44
24
26
56
73
12
35
24
68
55
25
44
71
79
96
57
80
96
57
75
62
3
19
56
13
13
76
58
23
84
40
19
60
18
75
85
30
62
9
98
18
86
94
41
17
43
98
97
39
7
25
54
62
44
10
75
57
38
85
80
74
77
51
86
95
78
71
77
41
32
27
11
70
74
