820
57
28
25
26
1
25
60
62
98
86
75
96
70
55
34
63
77
42
4
4
99
17
58
80
27
92
19
57
18
26
58
75
54
35
53
7
12
14
21
62
52
48
58
74
55
45
37
32
87
41
89
86
11
47
18
38
92
89
95
10
15
6
37
21
93
90
28
58
4
1
20
56
49
79
30
4
24
19
89
11
13
78
49
24
25
19
62
17
8
10
79
23
68
16
44
13
7
24
71
63
25
92
20
26
23
2
82
99
74
71
10
87
49
11
11
27
30
25
96
38
87
76
13
55
44
57
21
51
81
92
15
58
36
87
84
11
41
66
10
15
38
72
2
39
83
65
18
65
91
15
3
30
43
16
86
87
25
59
39
6
51
6
16
40
93
0
51
86
19
62
2
57
86
56
48
70
22
67
87
65
34
91
95
77
59
33
16
37
92
55
95
96
13
12
36
58
12
39
45
31
53
99
40
40
55
41
10
29
60
97
46
94
40
94
71
52
27
87
41
72
95
36
20
60
48
56
19
13
47
16
96
1
15
89
41
22
30
3
52
90
52
50
36
45
44
7
97
24
46
90
96
93
26
68
54
27
24
25
40
23
41
88
24
56
77
17
78
59
20
82
49
73
33
85
18
29
44
67
53
43
57
1
88
35
69
94
62
45
19
54
69
60
43
45
68
20
63
99
80
83
81
81
8
66
19
78
96
63
97
1
58
6
3
47
42
24
41
56
70
61
11
91
73
54
36
42
74
99
93
54
35
26
88
43
93
7
74
41
70
71
94
81
78
97
28
72
22
21
28
44
82
39
35
8
93
23
2
20
23
95
26
10
21
14
53
66
21
79
59
44
51
54
25
81
3
5
53
25
26
33
21
61
25
8
69
70
32
23
90
7
18
17
17
91
83
22
58
57
2
17
1
5
71
78
86
75
35
91
52
61
76
26
74
1
34
43
72
18
66
14
25
36
83
94
28
67
69
38
24
71
55
77
28
79
7
14
6
42
57
10
55
33
88
30
87
75
25
59
93
44
73
71
80
57
17
60
76
86
98
52
9
6
81
37
37
88
3
95
82
12
57
89
98
46
71
85
21
97
96
66
41
21
89
73
78
59
34
6
45
84
58
7
90
91
96
79
79
52
74
13
64
32
55
62
30
26
99
3
75
95
69
68
17
11
42
47
70
28
54
67
12
64
26
55
56
23
34
87
75
9
53
91
93
8
54
23
86
53
26
62
1
47
30
18
58
24
65
80
4
71
0
69
36
26
24
44
1
58
31
28
19
36
20
64
44
26
87
83
31
13
45
32
13
27
50
71
4
68
4
8
39
56
77
27
82
53
71
36
64
3
64
83
39
36
48
36
62
87
19
94
53
16
26
66
95
29
89
51
97
93
60
88
49
89
16
84
43
87
20
7
42
36
42
34
73
42
22
87
30
93
81
83
61
60
1
56
41
90
8
90
36
20
78
37
9
94
21
4
34
93
11
76
82
54
62
55
96
84
94
78
77
76
13
90
88
14
47
29
57
7
71
93
79
49
82
88
96
4
93
30
49
56
58
31
10
21
38
59
57
33
89
87
61
55
77
1
21
76
82
78
83
53
23
62
54
6
3
50
62
48
32
11
4
91
95
67
64
85
78
21
70
67
60
83
22
38
84
44
14
66
74
50
19
98
64
74
56
67
76
18
67
9
81
72
0
76
39
16
14
17
89
84
36
50
68
11
40
4
7
54
71
81
56
42
31
21
68
87
40
45
5
8
54
87
32
6
15
71
22
81
40
63
66
28
13
86
39
53
90
98
60
13
80
16
56
63
89
24
51
82
69
8
90
75
47
22
81
15
45
55
96
37
19
62
65
84
0
57
90
43
