587
72
65
14
78
19
71
13
74
92
64
55
21
80
5
10
37
12
66
0
11
54
54
70
37
34
83
32
97
27
98
17
52
15
31
30
87
55
43
61
99
8
68
20
40
25
82
30
38
48
30
1
55
84
24
92
70
7
77
19
87
27
36
91
43
20
73
30
27
16
43
26
76
11
98
69
88
80
99
26
80
81
28
35
17
52
80
87
11
9
58
50
36
46
41
31
66
14
13
45
83
56
71
11
19
21
80
8
53
31
34
34
64
14
21
81
18
53
20
82
62
78
32
99
25
26
30
43
92
44
89
27
52
12
39
72
34
71
80
87
55
14
73
19
81
95
53
99
48
25
33
63
4
66
62
81
44
44
24
88
40
65
16
93
78
7
65
12
30
97
99
85
11
25
57
44
20
62
96
20
87
29
83
43
47
97
24
91
94
1
80
34
66
48
27
44
7
44
56
37
41
8
75
5
33
32
1
5
46
97
77
33
27
61
77
74
10
53
18
4
54
50
39
73
98
18
17
5
15
26
94
8
86
69
65
19
53
67
76
99
64
53
33
91
66
62
18
77
67
36
33
22
86
24
47
36
95
64
93
10
90
87
18
76
57
84
47
10
3
75
10
67
29
95
11
47
9
29
76
76
65
10
50
3
34
97
91
29
62
84
91
4
71
62
33
80
98
32
91
1
8
53
68
89
0
79
36
9
8
13
85
25
75
36
80
9
85
71
91
47
55
82
4
79
96
37
59
94
21
2
95
29
7
16
18
7
95
7
68
56
72
6
33
47
42
14
8
27
37
99
27
93
34
31
24
30
20
35
77
41
38
72
23
97
88
93
57
36
0
25
44
72
31
77
19
25
43
28
5
81
79
32
26
65
15
50
96
87
85
73
80
75
97
3
25
38
49
82
74
49
59
18
74
91
47
45
68
91
25
73
24
5
57
2
70
24
52
18
63
89
43
44
17
41
99
42
79
0
76
5
50
35
75
76
78
22
21
99
65
47
72
41
4
82
43
26
58
95
45
22
37
40
18
54
81
69
48
12
70
76
69
72
11
44
48
42
67
21
41
84
68
65
26
24
47
69
51
58
17
48
80
54
88
50
60
22
71
60
86
93
36
56
65
99
0
65
41
19
87
82
4
7
48
30
32
47
51
35
5
68
83
37
74
23
39
86
97
11
98
36
4
34
92
22
86
44
39
27
64
26
62
68
34
62
50
18
9
53
5
67
74
88
56
48
63
96
87
13
59
85
49
15
72
41
89
10
85
29
37
1
7
51
21
93
13
23
11
75
77
16
94
51
56
50
51
72
98
90
85
9
28
34
77
0
27
66
62
64
