472
0
81
92
27
92
7
95
74
31
24
95
11
93
19
72
99
92
43
6
42
71
58
74
14
92
17
80
94
14
62
38
67
96
30
46
88
37
93
15
20
70
10
32
63
81
56
14
73
99
72
67
23
31
93
89
23
63
69
17
77
83
7
44
31
37
42
20
26
36
87
47
6
97
31
21
78
39
87
3
38
60
22
13
91
15
2
66
30
71
35
8
7
42
4
38
31
99
10
9
35
97
56
41
94
39
14
24
78
1
79
69
61
1
82
4
69
85
70
51
8
5
59
15
99
16
54
30
15
64
40
2
14
48
43
8
88
9
85
18
10
64
87
72
18
70
28
39
7
99
90
15
56
2
31
56
70
37
38
85
53
78
39
67
79
82
28
19
43
65
37
53
29
77
77
99
99
6
38
6
5
81
21
13
35
4
69
5
93
8
42
99
38
81
18
17
15
98
88
58
63
78
11
45
55
41
44
54
47
35
12
4
68
85
17
3
42
39
8
87
99
2
86
37
83
57
7
50
55
95
8
71
73
71
16
80
12
12
86
11
99
98
15
67
84
85
70
78
24
30
65
23
32
4
12
67
61
19
69
68
67
77
91
92
1
59
73
65
72
11
77
71
10
44
39
46
29
61
24
53
44
41
28
28
45
41
48
58
12
17
27
31
95
70
24
48
30
49
13
2
60
90
25
22
35
16
68
64
78
44
70
74
38
50
2
83
43
50
42
56
68
21
87
15
43
63
63
73
64
76
27
25
19
53
99
6
69
20
70
99
64
92
25
54
95
28
38
38
30
32
94
98
5
34
65
48
49
28
74
14
57
1
91
28
54
90
34
76
10
56
27
27
1
5
81
96
33
19
34
15
3
29
14
60
15
31
9
64
12
83
30
69
36
21
49
43
12
83
71
22
39
98
49
40
55
31
36
88
2
23
4
58
4
70
18
19
1
27
35
13
62
66
34
99
87
83
42
99
18
13
74
10
63
23
50
19
6
39
59
9
62
15
19
66
37
37
37
91
17
72
56
31
90
43
30
78
78
24
29
97
89
3
7
5
27
9
76
85
0
87
46
14
55
