914
87
80
82
26
51
33
52
12
97
42
20
52
82
35
44
72
85
4
64
55
42
29
43
17
22
94
96
44
9
20
48
48
52
30
27
3
15
79
16
13
73
88
17
56
23
13
28
60
18
44
16
12
73
59
81
95
54
30
91
15
50
39
16
2
21
43
58
37
74
26
2
48
14
71
4
38
84
84
98
54
29
14
66
54
26
0
2
32
30
93
47
80
33
63
34
54
58
92
43
33
70
45
81
85
68
37
75
53
21
73
7
2
40
26
57
18
26
59
50
8
52
49
88
37
65
74
44
23
19
87
56
89
85
89
26
53
26
1
58
0
27
66
2
19
44
11
37
70
70
87
78
75
36
18
12
1
44
8
77
63
96
33
5
33
75
31
38
53
85
97
53
12
63
8
31
7
71
20
29
94
7
59
69
95
29
33
49
25
42
26
89
90
11
46
23
86
29
61
92
14
58
45
78
73
5
61
32
29
81
13
23
40
72
92
88
53
77
37
79
19
15
20
61
78
66
84
17
47
98
9
62
8
6
92
82
64
54
66
93
87
80
16
28
52
60
68
58
37
5
37
9
72
57
70
2
75
55
19
22
5
28
84
13
35
77
47
51
83
14
44
70
46
60
50
50
20
18
8
57
75
45
66
99
2
37
2
77
44
21
0
1
2
36
14
89
65
14
40
0
80
84
71
26
44
73
76
16
92
85
73
19
82
92
19
85
81
21
14
25
42
66
26
96
55
92
85
20
6
25
21
38
9
44
64
5
17
93
21
61
78
47
81
12
39
0
97
20
21
64
97
15
30
75
12
85
67
97
58
26
75
31
64
84
75
81
42
44
74
63
6
4
10
87
16
1
39
66
21
12
30
70
27
12
45
91
50
13
41
60
91
16
91
7
52
18
88
46
62
62
10
20
18
72
59
35
26
98
1
47
10
83
18
90
47
15
81
97
80
74
57
71
42
0
79
95
18
19
41
33
34
3
53
52
28
13
39
54
11
92
53
74
75
23
64
23
39
97
72
19
72
82
43
14
82
22
61
53
93
55
86
27
10
39
80
38
4
19
44
68
64
50
42
39
73
6
14
12
55
39
84
27
21
27
94
55
1
55
60
94
62
46
22
73
38
54
63
42
25
60
10
89
10
52
81
83
10
95
48
66
86
84
45
59
11
39
15
12
47
75
58
61
74
80
34
12
34
50
6
12
62
17
1
72
21
82
7
84
30
7
50
16
91
47
76
54
87
43
66
86
70
25
47
44
57
34
8
44
36
15
56
98
84
57
22
5
92
29
89
22
89
91
90
80
39
66
35
78
9
53
16
32
30
63
28
88
49
37
84
85
52
40
35
36
49
57
93
41
39
35
15
28
78
6
60
17
24
47
47
86
1
63
18
31
79
46
71
28
83
55
66
87
47
53
75
97
11
21
90
2
56
58
82
34
64
42
4
88
90
3
74
43
19
44
26
98
91
98
78
26
5
96
14
53
50
41
2
13
62
92
67
70
50
49
57
66
91
61
7
33
16
81
76
35
26
55
85
69
53
16
95
10
12
61
15
14
3
17
79
65
62
46
88
64
95
45
31
39
58
38
72
74
71
1
62
49
56
99
18
61
15
14
71
80
27
87
46
30
56
26
48
18
72
36
83
68
81
14
59
39
4
31
65
75
84
27
77
92
27
95
53
94
61
77
74
89
16
21
19
72
99
19
91
71
55
74
91
88
40
50
27
96
34
93
23
70
72
0
63
99
96
16
94
57
45
20
98
61
93
70
34
92
89
77
64
97
3
7
85
43
10
13
91
96
58
14
66
30
15
29
82
63
46
28
20
43
48
71
5
42
41
39
34
82
16
50
79
71
10
65
14
20
78
57
16
88
71
82
18
86
64
0
49
62
28
22
5
29
45
10
23
86
1
57
68
17
60
48
40
70
65
6
42
95
63
10
83
35
92
53
73
56
54
75
18
34
49
24
15
94
86
38
32
88
48
0
57
8
0
98
30
17
4
24
12
68
34
95
55
78
49
28
35
55
55
5
41
4
81
57
98
68
47
82
56
95
35
13
55
35
63
37
5
68
61
