284
55
22
99
75
10
5
75
24
13
35
83
94
20
74
94
54
80
9
11
30
10
31
89
60
36
93
7
41
79
41
22
86
15
22
13
26
79
88
2
92
75
37
38
96
11
84
2
44
93
13
74
55
45
63
16
33
8
75
74
39
68
97
25
84
71
38
62
2
78
64
94
54
1
32
2
65
68
4
9
13
69
83
68
66
98
36
99
6
11
74
46
80
23
23
64
46
62
78
48
92
42
94
98
95
26
0
60
94
56
69
59
26
4
27
92
2
64
44
61
27
70
59
7
93
82
23
39
96
1
39
89
95
33
39
43
11
92
3
57
48
25
16
26
81
43
71
84
59
15
97
87
37
56
46
30
90
70
21
39
23
12
28
71
45
19
14
56
11
69
65
12
94
81
38
76
76
61
12
36
28
61
75
65
69
21
47
59
43
20
98
67
32
78
90
77
98
4
85
61
73
50
73
20
31
64
48
8
77
12
96
6
73
71
23
42
44
71
53
88
43
4
7
76
34
97
5
84
53
91
46
26
41
71
98
25
35
46
85
13
58
81
71
83
4
94
77
0
17
31
40
61
87
99
89
21
48
94
58
1
85
56
80
79
27
78
4
63
77
41
28
87
74
99
71
30
45
48
30
15
31
23
76
70
22
