337
5
85
3
52
39
83
56
78
34
55
29
93
17
77
71
37
30
87
95
71
34
94
19
11
83
91
2
24
78
46
20
84
83
76
36
74
59
44
52
45
52
82
91
69
11
62
58
41
1
53
64
35
47
84
98
83
75
0
7
5
98
80
89
81
56
26
55
67
22
60
13
74
94
4
95
5
18
53
99
19
7
63
6
6
47
56
89
74
8
97
80
7
29
69
40
85
47
48
52
70
8
17
96
2
21
92
59
91
45
58
62
52
22
20
59
69
76
0
96
85
49
76
44
78
45
36
15
45
84
20
15
44
37
63
98
11
55
58
2
1
68
17
5
90
37
16
12
66
17
8
3
18
36
99
97
33
35
64
78
20
84
45
16
22
9
15
33
64
73
87
17
41
56
23
84
46
91
48
12
8
8
67
79
44
66
76
29
1
40
60
73
25
5
90
99
66
5
84
83
30
71
0
23
28
75
59
74
67
7
38
27
15
57
6
11
23
34
93
76
27
53
50
4
58
40
3
77
97
87
60
79
10
12
2
90
40
62
64
59
21
54
38
89
11
97
52
34
31
45
63
10
98
13
14
9
5
69
86
54
8
98
33
19
62
87
9
2
1
26
61
23
80
0
12
44
97
16
30
80
62
93
91
12
58
57
21
63
27
59
17
87
9
2
6
72
90
68
74
91
94
88
66
26
40
78
70
37
47
53
69
9
46
60
73
5
70
47
20
49
58
38
36
68
92
95
92
82
63
18
26
9
6
92
35
46
23
58
