290
49
99
78
43
84
37
68
14
9
23
6
93
95
91
47
99
2
41
75
20
94
77
18
68
72
62
41
58
78
81
61
79
32
39
75
16
29
43
30
38
66
89
83
62
32
82
13
35
24
41
55
18
18
25
38
42
39
79
0
17
13
13
49
45
5
24
14
34
67
96
24
85
85
8
99
70
42
13
5
66
6
12
36
24
89
27
66
29
58
67
46
71
80
47
69
85
71
35
71
90
31
96
76
69
56
27
39
98
92
44
17
98
8
5
22
97
32
89
26
91
8
25
14
40
72
35
26
96
70
49
86
2
97
14
71
53
94
62
4
86
58
73
37
66
78
11
15
63
52
94
6
60
19
20
1
43
8
79
39
78
80
78
32
78
92
55
83
86
17
39
25
75
12
14
93
91
25
9
6
30
3
12
90
74
32
43
69
40
74
61
71
55
39
3
33
83
59
68
22
28
8
99
4
20
13
97
63
90
58
69
20
13
81
63
39
66
6
9
58
81
22
29
88
13
85
73
96
96
41
70
24
49
69
80
22
82
78
85
25
36
7
45
2
88
8
41
6
15
50
65
48
24
46
88
37
31
61
86
79
2
56
4
4
26
36
26
60
14
11
85
3
18
83
5
59
91
46
65
58
49
82
58
73
29
46
63
12
59
49
44
