943
93
10
34
77
89
21
30
65
46
52
85
43
62
79
52
28
8
58
41
76
6
68
73
3
83
76
77
7
13
36
89
6
47
75
35
88
96
17
5
95
21
90
38
83
69
42
63
29
0
5
6
59
25
79
62
8
7
91
68
20
79
57
78
78
85
65
67
33
82
72
28
3
63
66
87
84
61
2
14
13
7
72
72
33
51
86
93
10
29
61
30
9
71
60
87
56
25
6
89
59
79
70
62
94
88
1
30
49
4
96
63
63
68
87
48
71
74
42
81
3
3
63
12
74
75
52
82
0
58
72
11
89
94
74
83
82
27
66
32
83
62
47
47
83
34
47
6
8
89
88
12
93
3
76
19
79
28
2
31
39
26
43
28
20
69
64
54
48
30
86
32
44
33
31
79
68
78
86
28
20
26
92
65
29
69
84
60
49
38
92
40
16
87
69
88
8
33
43
8
15
81
92
11
67
23
91
35
54
29
15
74
55
8
91
36
29
75
97
30
66
41
71
82
80
92
71
40
25
66
48
92
47
41
3
14
16
46
1
22
27
17
48
82
77
39
19
58
15
68
88
33
61
11
15
41
3
38
81
28
4
29
72
4
22
28
18
39
26
72
61
54
41
10
36
18
49
7
76
16
27
16
49
88
28
17
29
31
7
62
12
64
92
84
68
14
64
38
5
91
10
19
45
51
29
33
21
30
93
49
99
20
66
0
9
94
17
90
25
77
53
37
41
97
74
9
63
38
47
69
81
10
88
78
13
69
12
35
51
57
84
50
77
50
3
38
96
72
29
22
49
34
11
90
31
37
99
94
28
99
63
9
9
3
88
74
24
52
9
76
61
46
78
38
96
81
29
45
54
10
67
3
44
30
46
75
20
45
69
48
96
85
57
57
88
97
32
13
1
93
89
62
39
19
53
88
53
34
33
7
44
52
62
88
82
8
15
2
6
84
2
2
69
12
12
58
9
44
23
63
37
64
25
77
83
30
65
36
64
50
95
8
2
10
48
36
70
63
91
76
48
93
31
69
5
43
79
15
39
2
30
28
66
55
5
2
86
22
38
2
72
86
11
74
96
11
63
18
75
54
95
75
47
78
44
53
73
24
20
64
78
50
92
45
57
98
47
43
72
37
98
97
23
9
23
71
20
86
90
47
40
37
22
88
67
67
93
92
43
65
56
21
15
48
18
72
98
17
68
23
55
66
20
30
27
43
54
99
82
44
47
22
33
69
62
0
88
7
44
83
72
0
57
87
48
27
12
99
45
32
22
52
50
42
34
29
37
88
28
19
84
75
94
17
97
56
69
37
64
65
21
36
65
30
76
66
57
40
65
2
24
39
6
26
33
41
55
70
29
83
42
66
11
36
35
8
92
57
97
8
22
70
97
88
0
25
6
58
17
23
12
41
62
19
67
95
12
74
17
93
57
59
59
20
47
95
80
40
4
78
0
26
48
49
66
49
74
72
59
43
47
71
36
9
42
55
56
54
29
74
48
39
85
59
59
33
6
40
25
10
70
77
37
18
27
55
19
53
28
78
49
27
2
85
37
96
41
45
51
22
71
51
61
57
62
21
42
69
13
19
79
83
96
68
53
75
24
73
29
4
3
78
31
57
15
68
54
56
14
57
79
85
60
40
94
22
13
88
91
78
7
23
61
4
91
67
79
15
92
60
19
47
90
51
5
6
71
11
62
37
68
93
75
80
86
69
2
51
58
46
30
65
69
43
21
60
10
1
28
54
13
47
2
4
50
59
10
22
70
24
59
90
18
34
70
56
56
24
7
66
22
89
83
91
33
57
4
95
10
32
2
23
31
4
27
82
63
37
4
33
62
15
75
32
2
45
88
10
21
47
28
44
37
11
87
22
20
43
69
30
75
71
54
59
27
81
41
90
71
97
75
85
12
50
17
66
47
57
76
69
56
4
13
45
68
52
19
88
96
89
19
23
12
25
82
40
6
75
82
29
72
58
14
37
8
83
3
56
92
32
77
49
88
42
46
8
94
66
97
90
7
68
66
19
93
48
11
51
24
94
81
48
52
47
85
12
31
41
20
75
25
97
24
13
39
23
74
34
89
71
76
96
91
42
67
36
43
79
39
19
73
72
67
77
20
5
89
3
46
10
78
23
7
55
