383
24
98
72
89
97
4
37
5
87
27
48
2
25
6
23
27
73
59
74
48
17
15
32
79
43
28
64
12
66
71
66
42
70
38
31
19
95
20
76
82
99
76
36
24
34
59
4
7
70
78
55
87
46
40
18
41
68
34
53
86
6
71
28
28
10
12
99
57
84
75
39
36
52
75
60
38
86
16
46
56
47
53
96
45
45
14
38
14
1
91
0
7
62
81
87
24
45
86
81
81
13
72
17
65
99
30
4
85
46
2
94
45
7
90
90
53
56
28
19
57
71
71
16
34
52
55
10
49
41
92
31
55
64
48
72
64
30
28
1
77
82
95
74
42
85
17
95
94
97
66
3
69
37
20
55
42
75
65
91
69
9
22
76
74
23
48
90
5
29
91
34
11
39
9
5
76
26
0
70
23
18
74
44
56
46
99
98
73
17
89
94
26
64
70
52
39
71
94
44
0
38
79
63
77
40
69
53
66
21
76
41
40
2
86
48
0
85
46
73
54
87
68
81
3
90
33
94
61
28
91
13
66
70
29
95
62
50
48
28
71
24
21
63
78
7
11
78
45
9
52
99
97
72
80
52
62
66
47
76
46
38
89
12
60
70
7
22
20
7
2
92
84
23
7
62
83
19
41
28
80
45
79
77
17
12
82
31
78
29
59
24
19
1
88
79
71
47
1
92
6
55
36
90
78
43
53
61
14
46
41
95
91
73
24
60
85
58
91
15
87
3
91
6
4
31
37
75
78
90
19
36
45
55
27
76
51
32
89
17
78
31
64
21
4
41
81
41
99
24
56
39
27
47
45
31
78
35
7
8
25
78
44
23
34
23
99
37
55
40
54
85
71
19
58
27
60
39
20
59
64
76
98
91
