809
61
63
35
88
79
92
0
30
29
1
14
50
79
77
99
81
88
42
83
82
33
68
90
26
86
68
56
32
14
21
28
28
84
63
16
63
7
68
45
36
69
11
39
48
89
38
82
29
32
65
12
18
33
2
96
71
22
52
55
88
25
83
16
9
99
84
25
6
52
22
95
74
34
34
74
23
24
56
52
8
73
16
78
58
70
74
29
92
79
85
81
4
20
49
66
19
34
43
78
38
65
73
12
99
59
87
74
35
95
79
43
21
95
74
79
18
48
9
10
79
46
43
36
66
45
54
38
79
97
16
69
14
41
82
66
52
21
40
87
68
19
30
89
67
4
69
85
5
30
47
36
28
43
24
46
88
78
84
19
27
52
88
42
93
70
8
45
43
48
84
12
20
15
1
39
71
22
76
28
52
23
17
80
18
41
79
6
20
63
25
47
68
14
89
61
36
49
59
32
50
95
44
70
10
97
61
34
72
37
14
24
12
31
57
31
73
88
37
93
51
15
92
19
81
34
33
17
83
44
1
85
39
45
55
2
95
68
36
67
5
50
43
18
34
52
1
7
40
90
52
44
5
44
63
38
30
48
8
66
44
9
51
84
55
7
38
2
27
26
69
33
28
64
3
62
17
4
69
9
46
21
53
4
18
69
42
48
69
50
14
14
60
66
50
15
25
88
69
52
14
38
37
42
54
40
5
71
96
26
33
95
48
86
99
18
55
41
66
25
92
33
91
52
99
41
19
76
29
88
80
43
78
18
37
32
10
94
56
59
21
89
54
21
27
53
39
83
46
5
60
38
38
3
42
89
44
13
17
73
53
98
68
31
68
5
16
78
52
72
89
73
13
43
46
40
48
85
75
95
42
87
85
33
90
80
22
34
93
92
59
47
90
79
30
58
85
46
88
89
70
78
62
35
73
60
76
22
45
3
69
87
91
6
20
33
86
95
68
32
87
79
79
29
59
61
87
96
60
27
85
30
5
99
66
79
59
94
53
4
97
74
43
40
32
16
74
19
11
94
3
50
73
34
79
32
95
18
28
55
97
65
38
3
16
56
34
75
50
39
31
99
65
27
40
97
43
14
16
6
8
71
56
81
5
87
66
1
5
46
8
54
12
46
57
80
2
43
56
4
34
39
4
99
66
44
97
9
58
65
15
18
37
23
51
94
10
17
95
67
64
56
22
28
2
31
8
57
27
16
61
61
8
65
61
74
61
10
36
71
75
3
89
64
27
41
59
89
58
6
57
74
62
31
54
17
62
15
74
89
31
35
51
91
53
64
66
14
74
54
86
49
57
27
66
36
68
25
26
79
31
35
53
94
66
60
11
80
75
37
70
58
24
73
50
77
89
68
44
63
22
82
64
31
9
30
68
30
55
94
9
87
81
14
33
47
74
96
27
1
33
49
12
57
74
14
35
63
82
31
26
56
65
43
87
74
73
7
4
81
53
65
20
34
32
53
33
6
49
13
60
82
62
24
91
37
38
78
52
72
9
31
28
74
74
67
1
99
75
57
32
80
23
52
15
55
57
48
13
58
61
25
40
76
49
32
65
39
10
69
11
72
0
39
98
26
59
99
26
86
9
58
66
84
63
33
91
20
34
56
79
47
82
71
75
83
55
40
23
18
10
34
42
62
26
40
89
37
92
67
23
1
77
41
85
40
75
76
13
61
32
44
8
66
15
84
50
23
76
25
93
86
59
35
1
37
75
90
74
67
57
97
20
34
39
5
27
66
33
40
27
18
84
87
84
51
71
86
74
0
11
67
38
23
2
39
60
30
29
35
49
86
32
70
73
23
27
0
41
13
40
68
31
76
8
67
27
31
54
2
