242
4
48
54
80
42
13
42
47
42
60
59
99
0
86
5
74
1
90
51
48
37
68
70
45
26
5
75
13
67
56
42
71
5
48
4
99
61
46
47
3
58
6
3
58
44
60
32
45
2
36
45
40
4
16
37
82
73
13
95
92
69
89
16
26
89
20
26
50
18
25
6
76
83
9
87
28
21
71
25
76
7
23
68
63
91
5
97
16
18
93
8
40
34
24
18
24
96
96
26
14
21
32
43
5
93
30
85
67
1
10
43
61
85
11
76
76
68
74
92
87
19
1
79
5
77
49
81
74
46
8
40
67
92
83
24
38
65
61
5
67
24
0
80
9
63
56
86
31
82
30
70
1
83
1
59
61
51
40
35
97
0
75
16
45
11
41
83
76
54
40
43
78
92
75
88
55
84
26
38
66
56
9
20
92
62
79
53
13
71
88
10
24
15
79
69
26
20
4
3
26
96
98
5
88
26
45
95
10
71
85
28
79
46
48
71
9
79
76
22
3
64
85
27
32
64
96
10
36
52
13
62
48
64
19
88
90
64
83
52
35
20
80
