808
46
29
51
69
41
18
62
1
69
26
45
59
23
15
75
75
14
6
75
21
78
67
37
40
25
37
98
41
15
78
34
13
7
86
83
0
4
97
53
25
24
99
36
99
66
11
74
80
69
50
54
47
69
91
39
94
81
89
88
96
67
22
61
26
60
44
78
16
42
84
93
18
35
29
17
1
93
43
33
62
93
87
62
62
31
1
9
12
91
49
60
10
71
21
89
84
18
19
0
12
3
94
82
38
75
99
39
68
94
73
83
88
12
45
2
43
98
63
7
89
12
67
52
36
41
93
20
59
12
72
23
16
18
5
54
94
56
46
14
50
71
97
38
83
42
93
27
41
8
86
82
21
6
86
57
47
79
29
58
92
1
81
60
20
86
66
66
42
12
80
92
83
78
83
19
72
28
98
65
36
84
48
9
90
86
66
89
66
47
47
10
1
28
70
73
66
36
39
8
1
71
53
36
49
36
55
74
16
5
39
52
90
39
62
32
26
80
22
92
80
21
54
81
50
76
6
68
64
45
77
65
16
82
54
18
70
61
92
86
67
83
90
9
23
52
41
49
85
15
93
65
37
47
98
39
75
4
7
39
1
36
57
69
18
11
87
88
72
31
74
91
15
65
0
38
69
42
39
54
57
32
71
46
31
21
85
6
25
93
97
26
29
54
96
0
65
35
88
90
19
15
81
86
80
34
24
1
28
15
8
37
99
79
84
82
1
69
40
78
14
37
5
96
92
53
96
9
40
36
99
59
51
33
45
83
19
21
85
47
36
93
84
87
24
20
69
77
42
9
56
56
47
13
4
91
66
52
0
6
89
52
66
92
85
63
76
56
85
13
3
21
6
39
61
82
60
30
60
2
40
16
10
39
29
15
30
47
67
82
53
8
34
71
1
71
35
77
27
20
90
30
93
48
22
54
30
82
37
90
84
29
58
94
68
39
61
50
86
29
32
40
89
19
63
90
90
50
19
18
22
61
0
16
61
22
22
92
56
11
34
40
40
45
87
60
84
0
62
71
29
95
63
71
66
78
61
56
29
33
26
51
46
79
19
8
53
42
52
10
5
38
2
46
83
41
58
68
42
21
91
23
68
6
94
34
84
8
42
13
93
21
65
39
0
84
47
5
78
99
67
84
38
70
82
73
63
40
93
5
61
84
81
29
90
75
63
27
35
58
40
28
79
5
20
31
42
67
36
20
19
4
56
9
26
38
82
89
79
76
47
92
12
28
22
55
55
37
82
91
95
22
71
26
80
91
57
22
11
94
94
30
98
51
91
76
89
25
65
20
53
12
13
66
40
87
73
48
76
55
91
24
29
62
50
61
6
8
35
17
54
30
99
4
81
90
80
22
67
45
43
21
10
8
39
2
47
12
50
23
19
41
47
0
56
98
62
62
58
97
31
64
79
30
68
12
72
48
35
39
45
30
60
7
90
99
10
37
63
60
60
82
54
8
83
10
58
97
72
68
46
3
32
78
85
52
90
57
52
25
48
97
7
9
5
97
60
67
34
24
27
47
58
33
55
93
43
65
42
15
85
89
70
17
19
55
69
9
64
21
87
13
70
94
74
27
44
34
46
30
10
74
77
21
59
84
14
3
49
9
70
34
50
41
3
69
48
24
78
13
97
17
26
68
12
0
47
8
86
94
38
49
20
16
70
79
0
36
34
2
45
5
88
95
98
92
16
46
16
95
59
14
12
85
34
76
37
81
36
76
27
75
25
99
43
47
79
95
83
13
49
81
70
38
28
68
82
45
15
50
92
74
64
56
12
50
85
49
84
21
25
11
48
2
11
43
49
42
39
85
7
40
18
78
30
46
46
12
43
