187
39
49
90
35
65
85
42
6
60
50
93
3
49
44
61
47
87
78
6
77
8
77
81
26
25
36
45
57
34
96
70
74
97
12
61
63
49
3
69
9
53
14
12
54
58
26
53
97
4
60
74
64
89
7
91
15
44
88
72
78
84
94
4
81
6
66
44
56
21
65
17
27
79
30
81
90
56
35
87
12
95
14
76
84
21
19
51
17
7
24
48
91
18
52
25
77
70
21
85
44
87
2
71
18
84
4
8
40
39
48
52
86
62
81
23
35
52
74
53
60
50
1
3
69
5
80
98
28
2
35
72
89
37
43
59
22
47
20
14
39
68
19
77
82
52
0
69
4
27
74
64
77
27
20
98
33
0
96
61
2
83
85
43
21
80
55
95
79
75
61
18
95
80
48
77
84
0
98
89
27
73
5
5
0
25
3
85
