946
54
28
95
79
58
76
87
48
93
33
58
91
1
92
1
74
75
27
27
33
14
84
34
82
54
62
82
72
50
65
90
56
94
37
35
4
66
75
53
59
8
11
2
61
55
4
87
82
31
15
15
97
51
1
31
5
16
13
29
18
31
71
74
25
61
61
81
27
36
34
38
97
97
40
58
4
96
46
87
79
13
54
76
64
8
59
21
24
25
2
42
56
26
68
33
39
81
14
18
18
49
56
67
46
48
25
3
45
23
90
24
88
96
53
4
4
12
77
80
37
80
74
45
58
94
78
97
76
93
15
94
94
23
61
92
71
38
95
68
14
37
45
2
34
98
7
90
62
36
23
52
16
97
97
26
92
76
23
68
21
90
14
15
13
27
7
37
17
55
5
31
92
50
86
78
0
45
69
63
81
92
67
50
41
64
76
33
92
52
53
13
94
19
80
8
46
40
97
16
95
2
47
39
5
85
18
5
30
39
20
12
83
87
14
24
4
90
10
96
94
63
62
89
35
42
97
33
82
46
49
29
48
49
69
5
34
87
63
65
78
83
29
61
23
43
85
27
33
95
23
80
11
85
69
46
80
66
79
14
12
81
44
12
30
65
70
64
4
33
29
82
68
58
43
91
53
28
70
39
76
94
19
87
31
88
85
63
6
64
78
70
45
74
34
75
39
4
40
43
37
21
77
6
32
20
49
85
48
20
24
24
66
43
63
49
83
48
13
89
65
91
59
62
17
94
38
8
98
30
3
88
3
80
46
35
0
95
73
0
15
49
77
81
45
40
31
28
41
96
70
6
39
29
68
56
75
58
64
26
40
67
14
44
47
60
31
99
7
4
99
23
6
76
56
51
69
39
31
10
35
1
68
74
31
36
82
58
95
46
84
35
65
50
31
64
62
63
63
70
19
63
45
25
91
1
76
12
93
8
74
80
61
42
7
44
79
89
3
26
88
39
13
53
90
45
70
4
60
33
74
79
48
19
57
92
73
33
4
18
93
79
98
7
21
5
51
52
95
54
30
35
46
44
40
88
41
10
92
53
44
19
32
44
38
89
36
63
75
41
81
20
20
32
27
93
37
79
98
84
85
28
19
31
72
60
71
65
70
64
18
66
83
3
11
73
92
47
89
19
40
22
92
12
54
19
6
92
50
4
76
36
32
48
19
57
60
43
74
82
7
45
49
42
48
12
15
92
11
56
12
52
79
4
64
33
75
22
77
26
78
54
14
11
54
85
20
14
28
46
96
87
91
97
29
39
9
97
84
21
53
48
25
84
4
41
18
79
64
95
57
42
1
23
5
55
61
77
21
89
24
70
29
15
67
58
7
29
7
91
2
13
91
27
97
95
68
67
74
32
63
84
27
16
7
32
24
68
10
45
10
86
15
39
53
83
49
60
12
9
3
66
22
94
93
71
89
13
39
16
98
54
0
25
70
59
9
94
28
19
40
38
57
7
29
11
42
30
71
6
39
27
72
13
21
65
85
63
79
24
31
77
78
31
54
0
90
63
95
70
35
87
60
92
94
89
3
37
72
27
43
11
54
68
25
27
33
62
42
64
86
73
93
16
4
47
68
47
63
63
17
98
50
30
42
97
71
46
86
43
73
81
55
79
49
32
6
35
94
49
51
32
22
45
0
79
44
68
26
59
84
95
57
86
25
0
83
49
98
21
92
71
3
99
50
4
31
8
39
77
57
91
61
32
88
61
63
84
82
41
44
18
36
1
4
14
53
40
63
51
61
55
74
16
7
76
21
38
85
12
68
94
55
29
78
43
43
41
28
77
82
72
95
71
25
99
85
79
91
0
82
53
7
9
21
14
85
94
5
22
7
73
17
62
54
47
6
49
89
86
26
71
58
73
42
35
25
79
66
16
31
1
21
39
10
43
5
95
89
10
70
96
35
87
59
42
86
17
43
75
3
70
99
13
95
93
0
72
73
67
89
56
68
62
95
78
57
53
25
47
15
95
43
3
34
54
45
21
71
88
48
26
10
47
91
58
41
92
30
66
59
19
74
79
34
70
57
91
75
34
90
90
30
34
93
16
40
90
89
64
31
38
90
41
85
34
51
78
26
82
96
37
53
71
16
87
93
25
31
68
59
21
10
41
7
56
58
48
98
47
12
29
37
54
23
75
88
