306
85
90
28
69
43
87
5
55
15
85
76
71
99
47
83
9
69
63
49
88
18
91
27
38
22
90
6
64
78
9
87
15
0
16
85
95
55
42
51
22
79
79
46
78
27
29
87
48
44
36
36
62
79
64
53
1
6
11
66
37
72
5
52
72
73
89
68
28
84
71
3
63
2
49
94
29
30
81
29
75
70
18
89
49
34
94
3
40
5
21
77
78
26
82
2
0
23
22
80
7
45
83
23
48
32
17
29
15
50
59
90
72
77
31
74
11
26
77
51
83
98
81
61
76
63
16
76
38
90
9
46
36
92
21
84
77
90
13
92
40
24
34
65
1
65
39
12
43
16
16
27
66
49
40
42
64
56
71
2
47
80
0
35
24
21
19
1
11
84
45
4
9
79
69
62
97
8
75
40
76
43
67
42
92
8
36
8
16
7
10
15
87
11
50
12
32
21
65
96
6
11
0
67
42
69
29
39
29
56
32
5
51
99
99
95
59
35
3
28
95
14
43
82
25
46
46
9
67
64
5
25
27
57
92
69
26
74
61
7
30
93
64
82
44
63
29
56
99
33
84
94
47
79
28
72
25
27
81
45
43
39
70
70
96
15
91
75
41
4
82
71
49
47
5
94
62
35
50
13
20
86
59
67
65
40
91
43
19
24
88
62
63
10
84
60
77
75
87
18
32
69
42
81
68
99
75
