953
37
64
82
93
80
81
56
6
53
73
27
39
26
6
86
37
55
27
4
9
26
42
12
71
19
19
67
15
22
67
77
59
31
12
4
63
93
12
21
46
37
0
85
63
7
23
53
14
50
57
75
29
51
87
0
71
7
19
38
81
38
67
92
22
79
49
85
72
61
59
19
99
59
56
14
18
80
67
32
82
77
7
11
28
95
64
51
54
35
89
87
74
9
79
96
88
28
33
13
90
92
84
41
52
40
55
70
72
75
3
55
4
62
18
32
9
34
36
15
70
77
2
96
86
82
92
27
62
77
40
4
70
76
45
74
16
53
44
41
80
99
48
84
14
18
68
23
53
4
39
75
34
41
71
72
75
63
99
38
40
91
94
62
67
92
36
36
45
33
29
77
84
77
61
98
47
81
74
0
38
13
75
72
54
98
44
82
61
96
20
54
39
66
68
59
58
57
95
55
42
76
32
26
5
93
77
52
27
51
53
65
16
80
37
70
79
33
4
92
29
76
98
69
43
19
28
1
76
75
57
18
3
89
96
8
35
25
60
62
76
65
27
44
98
16
15
29
49
71
73
31
48
72
52
91
43
80
92
19
7
1
89
10
43
37
18
30
63
30
92
91
96
71
36
94
39
3
75
40
74
48
71
22
20
23
65
15
55
10
86
14
11
75
24
54
65
94
36
28
25
28
71
73
51
7
19
42
62
94
83
89
42
54
11
15
30
29
30
37
39
17
52
50
44
28
57
9
23
93
89
0
74
61
73
77
20
92
20
83
86
3
24
80
9
35
95
91
64
78
29
55
95
81
6
39
9
15
1
84
60
90
84
86
3
9
64
24
1
36
59
39
91
83
72
52
70
67
44
87
45
25
42
92
6
0
84
67
67
85
52
28
27
88
14
31
98
30
55
51
66
66
43
9
49
15
62
71
82
58
58
80
83
53
24
41
53
8
8
21
45
12
1
73
53
67
4
51
98
11
54
16
77
97
26
26
12
40
49
47
98
8
27
33
13
51
74
18
12
34
91
57
47
92
30
52
60
34
3
10
45
57
26
74
7
4
52
19
96
2
18
46
62
97
79
75
49
53
45
13
88
37
70
87
29
53
39
41
39
94
3
85
3
30
11
10
86
64
82
35
66
0
81
80
98
61
7
99
66
52
64
54
89
34
93
71
87
84
12
27
78
16
64
34
98
27
96
36
91
30
71
9
31
5
89
81
66
48
32
32
1
96
39
90
30
84
13
70
69
78
49
99
94
65
33
44
92
82
32
36
12
56
45
95
61
87
76
79
35
8
63
36
56
54
79
39
39
92
9
60
70
10
59
16
75
45
12
19
27
97
55
91
5
1
87
18
40
15
97
75
76
12
64
32
67
95
71
58
87
32
18
10
94
77
78
21
22
91
41
1
40
48
93
45
1
32
63
41
47
12
69
23
24
33
8
91
80
79
1
67
64
19
29
58
97
8
80
71
51
21
25
91
69
70
36
71
2
51
64
1
63
33
25
87
18
85
31
98
64
32
18
28
52
47
87
1
7
19
72
58
40
49
1
61
19
89
84
73
40
49
75
55
34
52
43
53
37
26
51
53
10
21
82
62
69
21
15
28
40
40
39
32
89
40
45
9
82
82
34
74
83
9
30
17
13
25
22
50
3
26
4
13
47
38
76
68
11
91
97
51
83
36
35
73
28
32
34
62
14
68
37
97
78
19
67
91
96
89
94
99
67
98
12
15
88
40
83
99
84
32
50
67
20
37
40
1
69
74
63
36
43
52
85
73
71
52
16
19
94
10
18
61
60
83
76
48
23
12
47
59
44
97
79
17
86
19
18
8
46
81
44
41
86
29
66
57
34
82
29
28
45
47
89
5
82
18
54
58
30
1
17
26
51
96
43
37
68
13
97
66
95
41
59
81
23
25
90
57
59
71
37
4
71
26
62
53
44
16
11
26
17
81
5
20
29
0
10
49
14
7
15
61
1
26
94
24
3
36
33
15
8
70
71
79
48
33
84
45
49
96
23
19
29
28
39
58
29
49
60
95
57
27
56
10
54
2
34
9
38
19
24
98
89
96
29
89
29
14
34
31
62
58
50
91
38
41
1
19
43
61
14
52
89
22
62
95
24
96
4
15
67
81
65
8
77
95
97
58
9
32
41
71
42
43
