411
24
53
68
1
63
42
17
53
75
5
79
58
7
7
33
91
10
1
45
21
31
55
65
92
56
61
93
97
5
9
1
82
14
22
83
77
64
52
83
39
57
62
49
17
21
35
8
84
36
53
5
19
61
70
11
69
31
56
66
37
18
20
71
32
94
54
10
10
7
93
1
16
7
51
33
81
86
93
65
22
99
70
42
60
93
5
81
24
14
99
13
32
19
84
64
65
91
26
75
50
71
77
66
79
80
52
12
66
45
77
40
44
99
34
56
92
92
37
69
6
37
82
38
8
19
2
74
10
81
1
60
52
78
78
83
10
30
95
76
28
24
69
72
24
55
81
16
47
70
37
53
59
20
91
68
91
46
94
53
27
95
13
31
26
43
15
88
74
10
17
2
35
86
26
11
41
7
79
89
30
17
42
89
37
86
57
80
32
3
33
11
51
98
42
29
41
9
17
15
20
34
69
7
72
96
18
14
55
97
55
85
66
49
75
55
35
84
35
19
40
68
82
91
66
77
72
8
86
89
75
6
76
45
65
48
93
35
14
48
85
21
34
51
71
61
7
58
97
42
30
37
63
12
28
81
89
52
41
76
42
17
34
70
14
52
18
7
87
85
7
24
6
93
76
29
54
35
88
52
29
70
41
92
82
70
74
24
22
15
52
16
84
38
86
50
90
57
57
30
94
17
54
0
10
82
30
17
17
70
21
47
40
62
91
74
32
17
50
7
85
2
75
69
41
14
20
31
71
29
13
65
46
68
17
9
2
99
26
20
21
47
19
13
9
10
88
94
28
38
1
13
93
28
34
34
42
6
17
65
88
31
30
34
99
0
43
53
51
21
73
73
68
44
86
78
7
26
72
87
17
25
52
10
53
86
44
96
45
61
61
33
92
44
19
43
96
15
97
47
36
22
72
5
19
59
35
26
85
59
13
2
