671
94
37
0
27
18
18
91
22
14
27
0
48
4
18
38
56
8
38
18
72
56
16
98
29
37
6
83
63
72
68
96
67
57
48
94
75
18
37
49
32
65
2
81
21
20
71
29
29
61
48
53
70
64
51
51
1
10
35
16
82
3
64
1
60
12
95
88
30
85
89
15
50
91
48
23
12
71
53
93
32
1
46
54
17
50
6
70
12
41
86
46
96
50
48
8
14
95
48
96
80
38
11
82
81
11
6
45
82
11
90
67
12
89
21
81
39
27
51
3
20
37
49
16
87
49
77
53
45
25
49
77
15
13
60
49
24
66
46
59
29
37
26
41
26
47
22
17
27
73
20
99
62
21
68
1
71
45
54
68
22
55
45
38
68
57
39
45
75
85
4
4
22
30
45
0
29
19
69
8
44
41
8
6
63
76
59
86
73
13
6
95
69
51
85
37
9
24
82
84
10
38
89
84
20
86
37
2
58
6
10
2
48
70
61
11
98
20
49
71
86
55
67
7
58
4
96
19
29
79
56
91
69
45
75
90
83
12
92
41
19
54
96
19
25
9
82
23
81
31
47
67
38
66
74
96
70
71
68
99
2
24
42
71
21
18
13
4
82
5
98
53
12
46
24
37
55
6
12
36
37
11
56
27
77
30
24
48
53
44
99
55
68
42
79
89
12
92
93
46
50
43
52
14
89
76
51
96
83
15
33
72
79
41
0
56
71
76
56
77
20
8
32
88
2
63
77
14
8
22
12
10
18
64
24
7
93
27
56
76
94
41
48
73
82
0
82
5
76
90
82
48
98
67
36
0
30
65
66
90
40
79
0
58
95
76
17
88
3
73
16
98
14
17
23
48
17
5
54
46
96
36
94
46
3
83
99
86
0
65
76
92
96
29
2
44
5
20
84
61
45
1
59
12
18
34
60
87
40
14
33
88
51
80
86
6
63
85
92
15
51
21
8
99
50
10
95
7
82
80
68
80
81
79
92
51
14
52
38
6
19
72
46
22
52
32
28
67
18
73
34
21
94
42
72
96
5
68
55
87
48
24
19
81
55
11
32
21
16
70
79
35
94
25
57
98
10
37
17
28
10
52
1
56
46
73
52
51
41
8
91
41
84
10
22
91
22
54
13
90
77
44
77
71
70
34
22
80
23
39
60
34
91
61
90
38
86
95
89
28
55
32
69
91
43
44
82
17
98
47
7
75
92
84
99
14
70
21
46
45
60
6
79
4
19
22
42
5
69
83
85
24
16
55
67
11
51
49
80
49
49
87
77
41
23
76
55
45
49
1
90
61
59
22
65
78
96
7
83
17
43
69
93
59
76
60
22
27
9
2
28
10
41
5
51
16
33
58
13
34
11
55
96
22
29
61
0
25
21
36
94
64
57
87
75
85
47
97
12
9
51
92
19
92
50
23
60
35
81
73
70
45
28
66
67
58
79
20
35
0
56
30
64
13
17
39
50
65
88
14
26
39
6
45
83
56
68
43
44
2
68
14
47
97
32
66
7
11
86
42
12
42
