766
49
94
90
82
33
79
0
30
2
64
51
9
85
42
18
93
22
90
74
55
4
64
52
57
57
3
23
13
21
94
86
22
41
76
5
26
55
57
8
9
22
59
18
7
53
88
1
28
78
27
83
82
91
35
40
48
90
15
61
11
62
47
34
3
75
91
29
82
48
90
91
22
1
9
82
55
98
35
83
28
62
18
11
54
53
3
2
96
18
16
7
80
15
93
35
91
36
17
73
37
7
65
59
8
26
41
15
76
76
50
5
91
68
68
45
22
71
99
70
41
67
77
74
83
23
9
74
59
78
99
96
85
16
8
46
43
1
61
19
30
12
76
21
80
44
18
54
67
69
24
9
37
54
83
20
77
44
46
88
23
97
37
8
14
97
6
9
98
68
80
80
32
57
53
64
53
71
71
21
41
95
30
30
1
13
2
30
9
0
19
32
97
8
93
11
5
99
72
55
19
53
36
3
10
89
68
63
13
39
36
6
86
66
36
88
31
38
18
41
38
37
25
87
45
18
51
2
70
23
58
89
76
94
93
38
35
13
54
48
52
90
54
38
9
42
26
40
32
97
33
22
86
11
10
32
29
61
86
99
36
44
41
13
90
86
3
26
99
57
74
51
48
81
41
57
23
20
49
56
17
35
30
3
46
40
87
27
53
74
79
90
70
20
55
61
58
58
87
57
68
13
60
16
46
1
25
22
73
26
30
90
13
60
94
11
1
33
39
6
59
70
96
30
90
3
91
0
14
30
57
82
43
69
50
90
70
75
12
44
53
42
86
67
2
32
30
55
66
69
62
25
39
10
7
81
14
98
81
80
28
90
62
24
59
12
14
82
39
78
78
44
72
64
63
26
97
94
82
15
63
96
92
55
6
0
88
72
50
22
52
31
12
14
55
72
78
21
6
17
51
84
14
23
48
77
49
97
71
83
64
87
79
9
42
86
61
30
10
11
4
63
94
17
29
1
41
8
22
47
77
73
83
91
48
83
69
50
81
92
33
97
79
65
6
21
51
67
4
61
31
8
76
77
77
6
79
18
66
1
17
43
27
0
87
27
84
56
77
17
0
63
66
80
28
25
53
31
44
9
44
27
18
21
5
47
27
84
18
93
37
35
88
16
88
75
44
24
83
21
93
84
84
11
16
64
36
69
95
81
79
40
8
49
61
65
96
40
49
14
85
39
2
25
55
42
53
99
66
36
73
11
72
9
22
88
74
59
10
69
92
89
61
52
38
74
18
86
66
19
53
51
58
55
29
66
97
82
65
15
70
38
26
95
0
48
83
74
59
45
43
3
34
57
56
24
31
26
11
98
97
64
1
8
71
30
74
68
64
91
83
35
30
9
30
30
9
65
56
69
11
51
24
97
8
80
22
40
58
85
38
56
49
39
64
20
22
90
40
86
81
75
73
63
36
55
45
45
21
1
66
84
53
91
81
13
23
55
53
82
40
43
90
89
35
6
61
57
96
53
95
77
28
21
93
64
76
38
10
97
92
28
33
45
71
15
10
95
70
64
77
63
59
19
4
94
25
66
3
21
71
51
50
0
72
43
64
48
82
26
98
26
7
31
71
78
98
33
25
21
49
2
84
9
73
88
55
98
6
11
19
78
62
70
30
86
65
46
86
99
25
84
25
32
68
48
62
18
82
88
39
31
42
75
40
16
16
48
14
74
59
34
4
73
56
34
11
21
33
97
21
58
34
98
42
54
47
4
72
29
92
64
12
35
91
5
51
