781
52
52
26
98
28
54
18
33
67
34
25
40
8
1
30
79
90
2
99
12
86
88
98
69
78
36
29
55
18
62
95
71
67
21
21
95
28
40
28
95
74
5
87
35
6
17
14
48
71
65
60
57
54
11
26
32
99
7
39
17
70
35
40
89
8
62
84
36
2
64
83
76
69
70
11
28
39
78
28
10
43
41
19
49
52
98
33
51
5
73
20
27
8
61
16
68
23
52
5
77
16
88
53
38
11
17
18
2
95
46
13
90
87
84
40
91
34
25
94
92
98
15
19
58
28
88
27
51
40
32
80
9
72
33
47
35
2
65
38
97
63
3
40
51
87
32
94
74
57
89
66
56
56
37
14
84
25
93
87
18
25
67
79
50
52
26
85
55
43
23
4
6
26
44
9
66
76
4
40
34
45
6
42
1
43
8
37
21
2
24
91
79
43
70
29
95
48
67
50
43
90
55
49
69
51
11
87
28
67
27
62
12
85
56
65
80
64
54
53
66
78
96
46
73
66
27
20
66
94
23
9
37
30
11
58
81
22
45
9
41
24
23
53
61
79
70
41
96
24
47
62
54
43
60
79
62
88
99
80
82
22
90
71
52
53
29
34
27
74
95
68
98
71
73
59
2
43
53
98
19
0
61
73
95
73
52
9
61
3
90
96
26
80
67
30
85
97
16
12
23
12
80
22
83
5
33
85
48
38
36
19
38
97
44
86
70
48
95
84
51
85
80
29
17
99
60
2
96
76
14
20
40
46
94
23
51
79
61
51
18
97
22
8
46
66
94
68
14
42
52
18
27
84
47
97
84
59
51
80
36
18
52
76
64
98
52
68
78
65
71
96
62
94
4
60
12
51
28
79
93
81
97
72
17
96
69
1
56
21
34
44
39
38
72
55
37
76
75
15
41
47
63
55
93
67
15
5
18
44
84
63
77
33
36
94
30
5
48
38
78
82
82
69
20
54
77
9
31
52
24
24
51
39
80
96
59
95
2
29
39
38
93
68
72
29
63
2
86
63
40
17
45
74
86
17
80
15
27
63
68
3
88
71
43
68
68
2
15
22
31
7
60
76
75
84
5
90
38
44
53
30
61
50
4
99
68
85
15
95
0
35
98
88
58
41
8
26
95
76
0
27
83
61
3
58
97
61
1
36
57
54
66
18
57
71
69
25
8
84
20
8
71
18
49
30
12
9
8
7
85
9
86
68
22
42
79
19
55
32
55
12
86
22
82
43
45
51
20
5
88
40
65
11
11
66
93
75
76
2
34
13
63
21
34
85
15
65
56
70
97
12
34
35
86
68
31
83
19
51
88
59
44
5
71
7
72
64
82
0
18
16
13
81
89
99
18
4
64
75
26
61
87
12
49
25
80
80
60
0
31
0
11
27
5
34
34
29
51
16
29
69
33
95
3
74
94
21
79
59
96
57
72
35
70
21
12
50
53
72
2
85
72
14
64
30
0
99
59
51
15
89
73
0
84
76
75
30
97
6
89
94
15
14
81
85
87
94
36
41
18
38
78
91
4
42
73
5
41
32
56
9
73
81
61
9
57
88
40
55
46
81
1
62
47
34
47
35
28
35
76
99
74
54
90
30
48
15
87
90
99
44
51
73
25
12
82
35
1
74
42
47
56
95
9
55
29
9
90
10
44
18
9
70
72
51
1
73
66
88
63
65
84
66
90
62
78
25
97
31
99
91
79
7
86
40
63
15
49
53
25
46
72
86
16
96
37
17
69
55
58
84
21
94
50
63
56
81
88
5
12
88
