178
45
16
42
39
97
43
95
54
75
21
93
30
0
1
95
42
72
73
44
62
71
85
96
99
43
32
86
90
23
59
70
68
75
12
7
72
8
2
78
83
76
71
13
76
73
61
70
97
34
66
60
57
3
8
56
99
93
43
41
16
54
11
36
30
76
44
54
84
98
85
67
26
56
33
54
81
46
76
31
32
94
43
89
98
51
46
97
96
41
38
12
95
2
49
77
78
45
32
14
95
17
81
74
25
66
28
7
12
57
90
44
51
33
34
49
36
32
98
33
73
37
97
68
91
46
46
69
43
30
83
91
47
16
65
72
35
93
31
47
50
21
92
54
6
78
3
43
10
2
76
83
91
73
51
34
72
49
3
67
79
38
58
78
6
23
3
41
69
34
41
71
8
33
25
14
11
29
9
