412
84
65
12
89
3
8
37
0
70
51
33
14
47
5
58
43
20
7
42
8
81
15
65
0
74
0
26
11
11
91
66
95
8
30
37
64
39
74
64
61
25
50
75
72
55
85
67
27
92
10
87
26
77
53
26
3
5
5
14
17
48
32
64
57
63
1
21
54
76
37
15
53
87
42
78
94
28
45
21
72
7
61
98
84
14
77
87
71
82
54
40
30
38
5
39
53
58
12
7
86
50
74
92
89
17
70
84
97
67
57
69
75
18
20
11
84
97
99
8
31
5
48
13
43
5
53
97
16
17
56
2
19
31
94
9
0
16
93
49
84
2
70
59
21
90
70
57
39
21
65
70
78
14
84
74
71
89
23
87
58
79
42
78
62
36
87
14
5
32
63
89
34
34
0
7
76
22
65
16
44
30
86
74
96
22
48
68
63
71
7
22
3
49
52
17
38
91
32
43
23
95
32
9
81
84
17
58
6
82
74
2
64
12
77
61
35
77
81
50
1
88
72
4
90
76
73
28
67
5
71
90
53
55
0
34
39
69
92
45
51
66
0
67
79
77
80
66
6
61
16
7
2
41
63
92
17
37
72
85
94
43
27
47
50
79
82
41
48
74
38
51
93
38
19
24
67
99
42
74
13
10
33
67
51
97
59
21
86
31
58
80
26
85
28
28
65
10
69
65
36
7
17
81
98
88
57
65
39
99
39
4
10
25
71
13
22
82
86
60
13
44
40
91
82
20
19
99
82
40
64
71
0
33
52
98
73
10
15
13
61
7
69
23
32
41
37
54
23
23
66
89
20
6
32
2
79
52
1
61
44
17
32
44
51
37
42
76
47
10
89
60
17
11
84
49
52
73
55
27
96
21
16
68
79
49
22
58
53
75
72
97
93
4
94
96
41
88
72
40
98
14
1
15
25
37
64
29
10
19
56
58
92
