407
93
65
27
0
87
52
6
15
0
40
49
78
98
85
48
63
27
62
64
63
37
39
73
31
39
93
70
86
8
26
86
1
43
13
1
30
18
59
46
18
99
95
96
50
32
96
13
12
58
29
75
47
20
0
30
60
93
1
98
1
79
85
54
22
50
8
4
20
67
2
90
19
50
39
69
34
35
34
46
46
63
21
45
83
22
76
95
67
29
94
69
60
31
75
34
33
83
38
54
3
41
96
22
43
35
43
77
23
77
24
69
92
97
14
27
71
42
23
39
23
17
60
83
48
35
17
81
19
8
87
74
1
84
96
44
71
39
21
94
68
97
15
60
95
82
87
18
24
62
57
0
79
17
83
79
53
53
13
24
61
0
98
62
36
46
6
8
37
79
54
5
29
70
17
76
52
56
94
28
19
4
28
98
21
12
30
26
65
43
2
26
43
52
40
32
98
98
40
35
29
94
92
58
16
9
34
68
66
81
97
37
85
25
87
58
89
17
85
6
60
87
84
56
40
24
88
90
22
80
78
52
26
70
62
43
80
49
63
98
30
12
87
67
90
74
25
79
92
10
86
4
50
22
60
42
47
0
32
21
80
10
73
59
33
88
54
65
37
17
63
19
82
2
86
72
76
11
51
20
22
89
25
24
12
85
66
11
38
98
32
70
61
58
29
94
46
35
59
83
53
74
54
35
76
40
59
4
51
10
25
25
52
50
49
16
87
15
27
25
66
11
96
79
69
77
25
15
13
36
50
66
10
4
53
38
44
12
42
48
74
19
73
78
69
75
46
57
42
73
34
60
37
30
39
6
8
16
22
21
52
24
39
14
29
44
52
25
8
47
25
82
66
51
13
88
26
59
97
20
85
31
81
22
62
72
28
22
89
2
95
41
79
34
56
8
30
60
85
38
7
63
72
26
14
85
14
92
