685
41
74
1
57
44
4
15
58
12
17
83
43
17
84
59
33
85
56
93
30
94
59
35
17
58
21
37
48
98
28
41
91
54
95
49
98
99
16
8
63
34
92
7
51
28
66
36
65
75
29
95
21
89
82
38
99
4
28
0
54
56
41
45
10
36
46
61
35
63
21
51
97
13
58
0
94
76
88
59
51
17
7
72
58
41
63
58
45
43
10
51
99
51
49
61
88
47
74
75
10
96
78
59
61
36
11
55
65
99
67
68
69
26
93
27
67
56
37
65
99
47
68
50
51
17
63
39
65
38
66
27
34
45
87
47
33
98
55
98
50
74
67
19
0
60
98
67
68
36
84
19
35
53
69
86
22
32
77
87
70
44
15
56
41
54
56
26
4
11
25
54
85
44
25
85
56
24
4
76
12
41
95
47
94
64
34
16
48
11
56
71
7
71
27
0
77
83
27
33
46
4
40
31
0
65
68
8
41
25
84
53
66
79
1
60
95
87
76
43
50
84
14
10
7
94
10
84
29
37
18
76
93
58
59
93
75
28
1
17
53
37
70
19
68
23
31
15
10
59
59
13
44
25
23
51
71
33
36
53
23
6
29
16
16
88
62
91
68
15
8
73
53
31
92
21
6
75
37
69
35
48
82
79
25
5
30
49
90
18
2
65
76
83
82
92
23
96
36
92
11
96
65
64
27
10
38
86
85
27
55
72
27
37
51
4
94
34
53
36
4
7
2
81
90
84
73
14
32
9
6
43
6
23
60
85
85
50
71
23
77
78
95
56
15
47
12
61
33
66
98
37
73
52
18
16
88
44
30
20
5
88
63
63
63
23
1
49
73
72
72
2
3
67
10
70
66
23
32
99
41
82
37
14
34
7
82
22
51
12
42
9
52
57
72
16
81
73
65
6
98
89
61
1
56
71
71
75
94
55
74
35
89
63
2
23
23
84
97
26
49
91
35
1
49
60
17
82
33
34
88
83
23
1
36
80
73
60
7
67
15
33
55
57
97
57
32
72
93
30
98
42
73
86
96
22
46
13
56
31
48
97
15
71
98
3
3
71
63
10
91
31
44
46
88
93
55
20
65
0
50
15
95
76
1
91
50
99
4
7
31
4
4
98
28
2
1
31
26
17
94
17
48
90
15
36
83
22
56
0
22
59
67
17
35
69
60
85
20
17
92
3
21
48
53
49
3
7
33
29
24
27
46
72
17
13
60
52
35
16
52
9
27
19
27
14
40
39
0
13
56
44
16
78
45
22
79
48
29
64
77
5
91
75
29
60
88
89
12
23
57
16
84
85
88
63
99
28
3
51
41
59
96
10
89
93
32
21
41
13
85
18
18
29
93
47
89
33
88
54
8
45
70
92
30
58
56
82
39
59
33
32
70
81
42
12
74
26
33
15
91
18
33
9
47
78
8
89
63
96
43
71
42
65
16
24
24
72
6
15
83
40
47
5
21
42
17
96
20
2
63
12
73
49
73
72
27
82
61
43
78
56
14
72
22
82
97
98
54
3
13
89
95
60
95
17
54
64
65
75
67
28
87
40
77
60
