239
78
18
96
75
1
53
48
0
76
73
90
56
52
1
85
67
25
88
93
23
74
2
95
15
9
31
3
34
80
55
75
58
25
71
85
27
76
86
79
52
11
69
61
63
70
98
30
48
38
75
71
64
29
18
79
39
1
34
25
81
41
52
39
67
23
76
94
0
62
73
4
73
94
17
36
17
67
18
65
5
46
88
69
75
58
0
14
59
87
91
40
28
43
31
95
67
59
41
19
22
66
75
47
61
45
36
78
12
6
95
70
52
83
39
28
41
92
94
52
79
86
44
7
29
27
3
48
86
96
19
60
63
47
60
24
92
96
2
56
2
97
26
7
32
18
35
25
10
81
77
89
19
21
48
1
48
3
49
86
0
21
47
63
68
7
39
12
55
41
20
57
90
99
64
74
69
51
99
79
85
28
20
4
1
20
5
49
24
7
87
76
28
86
39
48
93
78
12
48
71
84
58
13
35
74
87
4
78
38
35
15
66
7
19
67
28
77
68
4
84
55
80
64
42
19
64
87
49
28
88
20
64
98
85
0
24
72
4
2
