652
42
38
31
59
31
44
39
95
5
31
75
87
67
62
35
68
49
65
38
0
78
9
78
92
53
26
8
89
4
44
11
46
82
94
58
66
38
49
61
96
80
89
83
99
51
18
67
53
36
58
53
66
19
84
11
72
10
19
14
67
64
77
65
98
71
23
64
62
25
78
58
57
67
41
57
18
11
76
23
47
34
77
14
6
13
25
30
23
44
44
42
60
73
8
59
97
83
23
59
8
53
17
18
20
10
75
91
21
3
14
69
38
43
35
96
56
12
26
32
8
23
26
69
48
34
28
45
18
3
56
78
57
25
48
29
35
23
72
9
79
39
30
69
82
65
65
91
29
91
75
37
14
53
6
63
88
34
60
58
38
69
88
47
94
37
76
82
12
49
91
91
88
21
60
22
38
25
65
67
69
92
4
35
46
11
50
86
97
11
44
35
32
84
82
26
21
11
60
34
60
51
77
48
72
38
22
62
15
88
29
84
80
34
20
78
97
70
64
94
33
8
82
65
93
16
92
66
27
4
52
39
56
30
87
80
68
10
43
83
50
24
20
82
58
40
61
55
10
25
2
44
34
84
61
79
52
5
97
80
10
50
19
66
80
59
98
0
21
93
35
71
18
55
53
76
95
14
84
58
92
86
54
26
22
15
57
74
21
54
6
31
4
78
49
36
37
47
36
10
41
72
33
59
27
38
87
75
5
23
85
97
61
39
75
83
54
32
10
27
38
68
10
95
46
59
31
83
59
20
45
52
92
78
63
71
17
2
98
22
26
83
19
87
22
94
23
29
78
85
8
68
53
19
63
0
30
47
35
89
67
81
93
11
11
56
34
28
11
33
50
37
16
21
76
39
15
99
20
45
36
28
14
90
47
77
42
78
76
77
19
95
10
65
6
74
73
41
2
84
74
5
21
90
26
50
81
94
1
1
91
38
82
5
80
81
35
22
11
63
51
31
59
14
96
65
88
21
58
90
6
32
47
79
75
26
29
8
72
31
10
63
21
44
21
1
25
8
75
37
71
26
20
30
92
68
96
80
89
54
23
95
39
22
75
66
48
56
74
72
39
36
36
12
80
9
13
6
17
40
43
40
67
15
71
11
83
19
92
72
25
67
20
16
89
95
82
38
3
57
10
43
93
98
55
74
59
21
32
28
61
27
69
80
42
40
92
25
11
36
49
36
3
69
53
92
16
87
30
20
44
93
15
90
43
70
16
3
43
48
31
57
27
0
37
69
92
81
46
55
17
95
44
20
17
97
65
33
84
95
5
81
40
20
71
84
43
87
87
86
87
70
43
14
23
33
83
67
66
81
23
36
28
67
56
45
16
73
31
52
21
36
85
61
57
56
45
0
95
84
38
82
7
34
96
30
19
31
49
85
64
72
21
93
91
30
90
59
3
21
12
24
10
97
38
67
6
35
19
1
72
9
36
79
95
32
61
14
16
10
52
80
35
25
25
78
7
16
38
63
37
2
39
