840
65
10
35
66
49
92
6
63
91
55
18
46
42
38
48
68
7
16
22
91
63
9
25
65
4
42
97
28
6
58
89
23
21
77
89
22
21
96
85
13
3
4
11
46
94
59
14
1
27
88
45
91
97
22
8
54
65
57
34
71
16
24
46
37
1
35
59
22
83
45
87
87
1
98
33
47
10
99
48
37
87
45
80
37
68
40
91
33
98
25
56
66
49
2
3
2
89
14
77
73
11
64
12
12
15
97
59
77
96
60
14
35
5
47
72
73
39
63
58
89
41
14
55
42
16
10
45
6
77
22
31
88
38
43
1
53
92
12
30
40
24
97
75
30
96
0
55
87
15
14
77
56
80
84
99
49
47
96
7
24
70
90
12
8
33
65
14
77
30
96
17
54
45
92
36
93
92
92
81
8
58
58
16
90
94
67
39
41
63
98
65
33
88
30
94
73
47
8
50
77
56
67
32
2
12
68
95
56
12
76
16
22
86
33
13
33
0
4
74
16
55
92
49
43
74
43
17
21
3
19
99
60
39
31
14
51
51
9
7
16
38
76
38
76
9
3
9
61
60
36
77
15
28
79
10
54
22
79
75
78
99
74
90
38
57
4
41
61
65
0
77
55
76
15
32
85
71
93
47
31
29
76
98
9
55
8
63
30
88
91
8
39
17
50
77
75
54
70
88
71
70
65
79
99
32
11
84
3
56
83
86
38
60
36
47
15
45
63
45
85
54
5
24
71
55
53
98
61
75
86
85
45
3
64
44
36
27
81
91
83
16
30
21
28
66
21
96
63
36
93
48
42
99
24
13
6
29
64
20
4
2
5
2
6
21
98
94
48
31
37
83
48
67
57
76
34
78
24
49
66
18
50
8
17
74
73
75
56
37
47
60
92
52
14
50
25
13
44
73
44
33
57
44
1
66
73
87
96
97
36
62
15
86
70
84
13
43
12
21
33
59
81
25
64
48
27
89
13
71
63
9
56
72
54
57
90
79
44
86
76
33
48
44
71
70
80
36
13
92
57
46
52
91
23
16
39
50
57
52
73
72
13
30
96
67
39
86
46
36
72
75
69
72
71
92
42
51
29
56
44
38
54
48
29
30
64
20
32
73
24
6
46
38
88
42
5
27
29
4
15
53
31
84
26
2
29
68
53
58
76
97
48
83
45
78
13
61
50
97
87
75
3
33
13
43
27
70
23
8
26
38
62
9
75
40
11
4
8
17
14
37
66
62
72
64
92
37
25
43
34
64
70
90
97
83
33
25
5
8
33
32
47
47
41
74
87
5
78
48
22
44
37
88
58
9
52
51
46
30
46
80
46
16
70
44
51
56
21
56
64
6
40
63
54
34
37
93
91
67
41
65
63
78
5
22
87
10
25
85
92
71
66
38
39
88
82
90
44
55
98
61
14
91
24
20
77
14
13
68
33
7
33
97
85
38
19
25
48
44
10
40
67
28
79
6
17
13
48
13
21
46
74
35
89
51
55
66
17
20
86
50
27
19
99
65
10
18
42
10
14
4
3
81
33
34
39
2
99
87
67
20
86
42
7
27
45
14
94
14
35
80
64
14
52
64
79
14
34
21
24
1
26
79
82
11
13
74
65
13
13
32
85
99
26
45
27
23
59
73
37
46
5
54
61
57
70
92
23
4
66
48
5
44
79
40
7
93
66
72
58
79
56
95
31
83
40
58
6
52
83
44
98
88
98
11
98
20
56
21
24
74
21
82
18
1
74
25
46
40
49
4
71
5
99
2
40
92
12
47
44
95
43
94
36
93
6
34
13
14
7
89
88
81
71
6
82
97
83
80
89
84
36
61
41
35
63
82
79
28
81
23
75
24
18
11
17
76
97
82
90
5
71
30
86
95
88
20
44
23
0
34
7
36
47
48
23
62
82
55
90
