310
85
75
54
66
88
96
95
10
52
19
23
16
11
47
96
44
67
16
55
81
93
5
17
38
84
91
32
47
87
61
65
72
36
19
90
76
15
85
39
19
57
14
35
20
62
31
64
81
0
71
62
45
76
79
36
61
22
20
60
9
81
25
33
17
97
24
46
64
61
85
84
70
99
19
90
13
3
6
94
55
78
56
0
6
87
88
19
9
9
80
70
90
57
4
60
54
80
6
19
93
43
3
64
42
74
54
56
29
13
50
84
91
59
37
49
46
25
69
56
34
1
78
77
58
82
89
65
14
95
36
8
90
91
72
32
65
78
40
95
91
91
31
34
50
68
84
48
94
5
4
80
58
83
57
68
17
46
33
32
93
21
92
35
12
64
68
30
94
8
77
86
51
8
72
53
77
8
2
23
13
58
3
71
93
13
40
63
11
25
95
57
47
39
92
11
55
60
41
49
21
18
87
24
27
60
30
56
68
84
79
82
94
82
5
88
95
97
51
59
75
98
16
22
37
8
33
92
21
27
93
94
45
81
18
24
41
0
80
61
36
59
95
31
94
1
19
41
50
22
0
25
72
16
99
61
77
85
5
98
12
98
92
57
79
62
82
72
63
14
34
99
26
29
30
20
82
1
13
33
75
66
10
47
82
10
8
59
95
13
9
7
64
1
16
95
64
50
20
79
65
54
30
43
35
61
63
70
14
28
55
