225
23
90
50
80
44
61
69
43
98
19
61
83
61
3
69
26
69
90
53
13
41
46
85
36
98
96
3
51
97
17
23
20
7
73
53
51
86
22
46
36
41
7
19
2
10
40
81
32
30
34
45
72
32
82
8
30
78
11
82
76
28
57
48
35
82
1
38
69
23
85
5
17
92
77
71
55
17
52
87
48
39
32
20
71
66
28
54
44
92
36
72
20
45
73
8
27
26
98
96
2
83
2
19
28
79
42
83
48
47
22
96
86
6
16
9
72
97
63
68
89
51
93
61
96
66
21
24
92
20
72
94
55
26
65
35
57
8
18
6
55
92
2
93
98
71
2
22
20
18
91
61
69
84
22
66
2
96
42
94
68
66
41
23
93
6
59
2
66
29
8
73
22
63
66
72
86
21
95
6
39
38
67
8
22
41
26
76
37
20
70
5
87
63
81
32
70
92
34
88
21
43
62
95
58
80
20
44
1
67
50
92
5
69
53
79
10
79
55
48
52
25
53
39
41
34
