409
65
24
22
68
5
91
53
99
15
65
94
3
36
16
34
28
49
32
52
96
17
19
90
84
91
35
10
56
54
43
6
19
67
80
40
24
71
93
23
38
10
17
41
98
86
27
26
35
12
79
31
29
98
74
65
42
61
75
98
15
18
57
87
37
37
27
61
61
72
36
99
34
5
93
33
91
72
11
79
84
42
10
13
93
36
78
35
97
5
85
65
23
42
52
12
32
79
25
93
3
61
44
89
67
37
22
58
10
86
89
94
28
0
60
21
88
90
8
86
96
94
51
71
88
55
36
72
34
61
17
89
23
62
78
42
51
53
52
61
39
42
8
19
94
20
41
82
10
1
20
58
95
23
30
36
78
66
8
64
79
78
53
54
40
84
96
91
37
1
5
28
43
65
47
89
85
40
71
47
42
92
6
89
15
88
77
94
6
38
58
85
16
64
40
8
48
36
99
37
89
56
17
32
21
64
21
6
57
45
54
99
89
12
40
56
0
18
50
6
8
61
91
24
77
83
32
77
72
83
66
61
40
83
46
61
99
67
20
56
64
26
7
53
38
48
10
90
18
12
96
26
25
39
2
2
75
86
31
47
69
97
8
61
80
54
75
80
74
95
88
38
21
96
44
59
44
6
49
14
18
97
92
44
88
94
98
63
32
82
62
1
79
71
15
12
77
90
44
51
85
32
42
58
28
38
17
24
44
18
38
14
67
30
58
7
76
9
23
8
43
85
62
22
56
77
86
86
19
30
37
56
15
31
14
43
69
31
20
65
1
10
80
20
41
90
27
69
51
50
30
94
36
92
69
44
21
55
30
92
86
20
48
53
3
62
96
25
45
68
90
46
79
22
18
72
13
45
41
64
48
71
11
36
15
80
32
88
35
15
80
73
35
28
26
38
42
75
63
87
43
6
85
22
28
3
94
41
1
88
