613
5
97
54
16
28
86
92
81
69
7
55
89
58
58
77
79
69
8
26
2
6
30
36
86
41
69
65
49
18
7
18
75
56
72
91
37
59
35
18
80
42
25
69
53
35
47
32
56
55
59
58
13
41
94
0
35
15
17
84
85
76
2
60
32
75
51
21
86
87
91
66
81
16
36
34
3
83
19
59
90
78
17
3
71
63
55
6
78
72
90
63
48
45
23
33
20
27
54
58
66
46
24
99
14
12
86
18
95
5
77
37
35
47
93
6
10
48
65
89
73
55
4
21
52
80
6
24
59
61
82
25
59
59
76
73
71
62
91
19
67
21
56
2
68
49
9
30
50
74
71
23
81
76
96
86
8
3
10
67
64
93
44
23
52
20
48
23
83
92
42
2
13
51
5
33
52
66
63
2
92
35
25
25
63
22
11
71
25
22
90
41
67
34
16
71
54
64
46
89
56
41
92
21
92
49
6
44
15
70
99
59
57
24
84
20
98
48
43
75
22
33
68
89
67
84
12
73
1
58
15
9
51
59
83
95
8
89
92
75
59
91
34
68
67
70
40
18
18
83
93
40
68
62
81
87
98
93
61
99
4
28
61
55
87
44
51
47
33
43
22
45
34
8
13
53
78
54
71
49
37
65
89
58
79
23
45
77
16
58
29
20
86
90
28
25
34
79
72
19
22
46
64
8
54
78
61
85
84
85
34
73
50
75
31
81
98
77
58
15
35
39
87
22
29
15
99
15
94
72
35
68
18
51
28
73
29
42
58
65
27
44
39
29
19
70
62
18
99
72
33
35
12
72
9
93
88
8
9
34
80
96
55
51
47
35
76
29
77
34
94
56
30
33
37
49
56
99
67
55
72
52
42
84
25
51
29
65
12
38
51
44
86
58
95
34
94
71
15
23
57
9
32
87
95
69
89
3
69
56
58
93
61
53
29
38
4
58
3
68
49
6
13
35
65
8
21
59
32
36
82
41
98
14
81
93
36
70
48
57
78
6
50
39
59
79
77
16
89
32
84
38
39
97
74
56
58
95
15
42
32
49
83
30
16
64
75
52
86
23
61
65
81
11
4
93
42
34
61
83
18
97
22
9
47
96
65
5
43
80
99
27
82
34
9
98
99
36
2
37
11
63
2
93
26
59
38
20
45
99
3
63
48
25
73
95
73
90
52
69
71
51
96
5
86
58
3
37
94
57
74
6
72
77
51
98
88
89
70
33
40
73
96
88
51
21
36
76
12
88
97
35
40
46
40
26
4
95
63
50
4
89
56
76
66
59
26
54
0
96
39
92
21
88
33
72
9
69
1
73
57
98
8
97
44
0
75
0
47
90
51
51
80
59
79
98
19
5
5
19
1
44
64
23
32
97
47
42
66
48
67
23
99
28
