642
33
81
35
17
73
98
13
84
80
93
21
1
46
16
22
27
77
22
37
52
45
59
73
48
63
1
47
61
58
95
65
43
29
52
13
54
51
26
38
83
72
12
84
18
28
59
45
57
81
35
10
79
94
35
79
9
36
26
23
46
73
88
41
2
40
54
57
43
33
47
27
57
59
63
75
40
22
73
49
56
60
11
35
54
46
66
16
34
92
39
32
17
27
74
72
19
80
81
63
13
28
90
70
40
5
98
32
28
23
81
84
83
93
71
89
91
37
5
26
81
96
10
98
75
84
70
95
17
51
58
30
32
0
53
24
5
3
56
85
26
89
69
9
34
40
98
78
77
56
56
58
52
66
9
28
51
79
75
68
83
85
50
67
85
55
91
42
10
99
28
88
40
49
97
75
90
48
53
19
56
9
78
60
27
39
88
78
70
15
98
53
0
1
72
37
8
63
32
19
14
60
7
55
61
57
30
51
57
35
23
13
96
1
25
23
92
14
54
62
81
4
16
82
5
88
19
66
4
51
37
18
63
96
73
25
53
55
28
62
42
51
27
38
4
53
14
96
19
20
59
0
24
27
82
82
67
54
48
23
5
37
42
21
33
67
98
39
75
26
1
17
30
29
8
34
34
74
83
53
94
94
5
18
73
40
52
40
94
52
16
51
89
10
72
23
77
70
62
52
49
63
22
79
44
30
65
30
4
0
35
50
46
41
68
19
81
73
12
27
25
28
78
15
38
3
38
67
25
52
72
26
15
94
57
12
76
75
42
32
75
78
82
22
71
2
41
4
75
5
31
53
33
61
68
23
64
58
91
42
10
63
68
77
9
26
89
37
1
84
21
28
14
3
2
85
57
96
41
85
1
72
38
35
33
58
10
50
16
1
92
26
16
60
3
77
38
45
14
91
81
35
20
95
90
74
32
0
70
73
85
72
97
75
59
30
33
69
32
49
23
24
27
91
37
82
69
27
27
35
19
60
23
91
7
13
65
39
13
88
64
50
12
13
25
23
96
58
92
28
7
67
5
86
59
42
69
80
21
48
15
92
9
38
83
16
4
1
8
17
41
24
68
53
38
45
76
34
4
20
14
63
88
19
50
99
13
71
79
35
19
46
27
80
85
63
49
89
16
9
58
57
33
78
62
23
24
38
57
80
10
72
43
50
43
45
49
57
16
80
92
88
27
71
68
64
86
69
5
54
78
15
63
64
94
25
87
70
63
97
50
26
21
45
76
64
91
26
73
7
58
17
47
37
89
68
1
27
37
58
82
68
74
45
32
20
71
71
90
86
68
92
64
41
37
41
58
28
19
31
88
77
49
35
15
90
3
68
69
93
79
51
61
5
49
45
25
72
16
67
10
37
59
75
78
48
16
36
29
35
20
17
64
69
4
31
11
60
52
80
5
31
84
66
36
33
63
13
57
79
80
67
16
91
94
47
91
62
83
20
49
55
89
