648
60
57
96
85
16
52
51
91
79
77
32
19
71
88
91
86
41
45
53
97
3
10
80
55
47
47
4
1
97
34
73
9
44
21
94
12
74
97
3
5
26
35
24
97
75
67
36
16
13
89
66
16
51
46
23
98
45
28
51
43
14
76
4
58
98
51
22
24
48
26
29
75
13
6
72
89
73
60
57
86
50
75
54
53
21
30
4
67
10
7
62
76
84
66
87
34
69
9
58
18
35
39
45
49
45
69
90
19
30
47
57
32
23
64
85
96
94
89
15
56
97
29
32
33
48
19
67
17
29
77
35
64
16
80
65
62
2
7
33
32
7
90
64
82
54
49
78
0
91
46
56
40
75
89
25
23
8
92
41
89
69
28
6
37
61
23
51
63
31
84
95
38
75
11
72
29
12
2
30
3
48
38
95
76
27
20
51
88
64
44
77
85
73
35
23
86
59
74
49
90
59
96
80
86
7
4
67
71
6
49
27
55
88
22
83
15
95
34
55
59
79
85
45
52
20
68
90
31
94
39
73
5
87
5
91
46
9
59
17
16
8
44
23
96
19
6
64
14
40
71
73
71
56
70
75
29
38
65
60
85
4
86
90
43
91
34
89
1
93
7
69
1
3
92
50
22
50
66
36
42
37
62
14
46
32
89
75
23
55
87
8
11
73
50
55
17
84
44
18
77
3
39
31
7
31
33
29
33
99
18
75
88
80
89
34
12
79
9
35
86
49
95
97
74
46
52
91
30
49
61
60
52
0
43
11
83
28
41
16
79
59
92
67
39
33
2
3
12
63
91
98
64
86
48
39
32
52
82
15
1
44
27
6
96
22
17
32
50
10
48
29
21
92
48
12
26
50
16
90
66
7
89
30
93
89
69
78
41
52
45
95
48
24
1
44
98
70
76
48
81
77
29
54
69
77
67
47
80
83
38
46
42
79
28
87
68
50
17
61
54
14
56
2
38
57
98
36
80
27
36
13
56
17
67
77
47
34
25
79
69
15
77
11
94
5
51
14
55
68
75
9
83
32
63
73
41
14
62
73
41
50
86
49
68
54
26
67
88
51
46
10
66
23
21
12
28
24
26
36
93
54
97
28
86
13
53
79
27
15
53
20
18
91
69
86
45
95
5
86
99
51
96
17
74
17
82
54
94
8
90
87
62
88
67
0
53
72
32
80
40
37
0
58
28
21
96
74
68
1
60
19
52
8
37
78
77
19
32
71
79
23
10
94
63
77
46
16
2
78
48
42
67
0
0
96
21
96
22
89
49
34
9
1
42
98
31
19
69
63
91
0
38
53
94
1
83
41
69
85
71
69
27
91
69
27
39
90
75
61
32
76
47
93
77
41
91
60
12
12
23
55
12
62
9
59
15
92
52
37
77
23
6
4
66
76
83
5
66
10
18
50
86
65
43
15
6
34
75
71
98
50
26
11
12
35
70
80
27
22
17
56
97
23
12
16
51
95
21
