182
71
89
25
94
2
98
71
98
90
88
88
56
24
43
96
0
64
40
26
81
45
42
87
24
70
57
64
4
19
5
81
42
46
6
88
48
4
59
99
46
0
39
2
76
82
99
77
98
91
55
31
36
98
18
13
20
75
77
24
95
82
5
89
80
64
78
29
20
37
80
67
89
19
69
66
53
20
95
3
11
50
35
0
0
53
13
20
29
90
97
76
24
2
17
4
18
95
85
39
85
17
6
74
88
75
92
93
48
87
97
59
90
32
59
90
37
72
63
66
14
60
94
90
14
12
47
33
59
32
72
44
2
78
71
90
5
63
84
5
3
81
65
93
65
76
35
2
49
98
21
15
10
67
6
77
79
5
10
39
89
34
35
91
64
6
82
21
70
66
27
73
99
92
18
64
68
5
66
69
56
39
37
