511
76
53
67
31
81
60
54
1
14
74
53
50
31
67
1
0
72
35
36
39
78
13
29
45
54
59
21
90
88
98
90
64
52
57
47
33
18
53
34
84
27
88
34
58
7
88
10
31
23
47
71
53
12
0
98
67
11
71
9
99
70
99
16
74
56
63
7
26
69
94
63
96
34
49
7
93
37
17
24
12
16
47
17
29
99
67
48
10
39
9
62
61
8
78
35
16
93
94
95
62
40
58
59
26
7
18
19
45
87
96
9
56
95
27
85
95
94
85
57
85
94
19
98
54
97
85
70
43
32
65
5
72
23
16
51
31
34
22
28
74
18
89
30
14
68
67
61
15
52
18
0
98
90
51
52
39
36
22
82
68
40
88
93
63
56
44
46
43
66
26
17
37
68
99
51
36
66
64
51
70
82
4
68
24
55
72
64
91
94
98
12
34
86
5
50
95
1
48
38
67
27
55
4
95
6
7
83
72
71
35
94
6
39
14
30
46
86
46
89
32
45
1
19
83
58
21
78
59
69
16
79
48
23
35
43
29
43
79
53
14
14
99
72
5
13
3
3
51
49
92
84
46
46
3
30
4
76
8
16
97
77
95
46
52
30
41
34
73
20
39
40
34
39
12
91
4
67
94
56
69
39
92
15
85
47
45
89
23
6
57
20
35
52
66
87
35
8
73
60
80
13
0
67
4
65
58
60
84
5
16
53
44
60
69
29
7
66
70
30
72
28
51
59
32
69
47
67
29
72
28
10
37
80
77
93
45
87
54
82
92
22
35
36
83
56
17
90
23
88
73
95
68
76
7
0
45
54
68
75
78
48
37
16
28
14
61
26
1
15
8
46
38
95
82
73
52
52
15
75
40
88
22
60
64
29
12
10
35
32
37
14
80
74
82
61
40
43
87
93
11
47
39
1
42
74
74
94
26
89
21
18
30
44
78
94
73
90
56
9
23
93
75
55
19
9
16
59
52
55
53
15
2
44
16
97
18
90
91
44
32
13
62
62
9
92
8
82
35
65
43
10
58
70
65
30
79
82
41
84
89
46
99
92
91
68
41
9
10
84
6
42
97
68
56
58
13
65
93
48
30
88
58
40
59
75
70
90
57
64
74
99
10
26
91
1
94
84
63
4
68
69
99
18
89
55
76
2
72
69
2
2
