987
40
1
67
71
60
34
65
97
92
35
84
85
89
84
0
32
36
86
83
73
24
21
66
63
89
2
90
39
49
55
77
89
57
97
60
69
31
77
66
75
65
2
12
54
86
64
38
22
51
74
48
27
47
66
43
36
68
33
75
17
88
4
6
97
1
18
66
84
48
32
11
13
34
23
19
72
40
10
47
91
84
95
70
31
61
13
19
81
46
46
50
87
50
8
84
52
78
3
36
26
87
48
91
22
23
63
46
63
25
93
6
61
40
77
44
53
90
63
34
89
9
84
76
59
92
12
63
23
15
0
49
3
0
93
77
75
56
23
39
33
69
97
94
9
74
38
63
17
53
49
58
62
86
86
73
30
98
37
53
66
89
3
69
89
48
98
16
56
73
7
89
42
5
83
4
31
73
67
0
26
68
58
40
54
44
13
85
95
50
38
61
91
93
82
32
41
80
49
97
53
56
38
48
61
73
52
93
46
71
45
24
39
4
64
94
0
30
31
95
80
69
8
72
15
90
56
56
70
5
6
76
62
96
24
75
70
76
20
68
99
66
45
38
22
9
84
22
39
15
70
72
37
78
96
52
21
52
60
43
58
18
19
72
15
95
47
37
23
20
5
22
86
2
61
8
12
97
82
3
13
52
27
2
83
75
54
56
28
66
99
38
85
19
62
52
66
9
89
90
81
46
12
67
49
25
27
13
23
10
68
88
14
96
90
49
71
96
5
51
62
5
41
99
76
3
51
42
65
92
84
46
39
97
14
40
74
93
5
97
3
73
85
70
21
75
71
45
71
77
96
86
34
90
85
10
93
37
4
58
81
41
5
20
38
71
12
12
16
17
62
20
43
47
42
64
75
13
9
46
42
58
84
76
48
70
38
93
59
43
52
40
84
9
13
74
32
25
38
48
95
0
20
38
0
14
2
75
28
64
73
22
74
58
99
74
28
37
67
39
32
71
31
68
32
44
42
16
22
33
65
17
85
37
55
85
52
9
60
32
73
34
54
99
92
5
73
72
43
93
63
27
64
94
96
97
39
90
13
13
23
30
30
9
20
37
94
72
46
7
56
72
41
62
71
85
68
97
9
63
90
72
90
6
18
86
3
57
77
69
22
52
51
52
13
71
89
8
95
88
67
3
60
8
66
83
93
86
32
54
49
22
26
91
29
44
78
84
54
7
5
76
11
57
81
25
80
22
85
28
10
52
31
22
12
49
58
57
35
90
11
84
65
89
76
94
33
6
30
39
65
36
68
76
45
1
53
77
23
38
5
86
42
37
60
54
86
18
11
74
9
22
58
74
11
86
20
97
44
50
88
9
38
56
38
83
57
91
61
33
82
66
19
24
55
79
79
94
50
90
68
11
65
26
37
28
65
57
77
61
59
66
71
98
74
61
81
84
52
94
17
34
61
88
59
68
19
90
62
69
32
30
80
97
9
69
78
74
26
55
35
38
73
58
36
48
19
69
84
24
64
1
58
77
41
69
45
60
11
8
82
44
38
62
93
47
32
71
73
10
79
61
0
52
19
36
52
91
58
36
67
22
37
77
99
30
47
96
91
58
4
73
54
95
87
48
42
71
19
68
34
98
29
34
3
0
71
55
91
29
92
58
3
81
36
54
12
35
50
55
45
7
80
0
2
67
48
96
39
19
64
25
70
45
59
73
46
82
80
89
11
24
48
66
6
36
20
70
23
23
77
20
30
57
72
84
24
72
80
15
92
97
40
14
42
52
39
88
34
19
78
98
44
78
64
2
66
37
24
41
60
1
61
42
58
34
26
34
6
58
2
50
55
94
64
50
46
3
38
81
75
68
79
71
98
95
25
16
32
1
57
44
2
71
86
12
57
64
98
15
23
0
66
30
95
82
80
93
38
71
74
65
91
5
36
90
1
61
58
85
14
68
82
16
39
20
80
48
85
78
63
60
31
81
90
78
64
23
71
54
94
46
19
37
3
55
27
56
68
38
42
82
6
76
50
97
96
82
45
33
60
8
93
43
90
36
21
6
59
93
60
5
91
79
42
94
86
22
51
6
60
45
40
66
73
42
63
69
24
8
55
36
68
48
80
58
36
1
16
95
46
76
0
37
7
43
84
45
65
87
3
25
84
43
43
57
85
58
78
61
18
33
98
86
34
78
45
70
79
13
66
78
90
18
15
49
61
51
47
78
38
50
55
22
46
50
79
83
8
58
45
26
43
43
13
77
21
10
48
52
23
66
30
65
36
98
67
98
