598
48
91
62
81
7
0
25
41
7
71
33
84
26
45
47
68
40
64
15
87
44
83
20
91
98
97
99
95
31
20
50
32
64
65
13
23
65
39
16
24
62
50
8
89
95
8
9
87
24
77
74
20
60
46
12
10
44
11
6
27
32
56
59
96
21
25
19
38
64
36
63
26
38
23
67
33
83
29
72
8
6
99
28
18
45
92
29
41
4
35
69
88
43
80
84
17
5
55
55
21
43
70
0
81
94
67
66
29
48
91
89
54
90
18
25
87
10
54
29
66
41
50
54
84
30
90
1
88
46
9
61
41
79
61
23
25
81
41
7
29
32
96
36
22
14
61
10
77
67
91
95
8
41
50
44
23
40
98
63
38
7
25
80
38
86
55
16
19
96
23
49
29
19
37
3
86
98
65
15
65
56
10
25
49
12
69
73
5
67
88
43
74
13
23
65
52
30
81
71
27
56
72
8
27
9
63
65
59
29
80
24
37
43
1
87
7
71
12
12
90
0
56
17
66
31
82
70
62
15
41
41
23
66
49
50
75
64
16
35
93
48
11
83
91
13
22
99
36
34
11
26
86
19
43
4
51
77
74
65
92
16
6
15
82
7
18
9
71
34
44
17
82
8
0
26
21
74
77
9
8
40
35
46
60
31
51
63
8
25
80
53
93
86
68
27
45
38
37
68
72
33
85
7
41
37
85
14
11
62
23
71
2
11
18
14
42
21
77
50
98
9
3
92
47
24
19
92
62
8
61
87
94
98
46
35
88
31
2
99
93
25
23
47
88
93
62
30
14
91
33
12
1
88
56
0
64
28
93
79
88
6
66
82
56
64
18
44
95
20
96
40
97
19
87
86
12
1
68
78
45
1
90
98
42
99
98
6
27
43
85
15
49
3
98
58
67
68
2
14
40
98
54
89
69
94
75
81
95
96
59
92
97
2
90
39
53
89
98
80
32
83
47
34
87
97
92
6
17
46
21
57
97
27
99
66
21
74
48
69
70
59
13
20
61
4
11
14
45
9
46
29
45
46
15
84
95
59
90
13
6
63
22
3
43
21
69
16
48
69
37
70
29
51
42
42
55
54
9
52
15
55
33
60
53
49
44
49
8
87
14
14
2
88
69
45
10
91
14
10
60
51
80
41
2
75
84
9
29
45
13
96
52
47
9
6
96
53
7
56
92
73
71
47
61
92
44
23
83
58
33
96
10
66
37
64
41
73
26
70
70
39
18
23
86
27
29
82
33
88
39
25
61
62
24
22
6
69
46
42
27
31
38
89
97
27
6
38
53
32
60
23
71
79
46
58
6
27
92
91
67
83
69
80
97
93
3
4
62
1
46
42
32
36
83
82
15
89
20
