367
45
47
11
76
58
59
73
2
32
61
3
26
87
29
63
13
96
44
59
5
25
20
11
75
18
7
60
26
6
67
12
51
66
24
79
76
35
52
78
19
13
81
97
52
62
12
17
58
56
76
63
82
96
74
57
66
33
69
92
39
88
57
42
6
33
21
82
68
25
61
39
38
42
37
42
5
1
59
15
58
36
31
92
84
57
1
51
91
70
95
82
10
52
25
16
85
98
50
5
24
11
97
14
6
86
9
63
87
68
30
45
56
61
89
41
19
90
44
10
12
39
44
74
92
69
90
29
20
93
35
44
4
84
10
62
70
19
25
57
40
8
55
96
69
44
37
88
87
81
50
51
73
95
26
65
16
68
46
36
61
33
32
18
17
95
32
87
14
10
45
54
18
52
51
87
48
40
28
35
74
30
39
47
77
65
64
94
85
62
82
99
96
15
69
65
10
1
53
76
11
50
83
29
2
34
17
50
26
97
38
52
27
77
51
5
94
67
51
79
30
33
30
26
0
99
91
62
1
96
39
12
46
22
42
0
8
11
3
86
60
41
39
87
18
90
44
64
58
47
95
88
81
26
66
81
77
9
44
78
58
35
43
56
57
37
57
17
0
60
3
60
53
42
99
23
85
96
87
95
43
82
83
24
60
1
58
38
62
54
68
20
41
63
77
50
0
86
67
0
46
22
12
51
65
12
74
2
60
61
97
3
95
32
80
8
33
90
98
47
96
66
68
37
30
97
87
82
83
6
83
81
28
47
32
45
11
58
47
71
71
44
75
66
28
7
26
13
97
24
61
45
43
81
82
73
78
21
55
13
27
90
94
55
38
78
1
1
