388
70
45
31
8
50
0
6
24
49
6
62
67
21
6
32
79
43
77
88
5
5
13
75
2
25
29
95
6
4
99
62
26
96
45
87
98
45
93
22
47
0
37
14
73
95
98
52
38
28
92
95
33
6
23
87
31
52
82
37
9
33
51
35
82
97
22
80
94
68
55
93
20
92
60
45
87
58
49
78
38
41
25
23
99
48
62
83
53
97
20
62
30
24
49
12
73
24
45
67
44
0
13
64
44
73
61
83
83
10
13
22
3
39
97
3
39
60
86
92
57
58
6
39
34
8
4
7
32
49
27
76
1
40
92
45
13
53
28
48
15
94
22
18
33
20
73
24
32
11
69
89
70
75
80
56
35
84
16
67
85
43
43
86
35
87
31
0
40
12
48
55
6
71
26
91
43
99
67
75
11
36
64
33
64
96
41
99
81
57
67
18
0
62
5
87
50
88
87
42
52
88
50
58
59
76
1
2
27
69
29
38
57
45
23
21
41
65
21
74
22
40
93
75
54
98
14
56
38
2
99
91
42
1
1
53
77
3
7
56
24
36
95
81
81
70
55
22
87
76
49
10
68
42
37
22
92
51
31
30
5
82
21
47
83
75
52
12
30
59
68
54
95
15
87
28
86
42
3
25
70
52
35
38
94
24
13
86
28
44
68
33
78
42
33
61
17
37
25
47
97
93
1
44
9
88
73
47
83
76
72
53
80
60
92
74
36
57
12
64
1
80
50
79
22
35
92
39
72
17
86
21
10
39
66
71
80
91
70
63
19
95
16
99
7
60
73
43
17
37
60
70
69
62
1
92
97
93
83
69
10
22
91
73
13
9
96
93
0
19
8
19
14
77
18
21
37
43
16
7
32
28
77
1
90
79
93
87
72
