525
58
98
90
61
13
75
39
84
18
75
91
49
92
11
59
51
4
29
52
19
72
49
74
46
29
24
15
1
22
19
37
80
69
79
94
83
55
85
67
25
12
10
74
56
21
85
7
77
15
59
96
39
60
71
85
41
95
52
42
69
23
31
2
93
11
48
28
18
33
47
43
45
57
17
1
30
3
60
59
70
19
56
61
31
79
47
73
26
99
67
96
75
99
50
68
62
98
48
80
83
95
23
28
4
92
81
86
47
41
45
69
12
53
31
95
32
78
20
59
29
88
7
4
87
57
24
1
7
24
81
90
19
56
70
75
48
3
61
48
96
59
17
8
12
48
55
97
78
76
56
60
64
15
16
3
72
93
4
31
17
37
21
37
93
43
64
93
46
26
41
42
85
11
2
49
11
57
46
90
33
54
2
49
69
18
52
93
11
8
24
81
45
97
70
38
40
34
84
38
60
25
80
97
88
82
99
0
40
45
42
25
52
44
75
21
14
79
67
78
88
43
59
85
93
29
24
33
63
8
72
76
85
4
73
74
39
24
26
79
70
68
56
74
64
83
47
78
63
14
56
3
10
67
88
3
96
64
88
12
24
12
88
10
17
13
36
56
38
14
87
60
34
43
34
98
79
81
28
42
48
37
45
58
4
33
13
53
98
1
65
22
14
53
84
83
18
72
39
8
86
78
68
20
73
54
70
52
88
99
94
36
36
91
46
92
77
59
45
27
12
10
1
26
15
38
61
86
10
52
94
49
30
63
21
4
69
44
8
57
43
55
45
31
46
43
75
75
54
21
2
67
83
56
45
51
94
7
37
56
59
83
57
42
98
31
98
68
75
6
25
18
61
23
1
60
66
76
35
21
49
90
88
85
98
85
36
92
92
25
0
4
8
58
46
7
89
44
75
16
50
52
34
64
75
87
24
94
63
11
15
65
53
55
50
51
40
38
95
33
63
48
89
23
58
87
30
99
31
57
15
33
62
1
49
37
88
73
83
3
37
98
68
42
53
70
94
94
8
41
79
71
89
20
95
99
7
77
98
38
35
13
23
49
66
73
38
54
98
22
10
87
20
78
30
26
1
76
20
9
17
51
81
59
71
28
58
78
57
9
68
44
74
43
93
41
68
32
95
67
54
5
54
74
36
36
52
37
12
72
46
30
75
79
41
98
59
51
76
17
60
96
61
35
92
55
