469
57
58
93
41
83
28
82
15
47
1
81
66
49
79
60
8
48
48
91
73
79
65
3
12
83
59
3
75
33
3
99
43
13
45
84
97
25
18
12
25
71
93
91
20
24
4
81
72
52
72
98
32
37
1
96
72
12
99
47
97
54
98
40
68
95
25
65
21
95
77
98
67
22
89
39
46
93
20
71
98
92
21
82
29
22
78
53
34
78
52
83
84
51
24
52
98
1
17
71
96
46
69
15
20
59
7
19
4
27
90
54
72
11
36
53
85
15
7
71
45
59
54
29
62
78
82
61
31
51
32
28
50
54
95
70
65
2
89
69
82
31
24
54
42
12
7
79
27
14
2
24
26
9
6
88
87
40
1
71
91
86
99
41
40
46
64
5
1
53
26
83
85
2
89
79
15
96
11
42
63
13
19
41
22
25
29
62
65
31
33
8
69
84
2
9
82
66
66
83
19
92
18
56
95
7
36
10
56
47
4
71
12
75
12
35
0
41
97
17
24
30
78
93
66
80
54
48
98
20
32
17
13
2
26
60
62
62
70
18
61
26
89
73
2
53
8
54
46
57
24
23
39
2
16
5
34
23
54
32
43
38
49
8
92
75
68
54
89
90
24
2
17
13
76
19
18
36
25
65
46
49
88
85
51
56
43
37
79
49
69
75
39
71
83
31
98
52
86
88
42
10
42
59
76
18
30
94
7
8
11
53
57
99
90
61
8
33
98
87
82
68
62
73
91
98
5
89
50
91
29
92
53
72
4
29
42
86
76
1
94
39
6
52
39
97
65
99
82
15
86
17
35
1
90
26
99
95
16
1
38
97
45
92
69
49
73
64
88
1
65
82
41
72
86
32
21
51
31
3
67
69
20
2
70
63
81
21
58
97
22
97
94
20
41
16
69
66
80
57
68
97
92
9
69
78
41
42
82
72
46
1
93
18
55
16
81
36
37
92
85
12
41
32
32
82
48
53
48
80
63
68
77
7
77
99
85
70
41
19
94
39
72
88
58
80
4
91
16
93
83
54
57
24
86
41
58
86
95
59
66
10
27
95
17
5
94
54
27
88
