614
73
95
80
48
96
28
39
47
31
19
58
11
17
77
16
74
49
70
19
65
93
51
62
92
45
80
93
13
3
92
93
28
87
73
77
35
1
68
34
85
39
93
96
8
22
64
83
23
34
2
88
79
5
50
24
51
30
17
16
86
9
9
14
48
34
43
84
36
63
18
73
2
63
69
11
86
85
94
9
72
48
98
51
53
0
75
56
83
44
72
69
53
33
35
54
68
31
90
56
94
60
29
97
24
50
60
10
87
6
71
59
54
69
63
59
70
90
16
53
35
40
74
40
26
61
94
46
92
84
2
39
97
83
88
21
85
48
31
72
54
2
84
60
24
47
19
46
37
87
51
72
28
25
65
54
38
59
52
83
96
54
22
93
89
10
66
26
10
97
50
16
51
34
76
27
81
47
73
71
35
24
95
15
1
60
21
40
72
73
75
68
27
97
13
68
59
79
94
21
28
44
37
31
31
65
59
12
12
32
83
99
9
79
14
62
39
35
54
63
8
29
31
87
78
96
55
37
27
1
10
55
98
47
39
29
12
98
93
77
82
29
76
43
8
91
6
99
26
60
63
35
90
46
74
20
95
30
10
22
83
20
30
81
68
69
62
32
19
56
61
53
85
38
97
45
81
55
96
59
15
11
46
57
10
21
78
5
51
88
79
86
60
9
68
28
30
30
13
1
38
74
55
75
64
4
20
45
59
69
5
26
32
51
84
42
72
14
99
75
54
79
62
14
40
82
95
23
64
60
24
3
86
31
30
51
35
3
48
94
72
53
21
4
57
57
99
81
23
98
9
29
29
71
43
22
53
90
45
69
50
21
24
37
53
55
40
88
58
88
35
30
94
8
86
3
17
37
84
40
88
93
69
69
16
64
91
21
55
88
91
57
10
15
94
15
70
86
3
28
75
90
10
69
50
49
24
67
38
8
59
26
54
28
96
70
45
87
92
0
28
35
9
38
50
56
53
73
42
8
53
17
51
16
38
1
65
62
69
55
23
28
82
77
9
30
99
54
69
43
6
97
78
15
35
81
71
40
6
14
49
59
83
0
75
74
53
92
88
22
48
11
3
82
40
64
12
92
18
81
35
76
79
66
91
66
99
15
7
5
81
8
64
16
60
92
90
13
84
31
88
84
94
43
66
35
7
78
79
77
12
14
5
43
32
48
9
31
63
68
36
96
28
1
13
88
93
55
54
29
86
94
14
81
89
80
68
48
11
99
25
75
13
30
18
98
30
27
29
94
48
66
42
76
19
55
17
64
63
23
93
1
17
59
34
58
92
54
6
55
53
83
30
19
65
48
17
95
27
46
41
75
64
84
4
35
91
21
99
54
44
45
8
13
4
42
23
96
97
29
51
2
12
33
21
29
81
38
24
9
37
66
36
1
2
