757
36
11
66
94
25
97
23
31
89
75
61
17
92
94
52
10
13
1
38
37
37
64
82
52
78
23
26
38
34
7
97
22
19
15
16
96
12
40
27
2
15
40
71
59
87
23
22
0
76
60
90
14
76
24
66
54
47
44
44
33
4
41
56
75
57
24
71
21
16
51
75
83
43
98
43
82
22
17
35
98
29
77
64
57
1
83
12
0
79
8
34
83
2
42
58
11
66
82
32
35
85
60
18
80
58
13
63
32
30
98
31
11
75
47
69
76
30
33
28
10
41
62
93
95
56
4
6
75
38
39
10
75
51
28
55
9
42
18
42
24
68
25
88
95
72
9
23
3
42
52
65
35
66
58
31
23
14
37
50
52
28
60
79
31
40
35
41
34
5
35
11
26
12
99
21
36
8
45
91
2
49
56
37
15
67
68
90
81
58
40
86
38
52
65
70
93
52
63
79
58
50
90
84
62
89
5
50
49
2
42
51
51
50
89
19
17
9
9
51
19
2
89
58
6
54
28
99
59
43
31
17
93
21
53
7
11
58
57
12
13
51
64
16
2
53
35
71
14
97
74
34
51
63
44
57
70
24
9
29
67
40
98
60
61
51
67
24
61
76
37
74
28
1
91
82
6
78
5
72
75
32
6
78
95
2
36
17
26
45
98
93
37
96
5
98
47
24
75
9
1
12
35
81
65
78
15
23
57
72
95
84
4
54
63
52
56
51
69
83
96
68
28
33
16
86
83
16
10
10
25
63
74
12
96
39
91
11
14
48
36
10
84
40
16
47
92
72
98
14
7
46
34
88
31
50
74
67
66
36
77
43
0
52
56
96
43
47
60
58
47
48
20
83
88
36
83
81
8
33
47
68
80
81
56
63
83
82
30
50
18
60
45
70
12
1
19
55
0
79
65
99
27
85
83
67
21
66
0
82
51
47
2
31
80
10
47
64
92
77
14
10
89
11
81
1
65
52
9
17
31
26
17
10
12
52
29
85
70
30
19
21
29
73
5
10
83
52
74
75
81
40
38
71
51
71
24
16
23
85
34
6
12
3
68
76
7
97
13
77
79
33
50
9
6
55
19
42
59
45
17
93
85
7
64
36
30
40
5
5
26
39
11
90
94
31
66
1
81
79
30
60
64
80
21
23
88
92
65
99
37
34
92
74
42
8
11
72
49
16
78
75
7
41
17
1
25
83
54
6
14
84
18
31
64
92
54
4
84
19
4
74
53
96
48
47
5
11
72
54
79
2
81
38
95
50
39
20
33
45
26
99
29
97
30
94
89
84
98
25
55
2
51
61
51
52
8
56
63
80
62
95
34
95
33
30
45
25
50
30
70
29
29
0
26
12
94
67
96
44
44
4
99
96
65
50
48
73
58
63
6
72
58
40
19
92
70
16
17
73
46
87
2
27
87
80
39
33
47
88
30
91
92
81
39
57
31
87
82
41
3
88
65
61
81
84
53
51
0
22
76
98
10
78
77
49
58
17
35
57
57
17
1
1
98
40
58
81
80
92
22
83
33
39
96
14
23
50
17
75
72
94
25
34
24
2
84
83
19
71
92
28
88
93
29
86
86
39
19
18
32
41
53
65
32
49
31
55
99
48
82
24
42
7
58
19
9
94
2
81
17
46
9
57
92
39
43
30
30
14
48
62
55
1
79
87
50
10
94
2
11
28
78
5
35
88
24
97
35
78
78
52
25
39
10
17
30
5
