616
61
10
6
16
14
94
85
34
68
33
25
24
72
3
36
97
66
50
62
43
40
30
99
80
88
47
21
60
54
89
66
15
52
25
83
66
19
68
52
87
53
77
63
25
80
51
75
98
1
37
94
94
20
93
74
60
40
47
20
95
89
87
62
41
12
46
7
83
66
59
22
72
36
38
97
68
41
24
19
43
62
13
89
34
6
63
94
47
10
67
94
99
54
8
92
18
54
99
53
73
58
27
45
46
65
94
67
7
19
86
2
81
99
91
67
5
54
61
4
16
28
50
68
34
59
60
4
65
12
57
38
70
85
35
69
2
30
36
9
49
22
11
82
73
54
49
78
60
10
35
29
91
85
97
25
44
9
30
10
21
39
0
44
76
36
13
79
66
1
40
67
23
4
49
48
58
50
26
19
12
13
0
3
99
97
81
43
58
63
5
32
54
6
76
31
42
41
62
8
94
54
27
69
58
76
17
69
78
95
40
42
9
40
46
8
37
79
3
47
94
9
79
48
15
7
31
57
0
45
17
94
0
44
15
58
72
32
27
2
28
67
44
89
7
42
97
96
21
52
96
15
61
75
16
76
35
47
85
87
93
2
82
93
98
49
3
70
82
83
72
62
2
69
51
10
11
0
58
33
52
54
0
14
82
68
42
17
16
28
4
61
82
38
54
81
40
9
3
22
92
28
36
95
97
87
57
8
39
67
93
91
74
46
57
56
14
0
25
82
80
81
43
62
72
49
95
12
59
99
34
3
27
22
50
76
61
7
36
0
27
30
91
1
28
1
57
42
1
34
77
81
15
20
95
87
70
91
99
81
90
85
84
69
7
35
45
68
94
33
68
73
63
12
74
43
13
83
38
66
17
15
47
33
35
94
20
57
85
72
38
27
57
75
96
17
62
93
85
8
27
6
82
42
70
56
86
83
40
24
49
9
91
48
42
78
42
15
36
80
87
26
7
96
1
56
13
15
49
51
24
28
9
6
71
79
14
9
62
6
85
63
16
28
63
58
6
57
25
42
89
12
69
97
61
22
53
74
38
54
77
62
35
86
20
58
65
86
67
79
93
4
94
61
32
9
71
38
67
97
33
56
61
54
5
22
28
10
49
66
17
26
80
52
65
52
10
30
39
29
62
84
85
56
45
17
66
16
7
85
13
92
93
27
46
51
49
27
61
50
93
78
29
26
82
94
30
92
76
69
21
90
5
6
99
50
75
17
67
35
2
32
27
47
11
26
98
13
5
12
63
98
42
44
76
25
90
7
69
67
28
91
9
34
49
8
84
77
25
3
64
79
88
43
79
99
21
29
12
26
41
28
77
36
72
53
61
63
12
82
82
41
73
43
75
75
52
11
4
29
67
68
9
55
11
40
6
33
69
71
59
63
99
36
99
23
42
