947
74
53
14
56
2
51
62
73
67
49
18
44
32
38
4
54
48
97
61
56
7
61
55
55
73
84
44
28
59
19
68
34
25
83
42
27
86
56
52
6
58
70
50
90
8
54
96
8
52
58
17
59
71
72
66
45
8
63
25
20
82
93
54
7
28
48
86
15
5
38
73
63
60
23
5
20
30
2
81
34
12
98
45
83
22
64
80
82
27
5
2
61
51
8
69
31
9
7
98
14
46
71
29
58
95
34
79
25
88
60
59
0
10
56
84
32
20
64
66
47
22
69
9
25
77
30
56
86
37
55
52
35
78
33
94
73
20
25
50
8
37
61
9
47
18
45
31
38
61
97
38
35
66
47
60
96
29
69
34
66
76
87
54
54
72
0
80
92
25
30
1
62
92
62
61
62
7
92
0
20
41
38
56
60
37
16
8
66
37
42
85
13
81
91
20
54
91
0
46
16
82
99
30
26
61
91
88
20
35
41
41
28
31
97
88
21
65
96
39
55
91
76
20
72
67
40
26
58
92
73
74
27
72
56
5
86
99
46
6
34
39
99
15
70
96
3
43
14
52
83
69
43
59
41
67
79
34
94
37
26
19
64
5
43
20
11
29
20
57
88
6
48
87
21
18
36
77
14
2
81
49
23
24
8
64
43
39
98
37
77
77
8
41
82
52
13
45
33
33
54
73
92
2
61
13
73
49
42
87
51
23
36
74
99
96
38
43
36
37
80
65
66
41
58
48
45
71
46
78
57
0
52
49
55
65
14
28
14
57
67
65
80
55
39
80
51
29
23
39
66
55
4
32
96
62
33
41
86
79
72
43
31
76
92
86
41
6
66
55
63
33
20
96
88
11
76
92
40
51
31
59
6
88
43
55
2
76
48
40
7
20
83
39
48
27
77
89
86
44
44
1
29
16
97
70
79
25
62
20
76
45
79
35
85
22
90
40
51
90
80
58
63
16
49
11
43
79
1
81
75
97
83
4
66
32
26
45
58
88
17
86
86
96
21
71
71
63
63
22
54
44
32
17
12
34
80
7
13
81
89
40
31
24
96
97
56
23
94
66
11
12
5
49
60
26
73
31
90
36
5
96
32
90
65
44
76
45
52
89
27
41
81
10
17
77
59
25
0
53
92
64
65
97
13
78
75
38
61
17
75
19
13
7
9
30
52
85
76
56
26
55
49
59
65
66
36
24
91
89
77
35
53
95
84
18
73
60
57
86
29
32
5
43
91
14
25
95
51
1
51
29
56
0
88
73
18
77
49
10
66
79
97
71
74
82
89
99
42
98
85
71
82
43
66
74
9
44
21
61
45
73
42
54
25
83
27
96
60
29
6
78
8
3
49
82
85
90
33
79
89
70
3
71
13
21
97
23
65
19
36
63
44
78
17
21
13
96
17
25
25
75
3
33
79
52
67
16
95
52
48
84
23
3
7
36
24
5
11
42
76
47
5
20
78
74
93
43
70
11
69
48
86
24
33
17
29
1
86
24
5
86
8
28
89
15
17
65
20
28
59
48
28
64
68
6
90
62
49
13
25
70
61
11
95
94
81
24
47
67
48
53
5
56
33
94
23
50
11
96
31
71
44
59
87
65
17
78
79
18
91
4
89
52
67
36
98
0
60
98
19
60
3
24
68
88
18
91
91
30
87
22
53
84
33
40
49
2
18
28
72
9
84
13
13
3
49
64
4
61
62
23
21
17
48
89
5
18
33
48
0
72
70
53
56
55
94
5
9
64
85
34
74
21
47
39
25
49
3
29
10
17
4
84
34
52
73
92
71
58
40
23
31
63
77
87
70
23
45
32
87
82
66
13
4
13
5
29
62
8
10
25
78
14
9
64
19
34
56
42
45
49
65
76
64
94
63
86
17
60
18
57
43
36
22
47
50
27
28
64
88
90
41
66
4
2
30
75
89
39
17
34
40
35
10
4
29
25
90
99
86
61
8
81
97
30
80
99
10
8
16
50
98
9
16
54
12
98
82
1
37
99
35
29
86
97
33
16
22
76
67
60
89
75
41
38
57
21
38
19
81
6
69
31
67
37
38
79
36
20
32
25
71
67
55
58
16
40
26
39
68
93
51
57
68
93
96
77
66
86
97
0
44
66
31
11
4
21
43
92
41
75
69
65
95
76
75
11
