717
62
33
46
69
8
15
40
75
58
67
7
49
66
6
86
38
94
45
89
56
68
30
6
94
91
38
82
9
95
30
34
57
63
80
26
24
95
18
51
6
86
58
7
52
16
45
90
62
43
31
19
11
61
77
57
4
15
39
14
10
21
48
20
37
80
46
13
28
65
64
86
3
22
93
7
38
91
49
1
34
80
72
45
93
49
2
97
17
94
63
79
67
63
99
4
44
98
17
24
15
33
10
18
7
55
25
98
46
74
51
80
6
23
77
51
24
32
48
93
78
64
73
45
27
72
2
23
70
71
47
85
5
57
3
64
13
80
62
11
6
13
44
12
36
21
63
13
5
64
6
83
28
79
81
7
4
83
31
74
6
78
12
63
88
67
28
53
48
90
64
54
4
8
19
92
82
34
57
87
50
64
23
30
95
4
38
99
39
21
26
97
99
38
61
39
57
41
92
5
31
9
12
87
69
83
32
51
69
89
91
20
53
14
50
1
70
40
52
61
61
30
58
13
68
19
52
26
60
97
83
44
6
47
83
27
30
15
31
0
5
22
72
10
88
22
11
10
15
16
71
76
46
29
41
67
1
46
45
13
43
28
57
1
28
93
80
58
8
11
10
13
85
82
24
73
57
87
83
72
3
6
0
50
36
42
17
89
88
62
2
83
42
12
36
70
5
16
81
13
28
91
79
13
26
3
39
83
42
74
7
46
81
7
48
69
1
17
58
41
31
60
24
25
24
12
96
29
29
29
95
57
72
74
22
50
29
61
33
71
36
92
69
69
52
17
38
53
86
96
95
17
8
71
43
33
84
91
62
65
72
57
74
44
31
96
95
12
10
80
84
46
73
53
15
25
23
53
30
9
1
77
27
9
1
22
42
85
13
5
2
37
14
76
81
98
72
28
10
82
9
46
80
34
0
47
11
23
52
93
32
5
71
11
15
72
85
57
9
50
14
11
87
81
87
69
79
11
49
41
46
58
88
26
44
40
26
55
63
30
1
47
36
72
11
51
44
96
60
5
47
27
16
34
8
3
55
39
66
5
32
12
15
20
91
60
12
17
67
75
99
20
75
35
92
38
38
88
34
99
93
33
78
9
20
86
64
75
77
31
32
61
43
0
82
86
12
46
55
79
22
55
0
49
42
44
87
81
33
73
32
78
7
10
88
79
48
4
54
25
87
39
86
83
39
20
69
51
67
25
82
41
32
34
42
74
79
81
55
64
54
87
42
13
97
82
92
97
39
99
74
26
90
13
9
29
33
31
32
52
8
14
45
40
49
39
14
80
20
22
96
27
9
90
40
59
25
85
56
64
84
31
42
74
44
4
55
29
35
87
34
43
53
31
35
54
71
49
34
43
71
82
70
33
73
11
92
98
48
0
14
84
83
56
10
27
60
65
9
47
4
95
42
57
26
77
12
49
79
98
93
50
81
63
35
6
26
79
4
74
80
70
58
15
26
68
95
39
85
4
86
89
99
29
47
77
58
59
27
37
57
20
40
90
83
75
96
62
55
52
36
87
22
47
2
1
15
97
92
1
53
30
42
4
11
89
82
70
0
9
7
10
81
47
0
16
75
49
78
82
1
15
69
76
62
23
29
29
73
21
82
26
51
25
31
15
66
65
