391
47
59
73
5
15
79
45
59
2
36
68
13
54
96
30
91
0
58
48
96
73
1
88
52
59
2
38
80
14
64
4
61
76
29
66
91
60
63
3
14
0
71
27
6
19
58
49
71
68
49
68
42
51
56
46
10
11
36
42
25
53
46
38
29
27
57
72
87
20
75
2
72
98
81
30
17
91
79
89
60
81
57
54
32
13
0
94
24
88
37
1
41
35
40
22
63
97
95
50
69
70
4
42
69
86
24
86
77
56
75
89
37
32
43
69
46
95
63
22
84
0
24
77
88
16
0
51
65
95
53
34
65
10
28
86
96
53
73
25
9
0
15
46
33
10
67
31
6
30
5
90
83
29
19
71
97
19
74
62
66
27
97
32
37
25
70
85
30
43
11
91
96
78
37
81
88
56
12
94
87
69
36
70
99
56
93
48
27
67
11
94
46
8
78
36
85
48
21
68
44
84
59
92
14
49
73
3
5
85
49
44
6
38
14
57
46
59
6
73
26
17
19
73
77
97
9
62
98
82
82
94
67
42
86
33
43
59
36
48
96
38
93
2
76
59
60
22
71
66
47
97
83
67
22
12
16
83
26
66
18
9
60
85
3
46
18
46
57
7
46
53
97
91
56
73
3
68
47
74
34
46
23
69
65
98
81
34
81
7
0
99
68
61
36
71
59
7
69
17
66
16
70
63
59
78
88
62
98
87
88
84
85
12
53
51
10
86
85
43
46
37
95
14
98
83
38
58
42
7
27
8
75
49
23
35
28
63
49
26
50
38
11
36
2
16
39
64
55
76
59
1
13
54
67
64
90
57
22
32
65
1
93
92
50
16
27
78
80
29
57
82
19
20
70
21
88
61
37
43
37
96
96
3
3
16
67
93
73
41
77
90
