621
38
1
62
58
41
51
0
78
37
8
79
88
55
13
75
82
41
51
7
25
22
8
93
73
33
62
70
56
20
89
84
59
42
46
17
83
49
69
13
39
78
92
27
85
57
2
67
99
6
27
76
28
35
70
54
20
32
76
76
4
65
13
63
7
11
32
42
61
2
8
0
80
0
79
17
10
34
36
9
40
63
37
20
99
7
74
71
39
51
0
96
68
13
59
28
24
44
22
85
46
30
37
78
83
69
95
93
3
83
54
43
47
91
15
46
99
90
17
90
93
17
86
61
82
98
41
7
42
64
44
40
94
34
70
77
3
17
70
6
0
24
1
47
68
16
45
67
58
15
9
51
84
96
65
67
46
6
26
40
22
70
80
17
4
2
46
59
19
69
17
71
45
70
71
13
87
68
32
97
83
42
1
20
38
66
39
36
24
65
76
47
35
8
16
92
10
14
51
81
83
69
4
81
39
75
94
78
44
79
28
79
21
29
99
11
47
90
47
71
55
23
70
43
31
38
87
93
53
90
26
88
11
30
69
3
6
16
81
2
95
61
33
68
42
33
79
89
75
26
13
31
1
35
26
84
74
65
29
79
55
55
67
67
85
89
70
43
57
3
97
4
65
31
72
7
16
3
49
91
81
62
74
34
97
52
18
23
17
47
2
73
54
22
40
91
11
10
35
20
65
84
76
30
15
48
90
31
3
39
75
84
53
49
18
2
2
88
26
19
87
28
92
41
2
84
32
13
46
19
85
12
4
61
94
71
61
36
55
64
27
30
0
80
31
70
83
33
58
61
5
45
41
49
38
44
86
71
9
32
42
95
96
98
8
91
22
70
27
77
86
7
59
87
87
90
57
22
76
68
83
81
13
77
82
52
21
68
75
30
1
69
77
97
68
86
40
42
8
20
19
46
27
78
33
66
68
43
89
96
11
24
29
76
53
12
80
74
32
55
57
85
77
86
35
97
24
75
39
32
47
58
31
74
88
64
93
8
59
34
5
22
10
34
99
64
46
79
38
31
87
47
16
64
34
51
61
10
79
0
95
26
10
26
53
98
42
46
6
2
80
63
24
90
98
75
54
96
7
45
27
94
44
44
58
30
47
71
41
26
23
36
53
33
62
6
83
56
52
41
58
32
5
35
74
55
62
29
51
69
74
31
63
18
27
73
49
74
44
42
1
19
78
6
52
92
12
87
48
16
29
59
0
86
46
74
41
8
55
44
78
29
75
41
0
54
67
1
29
63
43
82
83
73
40
87
17
4
75
65
20
56
76
72
94
22
46
87
31
2
31
61
83
59
54
35
13
21
88
94
85
83
28
20
56
68
7
25
72
34
43
44
42
19
16
36
94
15
23
77
69
7
38
52
66
44
40
31
66
80
78
3
64
6
23
72
27
82
98
51
69
41
