268
6
98
74
92
37
45
22
81
81
30
53
50
30
79
83
60
63
46
89
75
28
86
83
73
21
40
63
41
75
67
31
81
65
57
25
54
55
48
36
36
78
41
38
60
20
73
20
35
19
10
10
48
48
46
21
70
86
36
63
61
3
46
94
21
56
20
75
11
20
63
47
98
56
86
11
76
59
31
64
31
93
26
31
42
72
4
64
58
41
27
71
44
25
66
17
81
86
45
92
6
60
40
56
17
78
67
45
89
51
9
20
44
36
51
86
8
56
50
67
97
29
90
93
7
56
11
88
94
56
81
0
16
73
9
33
3
28
31
92
79
40
65
24
76
16
62
85
24
65
4
73
46
94
67
53
3
30
42
97
38
75
50
54
0
59
40
55
87
71
47
19
63
12
43
40
81
57
25
5
22
81
31
69
27
50
22
30
80
16
28
18
43
78
24
43
89
16
98
28
39
98
47
3
10
42
43
43
0
20
1
22
53
32
43
80
82
18
11
14
34
91
84
30
21
8
73
10
77
24
38
68
22
86
71
84
28
66
28
80
38
81
55
91
65
98
72
47
68
35
13
55
26
97
85
47
57
58
9
34
34
47
3
56
85
26
41
66
45
