355
80
33
89
78
69
88
46
47
88
61
4
47
36
85
19
29
26
92
27
98
62
36
2
30
7
3
74
72
60
77
36
40
10
25
71
32
13
17
79
53
30
35
52
18
73
71
47
51
15
74
50
78
63
4
60
22
7
34
95
68
11
31
60
74
8
31
6
73
0
37
26
83
25
31
1
98
54
1
49
70
27
51
0
90
55
60
13
63
47
60
83
10
91
95
84
51
27
42
24
79
32
2
62
57
33
16
55
40
69
56
10
96
8
62
87
63
74
52
78
21
12
13
32
55
9
68
6
88
63
82
67
95
84
82
52
70
50
59
10
19
15
72
15
23
86
54
39
60
6
17
34
70
83
18
25
92
86
83
80
49
65
99
96
2
81
48
24
31
59
86
50
75
10
66
50
96
72
41
8
79
59
94
49
42
12
27
86
51
10
66
0
28
65
97
82
99
97
58
30
57
44
33
84
54
51
86
2
23
28
62
54
39
57
4
33
69
83
19
20
45
37
73
25
54
22
7
53
71
65
36
80
61
69
64
67
20
51
21
43
79
84
98
70
41
54
3
62
89
22
83
34
59
8
60
13
30
19
19
53
37
55
34
98
24
98
18
96
1
39
91
32
23
41
2
16
47
5
79
36
79
14
23
38
22
83
4
4
54
23
57
91
30
91
42
6
42
60
2
43
99
93
76
23
87
30
39
34
36
70
71
15
84
94
6
58
29
62
62
83
37
72
27
67
15
69
73
57
29
75
1
28
20
29
3
59
11
95
94
47
65
17
15
2
63
73
60
44
35
75
79
72
99
6
91
14
