542
31
73
1
21
12
81
21
30
52
41
41
47
36
16
80
11
32
0
3
77
74
64
48
67
63
95
9
66
21
94
60
52
67
13
25
31
94
46
61
47
40
55
46
28
71
26
39
55
79
94
84
5
58
33
72
21
28
34
40
1
80
0
53
47
13
30
31
59
29
92
58
21
47
5
49
70
83
40
25
14
35
10
20
45
43
44
19
23
30
59
24
10
11
29
58
24
11
89
35
92
33
94
13
33
99
14
3
34
55
29
49
42
91
21
87
34
17
58
9
48
17
85
58
28
66
16
4
29
57
40
22
91
34
87
76
85
2
79
19
57
60
20
51
51
93
90
37
11
49
98
59
66
83
17
95
1
86
51
31
95
91
5
86
25
92
62
62
94
94
34
3
54
54
54
6
0
45
95
11
94
94
22
12
77
39
59
31
77
11
62
73
2
67
11
80
11
26
42
6
20
28
9
26
83
16
84
35
13
80
46
59
74
68
71
3
59
31
34
89
94
48
62
48
67
25
80
79
51
75
37
23
3
98
50
38
14
34
73
79
14
19
38
40
39
10
96
51
93
82
40
39
31
2
87
50
27
68
81
31
43
70
54
98
69
4
37
35
39
10
15
5
82
53
98
21
15
94
72
8
76
64
47
59
18
87
10
98
55
43
29
50
14
83
0
35
40
37
70
31
0
85
36
82
91
34
55
6
80
80
67
57
44
66
16
63
53
78
61
60
22
90
62
88
25
63
23
17
0
45
48
52
31
37
34
74
23
90
80
4
22
47
61
66
14
29
81
19
8
42
80
82
84
42
70
10
57
45
79
10
90
28
62
73
65
97
47
40
39
28
44
13
27
57
79
93
87
61
13
95
55
93
29
40
87
99
2
45
96
81
55
86
9
17
60
26
66
59
67
57
87
63
70
67
21
2
60
60
63
73
55
18
18
84
10
58
35
12
3
31
94
10
69
55
27
29
82
46
89
1
3
28
16
26
95
37
28
8
97
43
33
4
61
4
40
24
62
27
36
17
58
82
27
28
38
6
9
72
4
50
25
8
31
41
86
78
79
14
86
28
57
72
85
70
76
77
94
90
5
83
7
15
65
86
43
3
92
5
27
97
7
52
57
38
94
43
69
25
9
55
5
18
79
90
88
7
68
35
97
25
18
4
40
35
42
36
39
35
41
18
84
0
71
93
91
17
88
60
42
97
67
99
67
47
42
55
54
62
42
52
87
12
8
