816
69
49
58
60
50
50
75
51
14
9
94
94
41
6
64
18
89
87
66
61
54
53
62
28
45
94
75
35
76
45
27
45
94
85
6
45
88
33
48
2
95
94
48
36
0
65
54
41
52
20
2
58
74
17
87
71
11
62
58
39
7
85
85
54
23
43
51
11
76
99
65
71
45
14
7
46
31
14
39
83
34
94
42
60
11
81
31
74
43
89
13
2
75
50
8
50
45
11
61
74
10
26
45
56
92
5
54
23
71
45
59
5
39
53
66
2
34
49
76
29
39
42
83
66
44
92
16
90
3
77
64
66
55
61
74
48
18
80
23
89
25
82
95
65
87
13
19
21
62
96
50
53
90
86
19
34
78
35
24
33
64
40
51
20
2
25
20
20
57
43
10
83
78
57
0
65
70
19
39
84
67
89
38
9
27
57
44
57
45
20
91
61
61
42
81
15
20
53
87
29
97
97
12
27
6
64
92
76
36
31
13
3
73
51
65
0
60
9
58
5
81
1
19
94
95
52
9
67
6
97
97
55
46
61
82
53
78
26
81
14
10
94
69
83
97
34
35
58
95
45
15
77
98
34
71
94
87
33
13
93
30
10
48
28
24
82
81
2
8
63
16
18
9
37
53
7
72
41
17
67
38
32
96
37
67
68
83
6
1
48
99
83
59
99
11
35
33
45
37
93
60
5
64
69
94
17
28
66
10
45
86
1
78
82
90
97
2
73
3
55
73
54
90
84
5
2
19
38
99
8
31
59
65
95
80
60
65
61
78
27
6
16
28
36
51
70
85
53
95
88
61
69
94
51
53
99
53
73
89
4
81
73
63
99
20
96
59
85
57
89
65
15
6
45
4
57
16
89
62
11
30
23
80
24
27
34
76
32
59
65
37
92
38
52
91
59
48
2
96
57
92
13
73
50
59
77
59
27
18
73
38
48
49
71
25
76
57
1
8
16
18
45
60
9
50
52
68
98
6
16
8
50
30
81
52
41
10
11
68
28
37
58
29
86
81
54
14
38
7
22
6
25
20
67
34
70
71
54
20
77
23
28
80
5
61
32
46
23
96
66
4
33
76
33
71
10
39
85
0
46
59
7
23
79
26
58
1
97
64
74
26
87
2
58
92
16
91
90
39
87
8
43
72
85
76
43
47
67
80
47
13
39
54
37
71
32
47
24
81
11
98
60
99
1
18
43
69
9
34
8
48
42
52
20
79
80
15
26
48
95
26
13
87
80
50
58
65
49
82
46
61
81
6
12
34
25
55
3
86
41
63
35
36
15
7
67
96
75
46
96
70
72
9
57
4
12
67
69
61
50
68
74
83
74
86
69
51
94
24
38
87
87
25
23
3
84
43
51
59
89
47
82
13
8
39
17
20
59
39
34
61
7
8
44
81
95
65
33
41
89
23
28
76
48
52
31
32
95
82
92
36
81
74
49
42
65
18
62
76
57
96
37
64
5
33
98
52
98
83
93
87
6
21
16
6
25
47
38
72
82
82
8
15
8
57
57
26
76
72
2
85
68
40
2
25
25
0
29
24
35
22
63
41
44
79
47
21
79
37
94
13
20
2
28
80
12
86
6
40
58
9
25
78
1
27
56
78
79
85
2
14
8
18
7
4
49
6
25
80
44
71
93
16
74
22
96
38
8
3
78
18
64
55
48
17
35
4
95
14
90
50
81
50
68
88
6
69
47
83
50
91
55
43
7
81
65
3
19
25
58
49
43
22
4
44
39
39
48
87
6
90
37
87
92
5
27
98
74
26
34
76
17
41
20
76
22
37
32
93
63
90
42
58
65
98
2
4
38
3
43
96
93
80
35
86
37
14
36
64
41
22
40
58
63
60
35
