908
95
75
57
18
64
26
1
90
94
72
27
64
71
22
21
76
93
26
70
14
24
93
98
75
25
77
27
18
59
25
34
55
0
91
25
64
17
27
6
64
51
86
80
75
8
1
51
53
79
21
19
3
66
18
30
91
95
57
10
7
34
96
14
35
87
39
51
56
18
10
72
22
48
4
97
8
6
48
61
85
69
32
89
35
50
19
78
98
29
40
5
63
36
71
98
75
10
2
32
81
12
56
3
60
61
0
20
67
0
33
4
69
65
93
56
16
65
86
14
94
27
71
57
63
42
8
39
4
10
23
85
74
79
40
86
92
40
6
11
40
39
16
61
4
61
69
72
26
56
86
72
83
9
30
98
3
90
37
8
0
60
45
26
92
86
64
84
78
70
48
71
61
64
32
17
77
54
90
4
10
28
28
45
38
58
43
41
48
33
1
0
93
47
78
85
85
42
22
63
64
70
34
77
86
19
47
15
73
37
71
35
17
0
32
7
10
75
1
59
60
2
11
54
1
42
91
86
36
65
50
1
87
36
30
25
55
77
41
28
66
12
15
84
12
47
43
23
75
44
34
35
99
97
41
52
39
33
91
28
98
93
81
38
29
11
63
85
89
4
65
7
69
81
91
81
80
87
56
55
31
90
43
82
40
84
35
31
17
78
59
68
71
40
6
0
52
69
37
93
26
3
0
95
36
44
28
68
83
85
24
66
27
67
49
67
3
36
51
21
14
10
41
85
3
99
37
55
20
75
0
46
30
52
93
18
48
22
86
31
7
10
50
86
29
51
6
33
87
57
6
53
67
99
90
70
98
27
77
18
54
29
65
84
34
58
2
34
32
89
18
91
51
68
78
33
19
36
18
6
93
76
11
12
75
1
35
73
80
64
91
87
94
8
71
80
19
26
14
51
67
32
95
70
0
25
3
19
61
73
77
54
49
40
66
24
41
53
49
74
18
93
61
64
1
84
44
72
62
58
24
29
91
71
0
43
96
55
63
57
29
92
11
30
33
29
55
26
35
56
52
53
49
65
69
3
50
13
75
64
23
51
94
66
22
46
10
18
1
25
75
82
17
38
13
2
20
20
29
7
76
81
60
26
47
29
81
49
94
56
13
17
8
59
84
30
5
94
1
59
19
28
41
88
19
54
91
91
74
72
98
3
53
58
81
52
39
62
1
33
18
67
2
78
26
86
61
32
32
62
43
3
42
84
44
61
91
35
52
17
7
50
20
12
60
1
65
51
15
18
36
86
85
39
64
64
77
25
48
62
39
91
65
82
75
9
43
18
96
48
36
55
98
56
68
11
10
85
62
25
3
51
11
41
90
76
5
19
53
53
81
93
44
47
27
71
8
70
90
5
18
26
60
69
34
80
32
44
65
94
22
21
45
33
14
87
61
19
7
15
24
88
60
20
87
87
43
96
9
85
53
80
63
65
49
98
98
81
94
63
27
16
36
25
2
50
12
63
21
71
30
97
12
90
69
99
29
13
47
39
98
52
19
14
70
20
12
68
1
58
31
80
75
20
5
77
70
70
40
44
41
23
93
5
13
63
57
95
76
4
34
26
9
5
40
79
25
4
47
78
63
30
58
90
50
16
67
73
38
59
69
79
82
62
37
48
25
94
43
53
98
29
80
59
34
72
38
59
29
85
89
44
16
99
34
18
67
53
91
5
12
60
37
47
23
74
47
0
68
90
54
18
19
86
78
5
10
16
16
39
54
5
83
70
56
69
40
24
22
32
29
87
44
66
86
19
40
33
20
8
75
74
79
46
12
57
51
22
25
19
14
79
24
49
1
32
19
42
56
93
26
86
80
70
4
18
90
97
51
62
5
78
88
36
24
0
93
27
22
19
46
36
50
22
86
52
55
57
46
63
50
72
1
83
42
6
1
84
3
5
46
60
83
86
97
60
86
42
87
61
13
86
49
64
8
87
68
15
44
14
79
47
86
80
30
80
38
83
65
41
88
63
54
24
50
51
36
88
45
23
49
59
61
51
75
70
38
43
37
35
9
16
34
95
49
64
27
87
99
92
81
40
8
35
64
10
38
0
98
