401
15
54
47
69
87
2
14
60
48
75
39
78
14
11
36
48
25
49
16
81
54
0
94
67
7
36
90
22
67
91
46
34
97
94
3
84
96
70
44
96
45
83
27
11
47
63
11
72
12
27
5
18
79
99
38
86
87
28
8
7
71
54
41
68
0
97
52
96
19
48
45
64
83
72
27
30
87
38
2
51
17
7
22
96
58
60
82
98
40
90
5
11
96
46
79
97
95
83
45
14
31
90
78
66
14
57
97
1
47
51
5
64
59
27
60
69
87
94
67
27
36
72
90
33
71
21
82
66
4
27
81
87
70
11
53
84
21
50
38
68
2
43
33
13
22
45
34
61
40
2
40
28
26
30
61
49
51
43
68
7
23
49
94
93
12
47
29
85
50
19
54
4
14
39
69
36
84
3
49
76
57
89
5
36
71
18
85
22
14
53
29
37
54
75
82
19
75
63
4
25
83
58
81
97
97
50
86
34
5
35
10
63
77
67
51
48
86
36
23
0
42
52
37
48
80
71
67
55
34
72
32
17
82
13
67
32
15
53
18
20
40
28
35
17
96
86
18
34
75
41
34
69
93
71
17
73
94
85
80
28
9
12
98
43
25
65
27
92
70
45
13
10
26
0
80
74
39
98
8
66
39
42
35
84
65
52
10
59
89
90
39
98
55
37
94
32
2
21
25
24
67
90
35
45
42
67
19
81
65
27
47
56
21
82
40
86
87
2
97
76
45
36
27
0
74
21
32
28
42
9
53
61
99
40
6
42
7
25
75
72
4
23
80
25
57
72
11
96
75
60
73
20
97
0
72
71
21
4
51
15
14
4
77
65
44
83
7
3
9
83
27
65
58
7
91
67
80
54
64
7
15
37
27
12
89
99
35
62
55
86
77
21
43
54
87
39
38
46
43
99
81
