302
99
91
92
45
75
19
84
64
61
46
34
64
30
82
79
80
74
12
25
94
45
85
62
70
11
59
29
82
57
81
18
8
24
10
5
99
81
90
15
95
36
49
59
18
83
90
50
58
54
75
52
99
61
66
22
24
26
3
6
35
36
24
96
60
34
1
11
68
43
26
63
79
27
22
49
11
65
99
69
19
27
73
19
40
91
41
64
17
96
22
5
33
98
53
93
84
6
5
52
50
83
15
29
11
90
31
22
55
30
43
74
9
68
45
49
59
38
65
29
35
39
86
68
37
39
61
22
45
18
74
95
2
42
77
65
32
8
87
39
90
82
65
0
50
11
1
9
49
19
90
36
58
76
4
96
15
18
70
13
88
44
8
90
38
37
55
22
97
94
61
88
76
27
40
78
90
93
40
91
12
30
28
71
7
84
19
74
54
89
87
43
85
48
85
76
85
93
98
35
87
12
23
16
91
15
94
81
8
34
24
73
65
52
96
24
89
67
98
43
56
86
86
93
86
24
21
71
17
20
6
56
84
81
72
75
48
19
8
9
5
32
82
22
37
78
46
26
97
97
69
53
83
8
98
69
84
20
92
1
92
51
57
76
84
82
3
85
1
11
94
58
43
28
81
32
58
27
58
55
24
80
60
59
40
10
80
24
30
25
25
74
28
34
2
64
16
5
49
69
16
43
28
