841
63
78
66
87
48
29
56
76
27
90
18
84
62
48
22
9
36
94
53
59
46
39
18
34
86
19
9
1
1
64
91
65
95
9
4
95
39
13
72
18
3
42
2
17
91
76
26
79
70
32
91
16
23
9
50
10
28
59
11
30
76
54
47
71
16
51
66
55
64
90
25
68
33
27
85
76
3
64
55
73
48
46
41
71
8
43
81
36
2
44
18
30
51
17
1
67
69
20
74
85
62
99
5
95
78
43
23
81
7
79
6
55
77
99
26
37
42
60
26
96
56
44
27
59
62
80
78
83
0
52
68
63
3
26
10
81
69
34
14
76
65
72
83
94
23
9
32
65
21
10
62
30
54
41
89
68
21
68
3
22
72
24
37
76
50
99
9
19
85
76
47
50
0
30
97
24
91
81
89
13
91
3
95
97
44
84
18
66
52
21
40
77
97
29
5
47
28
14
18
14
42
65
16
43
95
13
19
39
46
60
4
37
64
99
87
60
83
5
78
88
78
70
65
28
99
22
27
28
36
46
42
31
63
58
74
11
24
45
50
70
5
54
60
21
5
47
82
40
4
12
28
82
83
45
62
82
67
90
10
56
36
4
87
99
15
13
10
91
58
12
61
63
18
73
85
23
20
19
64
76
31
44
11
66
42
73
49
61
63
11
69
99
68
56
51
83
21
13
26
79
78
87
95
96
13
32
20
85
3
36
62
86
32
73
53
74
46
54
88
62
65
57
13
85
14
64
68
87
30
94
19
8
34
14
4
99
98
76
84
1
64
98
39
97
71
92
23
70
46
11
32
64
69
97
49
35
62
70
22
44
16
41
52
2
7
8
1
57
37
38
10
1
36
50
50
60
42
74
30
41
85
14
57
54
11
6
41
25
28
64
69
45
57
73
47
17
82
1
74
71
39
85
72
75
35
23
35
29
49
17
22
86
83
79
93
47
86
34
24
66
98
46
11
8
19
11
25
53
12
99
24
51
84
49
78
71
24
66
1
73
35
23
59
19
55
52
18
93
39
42
59
89
88
71
97
60
82
22
13
46
74
90
49
10
39
27
82
15
45
35
88
81
10
99
0
65
4
18
58
43
12
18
32
1
89
30
13
23
4
26
69
30
68
70
41
7
97
75
22
43
10
62
24
20
14
76
86
18
46
44
61
58
14
45
11
55
27
24
78
84
3
99
14
71
69
55
31
19
30
5
14
92
68
90
13
82
66
51
52
64
47
65
22
62
10
86
69
90
62
48
74
17
99
88
41
21
96
72
40
78
77
6
71
97
96
36
31
14
39
83
78
86
48
52
0
11
38
70
1
53
70
75
70
21
15
11
42
63
35
34
94
65
40
17
62
88
53
46
2
92
81
80
30
82
33
83
93
23
53
46
76
75
73
99
96
88
62
39
4
98
25
98
63
66
15
77
54
20
75
9
64
57
89
94
39
22
77
84
46
82
30
74
57
55
73
54
43
36
45
99
86
70
97
1
88
12
78
95
32
6
4
96
63
93
43
54
68
72
90
66
55
20
40
64
75
66
18
70
54
15
70
40
38
19
41
26
32
71
21
16
77
77
65
92
23
8
98
91
80
88
57
87
60
49
52
35
15
22
58
21
38
80
61
76
99
54
54
83
26
28
52
55
5
17
0
28
25
98
19
57
87
28
45
47
78
49
35
45
71
45
67
61
25
80
89
76
35
44
60
13
72
12
68
29
81
68
58
58
19
29
15
6
10
12
5
40
61
40
37
85
37
4
98
62
37
88
39
72
32
51
85
56
15
5
37
96
26
95
54
45
77
21
3
87
34
60
27
47
53
16
32
90
21
31
53
10
71
44
82
55
47
19
11
62
76
0
58
2
96
64
99
25
85
54
64
19
15
43
19
20
59
51
10
32
34
15
42
57
59
24
12
