731
66
28
46
57
37
1
24
58
54
0
56
45
1
52
98
50
73
40
30
86
17
82
71
1
62
50
17
46
61
72
27
27
52
73
36
89
26
13
0
32
13
56
78
66
61
28
68
34
68
98
72
86
33
43
87
95
46
57
41
7
81
20
87
85
93
23
26
71
36
26
3
1
83
81
68
44
62
36
30
30
87
2
68
20
97
8
15
43
17
8
3
50
28
90
35
73
65
13
44
54
92
99
55
75
33
75
71
95
12
53
25
99
7
46
71
4
54
38
0
23
46
3
73
26
45
60
99
10
73
95
64
65
94
72
92
27
47
15
74
59
20
0
10
27
98
33
84
4
71
36
27
17
39
0
95
84
60
46
46
85
41
63
51
88
35
95
67
82
11
42
94
31
94
56
11
92
90
95
96
61
83
23
31
22
75
26
58
87
73
56
72
66
19
75
6
54
71
74
89
34
16
35
17
10
91
28
54
81
75
50
95
58
25
26
32
0
4
42
87
29
99
11
48
18
87
54
25
10
28
14
96
96
49
13
58
92
94
12
74
69
62
21
80
87
99
12
39
3
55
78
85
6
90
33
24
29
39
49
91
20
15
87
16
16
0
75
9
46
39
35
68
2
56
48
41
7
12
33
62
19
11
47
25
53
32
2
34
24
3
25
44
19
12
12
87
65
87
48
11
79
83
79
81
91
79
74
98
92
59
13
63
23
60
89
76
45
91
63
69
46
88
13
65
53
25
5
70
65
53
33
44
37
65
77
80
44
3
31
88
15
44
52
38
56
93
66
1
36
29
22
82
18
87
0
23
65
5
93
82
58
26
26
47
91
55
80
88
10
11
76
25
7
80
63
63
73
82
17
9
11
39
44
81
27
44
4
44
49
49
26
59
76
4
59
19
11
91
7
21
2
36
99
61
16
14
24
90
96
41
51
8
33
95
41
12
39
98
56
40
47
82
52
75
38
63
47
49
54
54
70
8
42
21
69
59
36
93
1
32
87
52
92
72
48
86
84
39
84
92
32
83
74
84
59
64
47
6
13
53
12
83
61
7
57
30
66
93
75
67
77
14
71
22
86
19
8
70
11
44
62
43
27
88
79
86
52
78
44
17
31
9
53
92
16
10
74
34
3
49
1
32
64
72
54
50
44
62
73
7
6
87
2
86
28
33
24
32
11
21
50
94
30
3
38
98
65
12
32
68
61
85
0
77
9
7
80
53
21
5
12
80
92
14
66
72
47
90
5
10
11
7
4
93
62
42
91
27
6
75
47
20
60
99
97
70
6
29
75
80
34
40
60
27
6
26
51
54
68
8
16
80
67
21
25
29
15
17
8
22
44
7
42
57
7
91
27
65
21
54
45
7
46
57
86
53
83
38
7
4
46
75
84
14
48
9
95
64
78
56
38
75
63
32
32
70
75
11
88
48
65
85
56
12
43
42
17
78
80
76
82
79
51
18
45
0
80
40
16
10
96
54
85
60
38
17
82
13
28
22
62
46
8
70
10
3
12
27
81
93
3
64
72
54
34
17
6
14
9
22
25
58
28
62
18
18
80
52
84
8
75
46
54
35
68
64
38
80
43
19
73
46
35
97
53
22
66
59
36
28
34
13
86
62
76
56
81
8
8
65
16
35
63
23
70
31
39
60
11
83
80
37
