193
75
26
5
8
6
97
94
79
51
56
27
62
86
67
83
60
22
18
78
58
57
78
29
53
86
99
17
21
77
87
66
4
65
71
13
23
21
59
55
24
15
82
86
53
1
70
14
75
88
92
33
97
22
62
2
61
61
19
34
90
59
0
95
24
24
60
48
45
19
3
21
87
37
8
40
38
30
6
14
70
50
99
19
73
14
21
86
75
93
20
18
52
20
65
28
44
25
28
41
44
83
63
83
72
23
24
11
5
82
77
27
33
28
46
6
42
19
92
70
64
64
88
68
84
53
49
81
78
77
74
74
13
37
58
85
12
34
48
69
16
77
96
49
6
94
7
48
14
51
18
30
15
58
99
52
11
48
33
41
77
59
16
90
49
26
76
61
60
24
31
76
2
27
78
8
74
85
8
40
37
79
70
4
37
21
56
1
69
41
42
47
1
10
