950
19
66
94
65
92
76
75
58
26
32
78
73
74
37
94
5
30
6
65
20
38
83
29
65
75
43
22
56
6
58
77
78
24
71
95
68
47
71
26
25
55
56
51
29
93
45
34
75
3
51
48
41
86
77
59
13
73
81
22
79
39
99
9
15
22
5
84
70
28
10
47
83
19
98
13
64
96
99
40
99
3
88
93
89
65
52
55
38
33
77
70
24
76
79
39
98
36
23
20
64
86
68
48
5
66
13
69
14
64
9
14
67
49
59
9
15
11
64
5
44
41
27
68
69
59
59
67
95
83
40
12
21
8
12
78
26
25
47
41
41
9
7
9
58
66
18
25
77
82
83
73
75
10
93
44
21
52
63
17
87
3
81
60
63
93
38
90
70
86
83
11
47
42
20
57
60
90
83
89
24
18
62
99
80
7
95
2
11
59
71
51
14
52
11
78
97
50
20
67
88
3
30
35
97
3
44
57
93
79
46
70
97
60
69
78
67
17
32
30
28
3
81
42
7
93
72
4
95
92
23
83
47
53
70
44
56
66
1
2
46
99
72
95
59
93
73
78
10
57
9
90
12
42
85
19
35
57
75
82
2
98
17
49
52
39
46
60
6
99
62
52
99
34
47
10
80
73
89
90
82
50
33
95
92
18
14
80
75
90
62
29
40
32
79
44
71
77
5
77
76
19
81
27
6
81
38
86
54
79
28
88
29
61
83
73
79
98
53
7
40
68
36
80
0
67
25
71
96
82
1
73
1
82
52
7
15
42
45
21
21
74
10
2
35
93
28
67
91
81
74
83
1
62
64
1
82
41
25
78
23
26
3
24
60
56
84
76
98
29
97
72
55
7
26
43
1
54
10
44
88
36
80
89
98
44
43
80
37
68
11
60
46
14
36
6
22
72
34
73
2
84
45
9
91
23
52
44
30
62
41
18
98
21
59
49
17
2
81
54
70
92
14
16
59
2
75
81
75
61
54
29
45
51
38
37
75
91
33
57
5
74
27
56
47
86
5
64
89
38
70
11
83
36
80
42
39
7
23
14
68
30
43
14
81
81
3
8
24
36
65
30
63
92
38
62
31
95
79
72
33
49
83
16
86
15
10
77
74
34
91
43
16
86
57
49
67
12
58
44
0
75
26
63
20
64
78
51
59
57
75
44
58
10
61
96
26
71
73
0
57
64
95
25
50
4
75
70
16
85
66
17
12
92
32
32
8
10
35
19
67
10
63
78
73
76
74
99
0
48
51
9
64
47
35
67
51
62
37
68
47
55
37
59
99
69
44
7
32
31
78
99
94
93
29
67
70
4
66
22
52
69
31
16
16
18
83
68
80
72
88
79
79
25
39
78
46
35
37
78
66
15
30
12
9
59
79
31
63
97
53
67
67
36
84
35
7
19
3
87
92
43
67
71
20
58
2
67
45
39
97
11
55
27
24
16
39
55
47
2
53
52
70
72
40
6
7
47
25
63
35
69
6
54
93
79
64
47
98
9
86
95
72
93
75
48
9
14
4
8
68
9
12
90
81
53
96
88
0
74
51
87
95
58
41
88
89
57
35
87
66
74
82
39
67
57
39
29
23
43
37
92
52
50
82
33
3
31
22
55
5
25
43
0
35
84
41
24
42
28
11
60
2
46
51
22
55
91
51
79
86
88
71
39
90
5
24
93
36
98
49
41
24
44
94
59
28
35
36
22
15
99
35
18
45
86
40
1
29
91
32
16
31
55
7
22
60
31
67
49
82
68
42
6
12
36
17
93
23
5
15
39
5
2
57
50
41
49
3
70
92
35
38
23
90
45
97
3
29
65
52
11
85
94
69
98
83
38
91
6
44
58
45
1
13
54
51
54
55
7
24
47
42
63
23
85
60
72
88
89
37
92
52
75
86
73
73
69
64
16
28
8
26
73
9
39
80
12
93
35
19
70
35
14
85
10
99
45
82
87
87
72
79
91
47
17
17
72
39
81
88
67
89
14
92
50
6
24
14
99
60
86
21
47
0
6
57
99
4
91
38
43
63
69
86
10
38
3
82
77
84
22
96
25
89
89
75
95
13
42
46
25
28
68
24
28
26
33
27
30
25
17
25
88
86
12
51
24
15
85
54
0
60
50
25
49
91
53
44
57
47
42
34
75
10
59
55
89
92
34
19
