607
50
77
57
37
31
31
40
57
70
62
42
68
75
58
8
2
27
5
81
57
43
69
4
78
20
84
21
82
53
26
68
3
3
25
92
87
56
33
96
79
47
38
47
75
48
55
77
28
12
10
37
55
79
93
85
52
77
7
86
30
85
54
85
40
32
77
79
88
62
76
19
62
66
66
37
15
73
66
95
85
76
32
92
8
25
30
60
54
89
46
84
74
53
21
14
85
50
46
25
65
22
45
27
88
63
16
55
37
82
50
74
10
34
19
18
11
49
30
65
38
29
1
64
82
22
30
67
25
76
44
90
98
89
17
39
53
85
94
42
67
97
68
29
83
87
48
47
88
78
64
26
7
66
42
89
40
73
8
65
49
53
55
0
94
24
39
99
9
85
93
28
34
62
58
18
49
6
65
38
36
29
16
44
47
59
85
40
32
46
5
33
99
13
33
45
37
24
45
47
10
38
27
96
52
85
14
2
43
31
92
80
13
60
24
12
71
61
52
3
7
58
89
58
71
74
4
60
99
1
59
61
91
87
57
44
72
24
98
16
7
90
96
20
2
72
85
74
85
37
29
93
47
18
51
70
93
7
31
44
60
90
5
52
77
62
48
2
38
46
18
46
88
66
18
90
90
3
16
75
41
46
68
88
16
72
59
9
31
42
53
44
32
10
96
62
25
96
64
63
42
34
61
82
52
80
72
42
83
89
69
76
87
90
17
3
62
28
65
45
70
18
89
54
81
37
68
6
33
84
69
27
18
31
9
22
63
34
16
98
75
86
27
62
76
44
65
90
24
82
87
94
1
77
0
34
66
69
40
52
53
61
79
24
44
41
46
7
27
63
58
2
1
85
64
77
29
81
19
5
64
6
99
17
35
51
3
2
20
43
6
74
56
37
50
1
78
96
60
57
11
18
59
12
55
75
41
36
9
12
41
25
19
40
94
54
44
97
8
64
40
66
90
96
4
40
49
34
89
10
92
52
80
51
17
36
79
58
72
88
71
14
65
42
6
59
48
50
56
9
67
48
75
57
96
79
50
46
66
91
8
58
43
88
61
60
76
40
71
49
80
94
15
45
36
73
4
36
24
12
45
43
60
21
52
57
0
2
55
66
45
63
76
89
3
38
1
80
30
72
81
63
18
96
60
54
69
17
43
45
29
88
88
90
9
41
99
62
95
54
80
41
17
57
30
72
47
83
52
29
56
33
44
26
81
5
33
3
22
76
0
51
64
89
93
74
82
92
88
29
98
68
70
67
77
52
40
76
36
44
58
44
30
2
70
11
7
3
66
29
79
67
33
96
8
26
22
42
71
10
71
21
30
42
89
60
46
81
36
82
25
94
78
55
97
49
19
56
4
37
86
36
4
71
32
64
49
54
