467
73
35
61
14
27
98
82
10
27
83
79
22
50
87
86
35
80
58
0
47
8
4
22
55
33
57
54
30
12
87
71
38
22
84
52
2
34
34
12
61
18
43
36
20
30
74
55
62
33
8
10
93
12
32
48
46
41
54
28
5
42
52
43
16
36
95
18
71
82
82
84
52
25
72
72
7
47
79
22
32
87
32
25
0
16
26
98
57
80
26
14
22
78
58
91
67
5
9
90
87
44
26
91
69
99
63
29
98
43
51
30
30
35
7
82
51
33
80
60
14
59
74
88
89
84
79
56
42
41
98
81
85
25
73
6
76
88
35
74
31
38
56
14
73
15
48
24
49
81
36
15
40
63
3
81
47
35
90
89
76
88
71
13
65
96
19
41
84
7
67
68
45
75
34
19
91
82
95
92
63
32
7
55
47
62
37
46
97
79
36
25
67
59
38
85
55
58
78
91
17
46
59
62
73
93
81
64
76
29
56
91
13
15
47
60
78
36
6
27
67
94
53
86
5
43
71
60
53
50
4
70
48
63
33
21
57
66
38
85
95
46
28
8
62
27
20
92
63
27
71
30
21
76
69
27
20
40
39
73
90
95
44
90
59
77
12
68
95
50
5
91
96
33
51
10
61
72
2
76
51
74
59
24
50
28
51
22
20
43
96
63
38
92
53
49
69
65
69
16
67
74
7
64
60
11
26
21
35
29
49
86
55
60
10
57
88
14
80
61
9
28
24
99
20
77
49
41
95
18
57
62
45
17
78
5
28
5
78
63
34
79
1
41
40
11
50
80
25
30
41
34
10
65
34
30
43
35
71
38
5
81
0
50
98
31
7
78
36
37
93
70
17
94
63
57
57
13
89
83
96
31
69
6
96
55
37
91
90
60
81
48
41
34
98
91
65
58
21
1
95
14
23
12
60
86
21
18
51
11
53
47
42
74
6
90
30
95
34
72
7
15
20
1
49
71
92
14
29
66
15
24
80
90
89
93
76
10
63
80
73
68
79
15
42
85
58
24
80
92
97
88
7
17
89
9
88
33
23
69
99
91
94
32
81
83
25
10
