397
50
19
7
84
80
54
15
86
53
89
2
20
63
5
5
33
29
34
36
40
77
41
54
59
98
72
97
76
50
59
37
0
79
44
36
11
98
52
97
51
41
99
23
56
5
80
41
86
14
77
78
43
18
32
3
68
5
52
44
7
11
81
8
42
77
96
53
75
48
51
78
41
2
53
49
59
33
90
97
99
67
76
43
37
8
46
5
65
50
1
73
61
34
33
4
11
29
9
86
30
60
16
23
15
69
73
74
54
63
24
54
31
0
97
20
60
95
26
26
45
27
99
58
62
32
62
73
13
72
12
43
84
80
67
51
2
40
78
56
55
2
62
38
54
59
59
14
6
85
40
3
64
91
62
78
75
76
4
89
0
68
84
37
48
3
88
50
95
18
7
51
20
69
89
26
81
48
41
39
85
81
43
2
25
57
80
0
33
84
41
34
52
26
23
53
81
63
3
77
82
62
28
54
84
69
81
17
70
22
56
7
55
51
9
32
8
42
33
42
78
74
28
31
52
51
36
34
14
91
11
48
54
91
55
90
12
36
7
34
10
15
42
17
67
3
2
75
45
35
69
24
61
97
7
66
0
95
0
67
86
63
67
92
6
22
82
70
10
41
5
72
9
99
42
76
54
44
3
52
31
73
28
92
22
87
10
23
82
62
90
20
77
57
13
35
32
47
6
42
41
63
15
50
14
57
78
68
53
81
72
84
54
0
28
77
39
39
52
21
1
94
94
31
51
7
66
83
6
72
78
47
87
93
49
1
2
27
22
7
61
94
91
67
47
19
96
86
10
48
8
64
42
2
95
46
61
61
81
19
86
59
19
73
4
68
75
58
48
97
65
61
43
56
28
90
28
25
77
90
25
37
54
68
39
1
66
52
15
47
71
1
59
90
74
63
11
1
