418
11
4
14
72
50
26
5
41
10
74
54
30
11
27
81
72
39
90
2
65
9
62
80
77
32
29
43
53
3
14
17
15
70
31
39
21
9
45
62
71
71
68
1
34
48
82
6
39
25
9
5
34
71
85
63
55
66
7
60
70
73
78
37
95
9
76
16
71
73
30
42
97
51
96
31
51
30
38
90
55
99
47
41
70
85
5
77
51
64
37
73
89
15
10
84
77
39
53
48
12
35
42
9
86
38
41
37
69
31
28
76
30
75
18
52
60
75
29
64
91
66
37
32
34
0
16
63
39
21
63
3
57
5
13
43
96
6
33
65
89
13
93
19
40
11
71
53
38
52
17
29
18
6
61
4
6
30
67
97
3
30
1
60
36
66
56
84
72
41
49
61
54
94
32
46
6
55
99
96
7
68
78
77
75
39
82
33
21
49
31
77
32
32
37
68
50
45
4
22
86
5
35
92
99
19
39
57
74
90
54
33
59
32
10
86
23
92
19
97
94
2
74
26
86
63
46
36
9
50
10
47
55
45
40
54
16
31
12
90
73
18
23
32
50
86
18
25
30
90
22
24
92
96
2
79
60
0
15
21
50
26
68
57
23
60
64
40
43
28
30
17
46
6
49
48
44
20
73
74
10
96
51
2
92
53
81
4
54
97
25
56
75
46
14
98
6
30
38
50
58
21
19
4
79
68
52
23
40
77
97
50
73
48
5
18
54
86
22
60
35
0
68
10
46
34
61
4
64
99
6
22
72
25
78
51
46
82
74
38
60
24
89
33
24
94
3
30
32
78
90
20
78
59
30
76
45
43
32
10
43
39
32
67
16
63
19
14
45
45
53
5
21
94
91
46
40
94
76
72
72
19
44
2
30
75
78
75
18
63
85
13
54
70
81
22
33
52
37
30
97
42
88
19
36
79
17
28
73
45
52
98
64
97
0
46
24
31
22
