382
90
4
34
48
72
42
1
72
50
3
9
87
21
75
73
95
43
29
71
81
62
85
60
83
25
26
68
47
59
21
39
50
25
73
50
49
68
51
22
18
7
83
57
80
58
82
76
53
63
99
34
26
84
47
9
61
25
29
60
84
3
52
34
80
25
36
30
45
88
52
15
47
35
72
27
46
55
55
51
18
54
86
96
90
85
58
51
10
39
64
46
42
16
33
23
93
69
53
91
9
57
6
56
44
31
36
42
38
91
94
56
46
32
5
36
17
15
40
79
54
4
25
49
72
58
72
17
80
77
8
89
86
15
46
30
98
34
73
36
25
67
44
71
99
49
8
68
16
0
47
23
56
24
72
28
35
96
97
15
73
6
4
11
73
2
41
71
36
66
59
62
85
3
85
84
5
45
4
21
45
3
44
1
28
16
81
63
64
79
30
89
85
86
0
10
89
42
33
77
60
92
39
46
95
77
30
52
22
87
74
68
90
70
69
18
39
51
33
3
82
15
93
19
2
93
29
91
87
14
68
48
6
60
94
53
37
76
58
11
15
32
79
6
54
1
76
93
4
10
97
86
25
42
5
79
35
86
22
75
0
91
75
58
3
21
63
92
97
21
3
65
5
35
71
60
88
47
5
92
9
2
30
87
44
87
66
32
73
89
59
25
32
34
35
87
55
50
79
4
24
34
69
81
21
92
41
9
40
47
53
49
1
83
88
98
70
55
82
43
96
41
20
28
27
7
15
34
58
46
38
82
32
60
63
54
52
57
15
92
56
69
94
9
52
34
59
75
89
93
18
37
86
91
65
13
98
32
47
8
30
38
90
15
98
6
21
50
15
36
95
23
5
41
84
10
75
44
85
17
37
55
54
