952
51
96
33
2
83
61
41
77
63
75
35
17
37
43
83
15
77
29
38
92
45
60
52
63
70
70
95
46
10
58
4
61
54
38
63
89
51
56
19
14
83
54
31
72
97
66
40
26
47
30
19
44
90
71
8
13
93
55
59
55
13
16
68
20
6
83
9
57
40
28
24
75
82
55
0
31
74
92
58
21
22
77
18
64
0
78
77
45
33
89
0
98
5
68
18
11
51
80
68
43
60
92
19
95
0
71
26
74
63
36
47
85
13
65
49
65
95
79
10
28
68
10
27
73
78
97
84
82
77
4
25
38
49
96
33
49
67
11
75
82
48
74
67
13
92
69
79
87
0
41
68
68
4
95
41
34
44
77
16
22
33
42
12
82
38
97
31
58
8
58
40
8
33
60
22
77
81
53
64
81
46
32
49
50
79
42
85
24
71
53
98
4
95
10
87
86
59
70
96
67
81
36
76
66
48
50
43
29
55
59
10
1
44
59
4
23
53
89
99
24
42
49
29
90
11
68
28
70
90
24
90
71
12
66
37
61
68
80
90
75
92
1
76
36
12
80
11
66
21
63
42
16
12
71
58
24
91
86
46
82
62
36
53
74
54
91
35
22
23
26
97
67
79
26
3
91
58
15
9
32
78
52
48
42
75
58
18
19
44
65
1
6
1
54
32
56
97
68
30
73
46
28
40
25
6
96
68
64
11
30
96
41
34
96
35
61
54
54
80
50
19
81
8
20
88
41
28
37
61
59
62
7
39
3
84
45
51
4
61
14
86
58
55
20
6
42
82
13
96
62
63
15
96
24
88
36
17
16
73
78
75
36
37
66
91
73
11
42
77
73
56
16
83
63
36
89
5
70
54
54
85
70
69
33
94
9
69
11
78
42
41
5
30
78
72
21
51
83
15
80
8
23
96
91
38
85
33
96
55
87
50
92
9
71
25
3
33
94
66
11
89
7
16
19
85
88
93
88
24
60
21
32
36
17
76
74
54
9
22
62
48
24
54
58
48
32
13
81
78
80
92
67
87
60
39
25
49
84
65
25
44
86
57
80
56
33
7
10
94
81
24
95
6
79
53
6
63
66
87
41
98
31
9
86
91
0
63
92
84
28
17
80
67
27
13
23
12
72
85
7
53
10
2
11
41
7
17
4
73
4
97
24
87
58
10
79
58
25
71
94
5
41
75
72
68
88
47
80
60
85
39
13
47
93
77
88
0
94
44
26
51
41
50
38
52
12
17
10
37
41
5
94
34
80
19
54
20
66
86
80
51
26
45
98
19
22
38
72
17
34
98
20
28
0
58
80
12
28
90
1
21
47
47
55
79
66
9
99
33
95
79
36
73
77
87
45
99
77
17
68
12
67
88
40
19
99
20
83
27
62
84
48
10
31
3
41
98
64
41
83
59
72
71
85
49
58
30
1
36
99
69
0
66
10
40
37
9
12
20
36
74
56
36
36
39
91
78
37
55
71
72
66
95
44
51
97
54
33
98
90
32
19
42
50
29
82
87
38
94
7
26
21
63
62
57
3
53
87
92
60
10
65
27
6
61
30
3
15
64
53
58
96
72
0
47
2
35
34
92
29
94
19
50
57
81
60
12
87
47
5
47
58
22
74
16
83
57
71
50
21
24
60
69
96
61
16
50
96
3
43
77
97
62
80
6
95
40
19
82
39
24
82
49
98
8
65
33
65
36
83
38
12
44
8
61
57
76
11
53
31
6
82
28
20
62
87
16
2
6
50
94
82
32
43
80
41
9
13
58
97
48
97
10
92
5
71
1
33
34
54
65
41
89
45
61
51
32
29
6
90
32
0
72
64
95
4
57
4
69
16
2
18
65
64
62
22
35
64
55
69
70
20
10
11
66
24
15
50
53
21
41
37
73
65
2
68
70
11
25
91
79
79
61
44
43
76
18
30
40
74
99
62
46
62
74
64
38
89
15
43
62
56
81
87
73
35
7
95
98
84
87
78
63
0
74
58
76
93
88
68
19
40
83
65
54
57
30
92
98
45
87
12
53
20
51
26
55
58
74
54
43
61
84
58
13
58
17
90
3
5
58
22
97
93
88
51
2
18
95
0
15
35
64
20
55
15
98
11
26
72
17
69
33
1
79
47
11
96
89
15
54
99
37
51
93
25
55
95
95
2
48
10
