270
28
96
31
99
91
56
67
87
94
29
75
52
36
41
44
62
56
3
97
48
18
17
12
6
16
50
68
83
84
98
7
12
94
91
63
85
47
31
25
41
60
52
46
48
93
90
10
1
45
7
1
15
76
13
73
92
15
41
76
99
91
35
63
85
26
26
22
26
57
99
19
70
51
65
18
96
7
81
97
52
40
98
67
17
63
40
9
78
33
37
29
24
25
92
61
3
19
36
29
28
35
49
98
87
66
69
35
74
50
33
26
90
83
46
59
99
86
21
77
72
10
59
48
35
3
10
91
22
98
20
3
33
21
53
72
88
22
60
14
24
93
40
67
28
86
26
27
25
99
57
49
10
16
97
97
19
59
88
94
57
61
49
43
82
2
67
22
77
27
36
1
72
29
68
53
67
47
80
44
46
89
93
56
57
43
54
29
2
94
75
12
55
24
7
38
26
26
12
3
54
49
57
78
30
25
31
97
24
64
42
71
53
35
79
63
30
85
92
33
80
67
97
35
91
56
25
69
82
90
25
88
39
82
67
69
59
50
18
84
14
60
7
20
48
86
83
78
24
75
63
56
94
12
43
37
68
69
6
51
11
83
91
2
65
10
71
25
61
41
61
