906
66
3
7
70
98
98
24
38
20
33
97
33
72
63
55
72
75
85
91
71
44
5
96
62
45
86
77
91
36
6
57
55
62
16
77
60
15
1
98
35
34
48
20
6
11
27
30
39
12
74
62
8
79
58
70
77
97
48
68
33
6
25
88
68
93
17
80
8
18
31
95
52
79
67
10
90
94
93
81
58
67
44
66
98
54
37
75
51
37
95
85
95
72
25
16
66
43
96
26
61
79
22
66
58
41
28
1
36
21
82
46
40
26
13
39
81
2
66
84
39
62
69
86
86
47
2
52
90
51
79
3
30
53
21
41
94
50
42
82
71
76
29
64
55
42
3
88
44
21
72
35
83
94
73
70
41
76
74
31
27
53
86
57
58
8
98
53
58
92
35
81
69
64
45
76
58
0
64
54
22
36
41
57
30
15
79
71
91
54
54
18
59
41
27
18
49
78
23
59
70
58
40
91
75
38
67
33
38
83
88
12
20
29
70
2
96
1
26
87
7
80
57
67
73
37
37
74
15
12
33
37
70
26
81
45
64
0
31
54
84
71
67
56
52
89
58
49
42
84
88
50
17
46
69
42
35
6
17
2
70
50
91
40
76
72
38
92
25
21
47
9
92
66
65
44
55
75
45
97
12
34
99
81
32
68
23
19
26
40
21
96
91
12
89
19
37
27
12
62
48
59
71
92
77
88
88
84
15
34
81
27
20
33
8
52
1
32
71
28
72
44
76
15
56
65
35
45
92
99
7
92
10
30
36
87
70
25
71
86
11
4
13
31
37
74
35
39
6
58
19
30
2
95
46
10
61
33
56
5
32
15
50
42
46
38
29
16
63
52
54
26
56
68
9
46
94
44
37
52
54
56
82
8
3
80
71
16
13
79
74
97
94
24
91
92
62
72
61
78
24
15
4
33
35
14
79
29
10
16
81
65
24
16
25
79
96
96
96
62
75
70
11
22
46
3
14
8
75
27
38
0
43
43
85
30
9
64
60
71
32
93
88
8
9
14
87
58
10
83
72
38
5
83
12
51
86
26
12
14
54
50
66
49
45
51
79
54
67
91
26
51
85
14
59
46
80
46
56
43
82
28
33
87
64
45
39
2
23
51
16
29
1
82
78
99
85
10
53
52
1
31
3
38
98
14
85
30
61
93
73
43
22
6
82
38
51
21
40
27
24
57
56
78
91
35
77
77
97
82
81
98
66
37
37
64
51
74
46
64
67
20
59
41
78
42
79
82
15
20
9
40
29
65
70
20
52
47
49
49
29
83
48
95
20
37
11
23
11
58
88
30
30
47
72
8
41
3
42
9
75
51
49
4
69
71
77
21
18
78
71
47
61
71
95
81
60
6
57
23
16
45
53
46
44
77
7
38
33
49
47
8
1
48
65
70
19
94
43
37
72
66
36
86
89
31
67
49
90
76
72
58
21
78
5
18
7
64
56
92
13
3
1
66
3
18
88
22
12
84
11
36
50
47
22
40
31
42
41
73
18
66
31
92
96
88
10
3
52
18
48
18
73
49
36
76
19
77
50
83
13
61
19
63
60
94
55
43
36
97
16
54
15
0
98
11
88
8
66
93
26
14
63
99
15
51
27
34
80
77
17
93
90
89
57
51
83
64
46
19
13
63
25
28
15
24
39
3
84
6
48
63
20
63
14
36
15
42
70
95
71
40
89
62
29
98
65
64
62
11
35
76
26
12
56
41
36
96
97
73
2
45
36
22
61
2
10
76
44
33
23
68
73
64
30
54
14
95
70
29
58
5
57
85
17
13
26
6
9
75
79
11
73
67
86
34
69
48
10
66
81
85
34
6
50
16
60
64
63
30
45
21
87
2
6
5
16
85
63
25
60
42
89
33
61
75
19
82
23
81
0
57
67
34
63
69
50
76
85
13
58
31
87
46
33
93
3
49
30
66
75
43
60
64
28
21
91
48
55
66
29
56
23
96
42
87
17
45
15
3
10
73
34
97
19
19
43
22
69
73
88
96
68
48
12
97
21
3
45
77
21
26
85
97
23
27
36
40
72
51
95
83
24
81
32
44
1
