978
92
49
83
95
30
35
58
87
38
42
3
0
11
60
45
35
67
92
77
91
53
19
96
84
32
59
46
81
62
57
60
55
6
43
2
88
78
12
75
16
6
78
69
17
91
14
4
58
6
34
49
11
53
97
96
85
56
94
18
19
3
78
26
62
22
28
50
0
92
26
69
98
56
38
15
47
52
19
5
10
53
6
22
58
55
70
95
12
64
13
31
20
92
9
82
14
37
32
66
81
10
35
79
67
25
94
66
29
65
24
40
71
82
14
29
38
36
77
50
52
90
33
72
34
42
54
48
31
39
67
12
49
54
43
68
80
89
87
9
54
11
1
77
45
67
59
83
3
36
85
8
78
70
80
13
64
87
13
47
26
80
11
27
35
54
96
15
43
83
76
50
46
30
79
91
97
38
27
53
26
64
61
5
35
41
18
51
80
83
99
6
64
62
34
99
17
82
66
12
17
94
14
15
24
94
6
74
32
85
27
11
50
40
16
37
33
86
40
14
69
91
20
33
54
6
84
71
40
2
35
57
97
50
72
73
44
31
47
28
68
74
39
18
66
7
7
0
93
48
14
15
39
86
48
93
93
85
16
85
87
52
43
36
2
67
10
98
50
57
78
19
84
70
89
50
29
97
50
75
97
16
90
88
3
38
34
48
75
50
33
63
54
28
99
8
48
9
58
98
19
37
17
3
59
7
5
88
56
8
63
5
24
53
93
79
44
27
27
19
30
13
34
84
93
86
93
41
47
51
40
66
40
9
21
99
68
79
40
24
87
55
81
63
61
75
43
57
54
22
28
84
87
63
69
81
1
14
74
48
65
14
67
6
76
88
57
44
67
49
21
54
57
2
70
18
29
13
27
84
87
55
68
75
70
89
56
71
3
30
72
69
97
39
27
25
27
36
69
47
38
42
53
95
97
23
13
26
88
40
10
76
47
31
51
18
72
59
41
76
41
13
97
38
52
76
63
32
12
85
31
50
79
84
45
76
60
10
3
48
2
65
24
50
48
27
20
21
86
61
97
28
27
46
18
79
22
34
63
86
19
46
89
50
31
86
27
43
97
82
91
51
99
68
1
48
95
73
21
34
35
18
62
62
16
32
93
38
66
9
76
37
55
65
88
38
52
67
81
1
49
25
52
48
93
6
48
40
79
69
74
66
39
88
28
55
21
74
45
39
35
22
77
90
87
17
29
91
84
62
92
33
87
45
33
32
3
82
25
82
51
51
49
43
40
29
98
13
3
96
52
38
18
81
81
57
98
62
1
82
76
93
15
64
90
49
48
93
83
73
28
86
77
77
29
17
6
80
82
62
76
34
52
46
68
33
3
66
47
56
49
24
2
16
40
92
17
88
38
0
14
66
87
91
43
68
60
1
48
42
63
24
28
68
70
96
1
26
63
1
34
64
25
36
80
65
29
98
5
19
50
71
85
89
62
80
58
74
81
58
68
97
83
97
65
5
45
18
83
60
19
70
24
44
6
57
61
87
55
67
6
57
90
91
47
53
23
57
27
5
15
48
54
50
45
19
8
42
37
91
3
57
13
79
53
20
36
67
7
43
86
14
53
76
57
0
81
81
57
61
38
24
9
92
75
54
63
83
48
0
26
3
9
40
83
15
12
71
82
19
67
68
85
20
96
95
72
78
28
81
39
66
5
48
10
32
54
73
15
2
25
94
6
35
86
41
2
98
12
84
17
31
4
55
3
0
50
75
30
78
56
69
96
14
17
58
46
23
31
14
26
56
60
84
43
46
25
45
44
89
81
13
21
85
68
24
38
70
52
68
0
60
90
96
74
59
6
73
83
37
39
9
46
99
93
89
45
70
87
41
59
68
54
32
54
75
9
44
45
61
64
98
21
54
46
48
14
53
21
97
90
60
58
88
11
3
30
56
73
17
97
84
85
3
17
91
78
78
87
76
39
52
74
60
6
72
60
72
25
81
69
68
93
79
56
4
82
86
12
7
3
61
92
41
65
61
32
95
39
20
71
30
24
97
42
30
70
3
55
95
84
76
15
30
56
72
86
90
10
99
98
14
60
42
55
25
3
39
21
94
11
44
24
35
94
66
18
64
69
73
11
6
49
27
36
57
51
74
48
61
73
46
27
86
88
34
63
43
74
36
37
85
81
61
73
27
27
91
91
49
16
54
55
17
33
43
75
36
17
23
98
43
21
25
81
61
60
44
4
86
81
93
23
14
6
96
41
85
39
