311
42
94
65
89
29
27
50
40
74
15
50
81
79
3
50
27
67
0
47
98
17
53
29
60
88
42
75
10
8
4
65
50
50
83
92
79
10
42
20
85
9
22
18
89
25
68
68
45
21
15
43
38
68
72
99
8
14
26
19
75
82
84
25
33
19
17
64
30
59
36
67
21
58
37
10
84
6
30
81
79
45
24
17
13
49
68
21
15
95
92
90
29
29
16
62
48
33
27
30
45
15
97
66
74
35
28
10
93
58
91
72
55
15
41
68
16
10
41
32
57
34
22
38
15
38
1
63
24
80
94
21
95
43
87
21
30
67
83
75
25
74
99
80
42
41
0
58
3
93
90
12
79
65
50
94
3
3
10
79
83
56
0
31
51
87
4
82
6
88
9
83
14
9
15
56
50
15
67
5
61
9
17
40
74
67
87
30
71
97
9
6
53
10
89
4
49
94
38
56
34
48
91
48
9
7
57
59
74
24
16
35
85
33
28
60
0
15
90
23
12
51
82
65
61
71
21
63
17
60
71
3
60
62
52
69
69
61
80
44
37
96
31
22
29
59
34
81
74
76
57
86
28
39
3
41
62
77
4
32
89
27
35
49
90
39
70
11
0
50
7
89
98
39
12
27
98
98
60
25
75
69
63
3
8
19
96
71
96
1
3
85
28
90
34
70
30
56
82
82
6
89
72
4
80
36
83
31
34
95
56
61
