171
49
38
89
32
54
89
53
83
37
12
43
77
75
95
14
98
8
49
10
16
1
65
12
28
33
72
34
37
60
14
0
9
52
89
41
6
79
46
89
68
10
32
98
85
27
12
36
87
61
46
55
14
63
68
95
48
92
81
85
52
95
38
13
47
27
54
5
6
0
94
27
62
78
25
48
57
89
84
96
3
82
52
17
98
72
12
46
64
45
84
68
40
22
81
87
1
87
44
60
39
38
87
1
68
12
1
77
53
85
74
56
20
78
26
70
50
90
16
66
36
52
86
76
74
67
16
76
6
60
36
45
51
75
98
19
39
0
97
92
37
23
1
57
1
27
27
3
17
96
69
53
48
55
82
75
74
98
51
80
10
39
77
61
14
75
33
53
75
82
97
13
