725
70
42
82
81
22
91
55
80
79
47
44
7
60
19
87
81
9
18
86
77
68
87
44
62
82
36
88
80
27
34
51
49
28
85
82
2
77
37
82
8
84
78
15
44
98
54
77
59
25
16
36
45
3
32
59
85
21
47
18
0
33
21
49
13
59
31
15
88
69
49
96
53
28
63
50
78
18
79
89
95
95
25
40
51
9
52
88
82
51
58
82
85
80
31
98
39
15
66
27
84
15
75
89
95
38
91
25
8
71
14
3
18
91
96
21
1
48
10
83
99
68
66
36
48
49
35
39
64
53
18
0
20
93
90
16
84
33
41
92
4
56
96
75
47
92
96
0
92
58
36
91
27
2
28
27
3
15
19
20
20
37
20
40
83
62
8
67
96
50
59
52
58
7
27
57
99
76
10
91
34
46
35
13
0
15
41
3
30
60
23
50
49
96
42
84
58
51
51
6
53
63
59
11
70
38
20
70
14
30
13
1
76
0
14
76
15
7
32
97
19
7
47
69
3
42
5
14
93
57
20
46
20
79
57
42
18
29
12
84
60
78
85
88
78
52
65
94
59
49
91
31
56
91
52
12
33
57
26
78
14
46
24
86
78
33
29
48
62
93
84
74
23
22
63
54
74
80
48
85
29
91
16
85
34
68
97
19
26
23
97
92
22
73
31
52
6
60
52
69
5
36
95
29
10
58
83
36
38
83
22
67
26
90
5
13
59
2
84
37
78
82
81
52
7
12
56
14
24
60
35
30
48
30
11
59
89
46
95
79
81
69
99
7
60
4
72
71
58
57
60
88
91
41
92
98
6
0
12
30
60
99
12
9
30
23
20
71
21
15
50
2
37
1
62
97
57
34
20
68
43
80
8
34
73
1
85
79
53
49
10
14
49
22
75
31
98
95
2
19
62
4
74
51
6
36
48
63
70
20
31
66
52
92
52
26
93
37
5
98
39
67
64
40
42
39
71
92
86
73
11
1
77
37
52
35
73
53
51
96
25
34
62
78
26
14
4
71
4
61
70
43
29
34
83
71
26
6
63
64
31
26
17
8
64
70
96
89
75
47
85
0
81
99
78
60
14
34
31
70
96
1
65
25
88
0
48
14
6
63
78
37
41
96
97
57
18
45
47
45
92
84
45
26
84
76
86
50
10
17
20
6
71
85
83
59
37
83
25
43
46
55
32
88
51
29
97
21
75
44
66
19
29
64
97
13
40
83
15
2
53
35
9
76
72
44
35
61
28
60
4
26
15
88
14
19
69
64
92
44
8
59
16
89
75
13
54
15
49
69
69
2
56
30
78
28
75
65
89
3
77
45
29
44
33
96
63
3
60
8
99
20
67
67
10
94
81
64
9
82
34
30
36
90
61
14
71
36
31
12
91
8
10
72
52
95
68
68
50
80
76
50
1
95
69
63
89
50
27
50
84
13
80
20
56
41
86
27
29
17
91
20
77
1
93
82
97
13
50
47
46
78
49
47
25
19
10
66
21
89
16
6
3
48
26
11
42
13
38
23
82
81
96
60
83
89
42
32
54
44
31
0
74
33
99
99
52
61
17
25
51
85
83
6
33
10
17
27
75
7
3
57
40
99
69
23
88
11
7
94
7
91
47
81
24
46
32
28
8
49
53
11
34
37
69
20
