229
66
65
75
23
24
58
89
34
13
75
31
72
13
38
20
23
42
86
46
72
6
91
0
54
14
37
76
21
64
11
39
82
28
66
57
52
76
47
39
42
74
70
66
87
8
87
63
2
25
61
26
31
5
27
85
19
64
13
92
80
76
83
63
5
1
20
9
78
67
48
20
42
18
86
81
79
25
96
81
51
10
8
82
15
35
20
34
51
33
78
32
10
61
95
15
62
15
24
92
35
73
12
29
43
51
62
22
76
59
56
27
69
16
62
84
3
82
70
54
15
0
86
77
61
33
92
75
49
69
68
36
94
32
65
37
83
27
12
60
38
20
39
7
36
1
43
39
35
65
45
3
65
84
80
78
17
25
54
18
94
22
6
88
54
71
77
90
51
89
50
89
9
41
97
45
95
92
36
30
58
34
33
75
18
66
54
87
91
8
58
37
82
64
25
88
36
2
78
39
44
80
28
53
22
77
51
17
70
39
99
80
73
85
55
43
51
61
83
94
69
41
31
3
5
8
44
93
62
22
