476
63
31
90
52
34
35
9
31
77
74
34
46
15
54
58
76
61
98
15
34
67
21
64
22
52
25
64
82
78
80
94
93
64
84
45
98
20
54
81
97
80
15
96
95
69
54
24
30
52
39
64
71
60
80
45
64
57
9
47
35
42
41
28
6
26
26
4
98
32
37
47
13
52
43
60
73
50
84
55
54
23
72
26
35
52
23
0
10
33
47
97
75
88
26
81
66
4
37
64
36
74
64
1
78
7
62
51
9
46
58
64
22
30
42
57
83
65
9
45
50
56
42
25
97
20
58
63
24
47
80
13
21
44
14
51
3
76
54
13
75
13
77
97
95
71
54
30
36
64
75
87
72
70
64
21
42
23
37
19
70
17
32
44
13
98
47
16
27
2
81
2
67
10
99
62
81
5
93
70
21
20
57
94
42
73
67
85
96
4
56
19
21
88
15
86
38
62
55
65
16
36
67
83
47
18
46
28
76
91
98
97
63
7
43
6
81
11
91
29
15
99
0
89
87
15
75
77
30
30
43
46
67
62
30
66
33
28
46
9
71
97
6
34
4
2
40
37
13
83
67
28
82
19
69
21
35
45
99
65
27
94
63
46
8
45
12
41
73
59
50
96
56
9
31
12
11
23
50
76
7
69
56
41
88
26
63
75
71
14
92
98
8
56
45
68
1
9
10
27
20
12
23
76
73
54
41
36
78
91
12
37
12
69
78
0
95
93
76
18
7
68
68
67
76
65
36
78
75
98
5
95
62
80
24
36
35
65
24
65
8
37
54
20
58
84
72
5
78
0
23
85
21
43
5
97
9
93
75
36
91
32
83
53
13
59
41
0
24
66
17
84
55
71
4
13
7
29
18
85
29
93
23
50
36
80
0
97
73
27
33
64
60
69
69
25
28
63
77
53
29
94
89
36
17
94
1
24
23
19
62
4
64
85
55
0
65
55
98
38
82
83
54
94
52
23
19
81
38
96
86
67
42
75
55
11
21
56
36
44
27
50
1
91
87
56
44
4
63
94
94
97
77
48
92
30
23
63
63
62
12
49
81
6
24
89
18
46
45
6
42
25
56
95
68
43
51
