386
65
42
91
14
70
38
48
26
27
67
41
20
99
45
49
82
64
24
71
56
0
59
68
67
47
37
89
90
38
25
93
3
19
84
70
90
22
18
16
50
37
9
70
36
54
19
71
18
95
42
74
47
1
95
14
48
32
3
91
22
80
84
78
0
69
48
90
43
18
58
93
8
68
63
44
22
34
15
41
29
58
67
28
11
14
42
12
98
97
3
21
78
39
51
78
8
51
20
52
21
78
97
29
46
13
74
69
47
41
62
29
51
81
57
63
96
0
75
94
49
30
67
27
69
18
57
30
69
77
34
91
56
31
20
54
44
46
23
44
40
37
25
91
71
82
54
67
34
81
13
36
11
81
63
33
51
73
63
21
50
97
64
58
80
36
13
25
83
88
21
23
78
46
66
49
80
21
68
67
54
81
3
66
14
18
99
66
91
62
87
42
11
3
52
91
39
17
68
74
58
89
49
36
87
16
37
20
89
5
87
43
86
42
9
1
60
60
19
52
74
6
46
85
9
50
29
0
68
97
75
26
39
76
14
78
92
3
98
81
8
37
25
46
79
86
99
40
47
18
44
21
24
90
59
85
92
88
38
60
37
13
38
28
89
4
7
34
7
5
15
15
43
92
14
22
79
13
14
78
32
58
51
8
0
62
46
93
2
84
5
40
49
96
68
90
0
75
24
60
33
92
27
76
36
41
50
67
55
17
45
87
75
49
95
28
11
41
73
66
77
30
6
26
26
26
17
79
54
93
39
39
85
66
15
22
60
17
89
15
34
87
2
62
88
49
42
99
43
67
65
20
97
23
47
76
2
64
7
8
57
98
47
95
16
14
69
76
31
10
91
18
49
45
32
37
95
74
89
38
93
6
58
42
30
5
18
