334
54
38
74
19
40
74
68
5
62
97
70
49
71
51
7
55
80
78
95
7
31
61
71
60
65
53
84
17
7
79
24
13
17
50
32
9
24
52
15
38
1
85
39
25
88
46
80
68
76
28
75
8
89
46
68
6
52
5
24
11
84
0
24
54
50
8
63
27
60
78
17
61
15
57
86
3
55
19
24
32
47
51
40
88
50
60
94
2
65
70
65
50
70
41
56
73
49
19
0
61
50
17
74
65
26
13
21
82
32
97
14
79
48
6
19
98
66
13
52
84
84
69
86
6
10
42
79
59
13
79
72
63
49
47
81
75
60
54
57
92
51
23
23
99
29
94
50
48
7
54
32
43
24
18
50
34
12
81
46
25
13
18
41
62
17
22
89
77
76
99
21
27
22
96
78
4
90
80
52
50
35
36
45
59
6
47
93
70
29
91
95
42
62
36
56
79
10
45
9
86
44
82
65
67
79
96
23
21
76
75
71
11
63
69
70
21
16
16
91
45
7
86
39
69
75
95
1
85
41
10
72
37
92
89
4
23
85
79
45
62
54
68
73
69
37
96
90
54
12
81
51
71
68
91
93
95
38
94
80
31
56
4
69
48
94
25
24
79
5
69
93
11
37
67
81
75
63
23
81
27
5
84
98
25
27
91
20
66
85
0
49
41
57
18
42
51
96
66
82
53
87
76
64
24
43
97
51
58
21
84
85
26
69
35
3
96
27
23
14
64
75
64
58
32
34
0
35
30
18
18
83
5
94
0
