410
58
1
11
69
37
27
1
21
67
36
36
48
10
71
28
88
62
23
63
77
10
7
83
48
29
64
3
76
57
56
64
67
57
75
36
46
54
37
68
22
26
4
22
88
28
2
76
90
25
40
67
88
99
3
36
28
67
91
56
76
48
20
44
57
48
32
4
54
22
72
76
48
28
50
36
56
53
64
46
30
4
66
18
3
21
6
84
40
98
40
16
98
13
60
55
13
93
59
67
67
83
96
15
12
98
3
20
3
67
19
34
72
37
4
27
58
11
63
50
61
56
18
11
69
31
66
34
76
78
1
43
13
49
58
77
48
61
98
51
80
69
37
4
6
42
32
16
5
95
66
18
3
84
29
72
15
47
58
91
77
12
34
91
61
44
20
61
57
70
65
38
39
54
42
45
48
26
61
53
74
79
23
77
64
4
2
31
52
60
75
81
24
61
24
86
6
45
99
63
67
16
53
7
71
48
52
19
74
66
25
0
45
48
78
61
53
32
45
57
92
20
90
17
81
15
55
39
12
6
55
79
23
8
38
46
56
43
65
83
9
90
83
6
91
13
20
96
45
65
53
90
37
95
59
18
10
66
10
74
72
65
6
47
25
44
93
34
87
59
17
48
1
52
55
92
18
75
88
63
92
93
5
29
89
64
47
51
82
57
78
55
74
84
2
0
80
48
34
68
7
51
16
60
55
23
5
73
98
45
89
90
39
46
19
80
63
19
83
45
28
61
52
3
45
55
3
26
55
89
46
14
40
14
74
47
38
79
73
88
25
14
79
16
60
50
48
23
21
31
21
2
93
73
5
90
80
60
68
35
49
14
49
41
81
24
40
19
55
13
7
32
27
38
0
40
89
48
15
62
80
36
64
25
10
21
15
90
81
36
26
82
2
75
75
83
51
16
2
59
29
10
43
9
48
44
1
89
44
16
4
