365
22
84
7
48
36
44
86
1
11
29
62
42
46
27
17
73
76
37
56
61
99
77
64
53
60
82
26
97
79
29
87
2
65
94
2
1
39
88
54
2
69
16
44
16
96
61
41
24
50
97
37
49
27
1
55
87
83
33
36
63
62
23
17
27
18
19
80
9
59
34
11
28
3
56
96
51
69
38
75
72
35
12
21
14
14
28
2
49
62
90
12
76
14
81
56
32
0
36
93
59
23
4
40
78
12
36
29
34
26
4
6
62
68
79
28
82
8
30
32
22
73
96
98
87
78
6
71
30
95
64
42
18
20
82
48
85
70
29
19
97
33
25
11
53
4
39
36
64
22
20
38
95
16
89
82
46
95
5
77
90
21
19
60
41
53
8
26
23
37
97
20
22
22
83
76
79
23
64
95
45
36
34
40
4
23
74
51
70
31
80
61
52
51
21
93
4
82
72
27
71
69
0
46
44
83
74
75
58
90
22
3
26
56
95
30
31
21
33
2
52
65
15
4
16
88
50
20
70
74
0
94
95
52
40
39
87
66
66
46
56
41
49
82
97
97
64
81
18
50
35
71
15
50
27
32
38
77
4
61
51
4
7
47
56
99
38
44
65
57
90
21
98
91
55
47
40
71
28
59
21
15
82
89
65
9
21
56
87
25
17
90
82
24
89
38
75
28
34
40
37
76
13
35
20
68
82
60
91
63
19
13
78
53
2
96
63
75
52
2
52
21
92
34
97
82
25
72
62
59
64
99
36
77
34
8
97
68
68
88
83
40
1
14
93
55
10
56
82
14
58
35
87
3
21
36
85
46
8
47
6
24
98
94
1
84
