415
1
44
17
34
13
21
29
7
27
83
93
93
65
1
78
60
74
48
96
39
83
22
58
91
80
42
99
4
59
90
21
12
86
91
46
99
12
76
58
91
11
51
84
76
4
15
37
78
63
85
17
98
7
75
89
88
69
40
44
28
30
18
93
16
9
39
67
21
67
25
64
78
28
48
55
32
63
44
62
79
29
79
29
37
7
71
77
28
11
73
9
94
91
2
62
0
41
30
73
61
7
37
39
36
38
46
20
53
90
83
32
20
14
62
9
21
85
86
2
96
59
11
90
3
13
5
55
6
35
29
67
42
18
7
30
56
5
51
62
96
86
94
68
0
8
77
74
93
15
76
42
26
87
84
81
0
89
37
6
24
66
74
19
36
33
1
45
38
4
7
86
90
53
54
91
62
83
65
7
50
41
49
29
80
34
10
80
75
47
38
52
65
64
23
2
97
24
99
88
29
6
74
19
59
29
62
73
64
27
33
15
20
82
44
0
68
6
32
96
54
71
48
19
35
71
73
85
95
72
73
76
30
99
96
90
28
10
15
45
90
48
12
62
83
56
63
3
14
47
99
68
70
47
40
58
70
13
43
66
86
68
94
68
67
42
58
48
53
26
93
43
26
5
5
61
13
20
17
27
68
16
48
90
16
88
48
38
53
91
4
91
59
99
60
79
41
18
27
46
96
72
41
75
29
47
36
42
19
53
21
39
22
21
30
90
9
78
28
63
22
85
54
33
36
14
12
29
85
91
76
33
15
17
8
44
16
45
38
36
50
12
27
24
33
57
14
43
88
43
58
10
80
12
95
16
79
60
97
16
51
73
49
67
43
58
63
59
55
2
47
57
14
27
82
99
36
96
42
24
91
52
86
23
17
82
39
96
42
37
12
45
62
61
64
57
71
28
17
78
82
16
36
48
95
18
47
32
66
42
8
58
94
95
81
63
