498
79
83
36
1
37
75
77
95
57
89
17
65
81
29
34
95
2
90
26
79
33
0
10
64
69
28
3
25
3
88
78
34
24
14
88
61
41
65
8
50
6
25
67
39
6
1
35
9
43
13
40
77
13
50
93
82
31
96
60
86
37
90
73
61
56
13
74
98
30
82
48
36
59
16
75
65
69
62
74
13
75
14
42
41
17
35
75
0
84
35
38
21
25
63
82
34
76
56
32
58
38
32
94
97
48
22
14
70
84
41
83
12
7
77
53
24
12
28
76
96
16
67
69
93
30
51
27
59
7
59
17
97
44
64
46
92
38
61
62
74
2
97
86
9
26
39
86
91
20
14
87
36
81
57
29
64
60
9
23
68
68
92
17
64
8
64
57
46
25
71
21
79
21
59
88
47
51
26
38
71
41
78
59
22
87
40
38
99
49
13
67
70
6
37
34
14
1
43
61
26
15
34
57
88
45
45
87
96
72
78
19
65
8
78
87
95
19
78
94
20
91
14
90
97
3
25
64
4
68
25
82
35
11
39
75
56
36
63
5
8
41
24
73
1
55
13
96
74
91
42
46
34
8
37
32
11
62
48
67
82
73
49
18
36
88
93
44
25
8
49
85
1
26
11
2
81
76
98
7
19
93
53
53
53
90
37
17
52
85
84
35
10
86
5
46
26
98
43
3
59
92
89
60
18
52
63
99
28
13
6
47
58
12
0
12
2
38
81
7
23
65
94
34
51
99
32
78
49
75
33
8
20
22
69
38
74
84
90
2
97
48
49
56
60
2
20
15
40
1
22
15
66
16
49
70
67
34
0
16
9
33
77
29
8
98
20
34
82
62
37
79
10
38
87
23
40
7
38
32
8
12
48
27
28
49
97
47
83
49
63
45
34
92
26
42
90
98
29
72
60
66
4
23
56
91
98
49
51
36
33
59
0
33
86
80
83
35
27
18
36
90
15
71
35
42
65
25
40
94
50
53
12
6
76
21
49
26
22
0
14
55
60
14
89
98
94
24
86
21
94
22
63
10
45
98
4
63
24
96
9
26
49
74
32
77
95
33
55
69
34
69
24
46
83
65
44
77
41
30
50
36
5
14
98
2
12
2
65
88
50
75
66
52
1
50
81
96
84
