996
83
37
41
9
19
39
96
56
87
48
84
49
64
19
82
1
64
13
18
78
99
63
0
4
14
42
81
76
9
13
92
92
50
34
1
22
25
50
30
13
50
15
62
14
86
97
68
2
62
86
81
61
1
33
17
67
75
98
43
84
63
36
29
66
22
30
88
99
80
70
12
31
85
27
97
23
76
65
26
38
3
59
52
4
92
69
72
19
68
67
56
31
55
85
97
77
67
37
77
48
8
41
31
45
20
80
21
96
98
47
35
1
58
87
58
2
56
30
21
76
49
77
60
5
62
57
82
82
47
11
30
7
5
13
52
25
45
73
22
43
72
57
97
82
96
55
84
4
37
6
81
86
35
41
91
50
50
26
32
49
89
14
56
94
79
9
20
24
34
94
20
59
3
17
41
99
72
26
55
9
84
36
95
19
29
39
69
32
65
53
81
54
67
38
1
46
47
21
23
33
15
43
92
70
60
86
69
32
12
24
93
48
13
40
67
42
79
89
74
96
94
8
51
62
46
52
60
45
25
35
78
92
78
23
62
38
9
83
22
73
59
67
73
72
8
40
67
39
81
93
36
76
1
39
90
47
91
2
44
68
38
23
60
16
98
74
7
59
57
81
84
68
1
57
93
9
49
60
0
31
5
36
59
59
75
1
6
18
3
3
38
41
78
50
10
76
24
17
87
33
50
71
2
51
28
95
12
29
7
13
12
64
1
71
23
29
72
30
99
76
85
38
69
63
88
79
39
65
48
78
50
51
49
52
2
29
99
67
58
58
32
71
23
33
94
46
14
19
28
14
95
13
4
16
76
44
96
67
9
96
45
60
47
46
64
2
27
16
69
86
26
53
9
49
86
55
48
53
74
28
67
21
42
23
38
70
67
86
90
77
82
87
89
82
34
5
84
61
73
5
99
0
58
60
1
96
16
49
49
90
78
68
12
72
91
50
94
59
88
84
88
70
72
29
4
58
34
88
19
60
45
19
60
55
31
13
52
47
15
53
38
45
22
2
17
13
4
63
24
92
48
12
14
72
41
19
30
28
59
1
88
57
72
0
12
4
13
16
51
28
22
41
73
44
43
42
9
99
6
34
91
6
98
6
30
92
77
60
72
36
61
60
93
34
12
58
90
77
74
41
58
96
35
31
92
30
26
54
30
84
40
73
90
38
79
20
82
8
32
54
97
45
66
90
31
78
0
21
56
75
15
14
23
50
97
68
80
75
22
10
59
62
36
1
52
67
73
35
76
57
89
73
3
56
15
34
86
16
8
94
43
23
60
66
73
58
86
5
85
8
68
45
22
4
98
75
71
72
10
47
29
51
72
84
59
88
19
98
4
27
92
47
2
53
65
75
63
52
32
48
12
0
45
35
4
44
10
28
68
72
75
49
75
48
34
35
36
53
85
92
32
77
39
34
82
56
61
97
8
93
98
21
46
43
8
2
39
70
30
59
42
6
9
69
6
43
56
94
96
41
38
80
71
77
66
53
85
27
3
94
72
1
67
18
96
75
21
88
45
51
47
39
9
56
8
67
99
65
13
47
6
51
79
29
80
45
83
66
24
38
60
97
39
79
67
87
6
40
75
3
44
23
42
5
31
2
73
83
19
38
30
78
90
62
7
70
7
42
36
32
80
48
81
71
79
0
59
37
41
86
40
85
61
34
42
93
89
15
76
8
54
58
86
96
20
46
66
80
88
55
64
21
55
97
92
87
97
3
24
90
90
65
27
3
51
70
48
40
37
76
49
91
87
87
39
59
33
58
39
74
65
55
95
72
52
39
59
2
43
36
92
85
53
20
40
4
42
89
45
79
65
46
23
52
85
62
12
71
20
3
97
85
59
92
58
63
83
69
65
78
5
58
63
58
30
56
63
72
45
60
3
62
58
26
67
95
89
31
18
61
34
15
99
45
59
9
9
43
30
74
21
36
84
37
46
14
93
61
38
90
73
94
52
31
20
71
79
61
2
97
75
37
13
74
82
72
35
43
67
65
18
89
53
2
78
0
69
71
61
59
13
35
53
17
18
26
89
49
87
91
47
62
28
12
88
63
84
23
6
4
41
76
93
94
31
71
94
52
94
56
63
7
43
17
24
13
95
13
63
82
57
10
97
37
22
85
0
58
61
59
62
2
87
7
96
70
30
43
22
24
99
86
83
94
55
8
7
50
73
70
84
30
32
81
68
6
19
20
17
80
31
31
34
19
39
30
89
21
73
64
46
24
50
81
70
57
41
78
7
15
0
43
97
33
25
17
