872
64
51
31
80
70
80
20
33
25
98
50
54
32
44
63
68
90
79
96
39
8
6
74
56
83
93
18
51
54
92
64
18
43
48
98
13
28
71
47
5
69
97
11
53
93
74
73
83
5
69
75
65
27
49
22
11
42
40
62
48
33
78
66
76
26
17
90
6
88
37
12
9
86
75
63
79
2
36
14
7
58
89
73
85
90
95
96
84
35
10
32
20
89
99
97
15
16
39
22
56
76
86
65
14
13
28
93
15
17
59
23
75
1
48
60
91
95
9
76
82
19
8
3
60
7
52
28
75
91
50
31
67
88
49
33
1
77
26
69
46
37
44
21
38
92
34
30
87
43
58
69
14
66
24
27
26
76
55
53
67
57
85
86
45
34
19
98
63
97
67
10
35
11
83
73
55
17
55
42
60
65
64
27
32
88
54
10
65
61
63
84
18
0
71
15
86
90
65
50
88
33
12
75
96
95
0
4
13
8
98
25
73
62
4
5
3
10
15
20
71
31
4
89
31
75
56
18
18
22
20
58
7
32
33
3
79
33
7
44
41
58
22
15
20
26
72
75
37
40
95
60
71
52
50
54
79
58
72
97
80
92
7
87
76
40
43
56
26
2
0
19
60
74
86
33
1
59
8
90
51
56
50
22
8
52
28
87
11
1
37
91
45
44
31
74
85
26
82
63
28
34
82
41
9
69
74
10
80
34
0
31
90
2
5
98
55
33
86
66
86
75
9
84
19
92
58
4
18
40
67
99
74
2
40
83
71
66
45
3
0
45
34
43
0
91
41
55
76
79
73
63
54
34
47
26
27
57
30
97
97
50
96
71
4
88
7
27
6
52
30
59
50
16
2
50
59
95
57
35
27
30
50
33
64
97
59
43
54
42
41
3
44
89
27
48
30
34
75
36
38
57
95
40
73
49
90
32
45
99
19
72
29
70
57
46
19
17
89
74
59
82
29
3
24
56
51
54
42
78
90
81
35
38
21
60
87
64
44
84
63
63
8
45
85
66
91
5
83
32
31
94
15
60
97
39
17
0
93
59
30
35
92
17
25
14
77
65
78
73
1
93
88
10
38
74
28
29
79
11
62
10
57
29
70
6
68
39
6
13
99
88
0
91
5
78
57
82
43
87
7
44
81
95
6
19
69
34
1
0
97
15
10
54
44
33
60
64
72
18
29
23
6
81
67
11
59
24
45
54
64
52
51
45
0
9
16
69
44
69
70
93
84
32
0
80
17
12
44
90
31
25
65
89
7
32
53
18
9
50
25
25
55
76
70
55
85
38
76
81
8
98
27
44
31
27
25
48
39
21
90
22
99
8
64
58
92
17
76
1
19
1
26
74
29
48
81
67
39
58
0
99
8
27
43
39
54
68
40
94
42
82
68
41
90
32
99
83
49
27
36
21
81
15
47
62
15
29
29
54
39
30
53
47
9
97
39
64
17
31
10
11
13
78
52
56
11
3
39
12
83
27
33
64
42
81
26
58
62
8
12
53
90
18
0
99
15
91
63
84
74
25
96
88
4
0
96
15
56
35
79
39
62
65
55
57
98
33
15
60
93
79
65
83
97
17
83
64
9
98
49
83
76
97
23
80
49
19
47
5
6
78
96
21
43
3
78
41
37
45
53
82
76
18
66
74
36
1
90
45
51
91
80
27
88
56
59
90
27
6
95
34
85
44
7
80
47
37
22
36
82
75
71
10
94
37
84
30
90
27
27
41
18
59
21
59
15
80
49
43
39
96
29
76
92
88
8
40
25
30
28
59
58
99
69
52
88
6
34
30
33
13
24
51
24
45
10
40
77
11
35
68
8
16
96
0
4
5
92
29
87
73
88
45
24
9
49
65
15
83
95
48
48
19
52
73
16
14
65
94
26
52
14
86
68
11
86
72
68
31
53
55
56
41
1
80
2
50
45
18
86
93
18
86
12
70
59
29
85
76
75
63
28
89
49
96
52
87
20
20
70
73
76
