969
72
22
71
16
45
44
21
10
0
52
80
81
38
8
22
83
53
8
99
44
96
78
38
93
49
49
74
17
42
58
86
15
80
57
83
78
53
4
40
5
8
20
86
46
80
61
82
85
21
81
81
69
11
20
63
60
69
37
30
64
95
16
79
27
26
14
5
31
70
97
37
78
17
75
25
49
88
59
35
9
40
16
79
52
88
94
64
58
31
46
22
78
63
53
5
41
67
63
72
37
60
9
67
30
37
44
79
25
3
66
87
44
83
66
48
71
60
64
81
43
11
3
21
26
8
78
67
27
93
39
16
54
1
84
36
90
28
67
15
32
34
2
28
17
20
76
88
32
40
22
75
3
77
48
29
86
27
96
13
20
36
82
26
89
66
14
79
46
82
46
78
16
1
58
85
21
34
25
6
27
47
81
30
25
30
60
11
9
8
76
81
96
10
60
85
76
74
16
23
56
15
53
24
16
12
9
89
98
35
95
77
34
29
60
59
11
72
22
20
80
51
53
29
61
13
14
90
88
83
65
96
98
18
21
66
82
82
7
33
69
3
62
4
84
22
63
95
94
38
67
27
89
20
56
50
34
22
92
74
57
57
70
55
76
43
73
10
78
81
43
99
36
6
3
20
80
19
67
27
9
34
54
98
6
62
0
92
36
93
66
94
50
89
1
78
84
75
41
14
56
84
14
92
42
69
64
23
88
31
2
97
17
8
47
23
70
48
16
58
93
34
52
95
75
54
74
60
29
15
26
37
51
40
29
46
10
93
21
50
76
23
0
93
31
47
68
53
47
84
11
40
71
16
88
46
70
14
58
51
81
37
88
32
77
17
30
39
62
51
90
38
26
90
83
9
89
51
62
37
88
26
29
59
94
17
57
64
31
68
15
12
5
55
97
34
72
27
26
86
31
16
76
57
58
11
67
99
62
81
36
50
59
18
61
53
87
71
69
71
91
36
35
48
91
84
34
15
64
60
1
95
28
29
4
86
40
23
86
55
57
74
57
16
44
19
22
32
42
91
55
85
28
90
85
71
75
19
87
39
80
40
86
8
70
42
47
62
66
33
17
23
59
75
91
4
46
65
88
40
57
43
25
37
33
10
8
60
29
47
51
61
88
37
22
58
32
69
20
98
54
38
73
13
65
64
69
11
30
57
51
39
0
28
28
86
38
88
46
19
36
50
33
24
87
55
34
19
24
54
69
30
44
42
95
61
59
65
72
41
74
75
80
27
3
60
13
93
48
11
65
36
61
98
12
1
5
46
72
81
53
42
11
97
36
6
59
95
23
83
36
50
11
68
77
14
80
90
60
81
53
25
17
15
75
30
16
80
76
40
61
29
82
24
79
71
30
90
66
6
25
55
56
36
75
33
3
56
75
63
37
28
40
6
95
67
36
63
99
65
4
60
46
86
36
77
9
18
67
76
24
45
83
32
81
58
17
84
66
92
99
55
73
91
62
68
58
50
32
57
67
88
69
14
26
5
91
36
24
11
64
0
56
47
33
89
57
2
26
24
95
77
31
20
69
45
40
79
96
24
89
63
12
58
29
39
16
73
75
92
36
39
44
44
38
29
33
95
32
59
71
27
37
55
99
58
0
39
37
96
64
26
12
28
37
93
67
5
66
94
97
2
85
41
98
23
71
32
71
3
43
94
82
32
49
33
90
2
72
80
98
88
58
62
17
95
56
36
0
74
83
49
29
68
43
27
44
66
11
67
21
55
61
3
39
63
36
82
65
60
62
15
1
20
30
18
68
86
6
20
12
89
70
41
58
65
21
54
31
32
21
52
39
34
7
79
49
95
61
66
55
75
82
56
95
64
26
15
50
33
36
14
22
58
8
32
23
29
86
6
13
59
58
53
46
17
84
95
12
45
62
19
20
96
28
67
60
54
35
62
39
71
76
62
81
36
46
56
65
85
14
79
44
72
84
90
89
68
38
53
65
52
72
85
48
0
4
60
7
39
74
46
62
2
60
43
39
7
51
56
92
65
87
88
89
71
31
30
91
69
83
56
21
56
93
21
8
98
33
15
37
59
62
52
61
22
47
52
81
99
9
73
16
96
14
58
20
45
88
11
14
24
20
87
32
13
60
40
63
45
56
53
4
70
5
17
44
52
70
26
3
79
99
20
27
13
78
47
10
18
11
76
42
83
63
74
96
75
15
60
72
23
13
76
45
70
94
89
22
64
