319
32
87
54
28
97
14
81
40
28
17
2
33
7
33
57
64
16
44
67
31
53
91
76
89
33
30
54
78
48
17
68
80
4
74
60
54
40
41
94
68
10
96
53
70
82
62
86
50
6
53
81
11
97
57
0
30
40
7
8
40
24
28
73
80
2
33
34
42
27
81
62
89
29
67
59
63
29
45
13
36
51
95
47
48
4
0
78
96
7
38
37
83
66
10
63
68
95
50
62
22
31
24
64
12
91
23
76
20
21
89
8
72
36
8
72
41
8
2
37
67
40
26
50
58
36
65
78
32
67
40
6
50
64
70
63
7
46
39
27
19
28
88
43
65
96
15
58
4
17
47
23
9
74
25
67
10
90
45
94
10
85
53
60
1
75
23
8
73
14
87
92
95
75
35
12
23
2
70
79
19
17
2
28
91
27
47
54
70
92
0
80
29
5
92
30
81
68
90
54
82
30
99
77
57
34
89
81
89
11
60
8
29
15
89
72
42
36
26
64
81
79
96
10
84
89
93
65
57
35
72
39
65
71
69
75
57
58
56
46
70
68
7
51
83
48
23
78
36
2
42
17
33
91
80
17
80
25
35
37
12
59
28
30
82
97
5
91
8
61
90
30
81
97
81
17
97
56
95
33
10
89
3
43
32
35
13
12
60
0
1
24
59
30
54
41
79
59
84
87
72
74
69
54
71
2
23
20
11
70
54
21
11
57
17
44
92
82
56
4
