567
45
0
72
65
2
76
75
33
35
24
7
55
90
55
57
1
26
25
14
42
81
4
44
5
10
17
65
33
88
75
82
85
27
6
2
30
82
77
15
17
53
23
24
43
30
81
44
9
59
10
51
92
66
47
98
77
65
63
62
5
90
44
90
18
2
92
0
37
21
67
54
74
90
31
70
73
64
66
82
23
77
85
16
95
33
14
24
98
77
87
3
19
83
45
37
86
89
89
23
62
57
29
88
99
12
58
24
77
25
6
0
54
92
16
49
77
30
74
27
59
13
82
79
96
79
68
34
68
10
9
30
19
91
18
18
3
77
43
80
54
1
81
8
45
49
9
74
32
83
1
91
96
83
22
45
62
43
79
82
53
89
64
72
32
83
42
35
12
37
16
18
39
49
26
36
98
35
11
30
71
12
74
19
48
48
64
62
91
96
97
96
37
61
68
69
96
63
4
60
0
72
78
39
21
56
28
72
44
39
54
15
3
28
86
3
29
3
66
72
99
15
69
88
76
89
57
73
52
13
33
53
86
64
44
59
20
72
31
64
63
86
31
67
66
18
70
47
73
88
20
24
3
89
12
32
30
21
5
83
34
90
88
72
6
84
84
27
57
15
43
20
53
75
39
72
45
10
19
70
50
39
94
54
80
6
38
11
27
43
46
13
85
86
86
92
70
70
71
79
37
14
0
43
41
91
15
38
1
86
8
52
78
2
58
58
60
96
21
87
91
19
1
28
57
39
72
28
61
43
7
98
10
59
41
51
51
8
42
4
95
50
8
73
5
18
83
65
66
57
5
9
28
6
38
86
45
62
14
6
6
73
56
68
85
50
71
88
10
13
44
5
16
53
30
21
23
66
38
90
75
43
99
3
49
89
89
46
52
55
4
10
29
13
78
66
63
49
54
73
63
50
31
31
3
13
52
27
31
42
69
6
86
20
10
87
10
99
86
14
7
90
24
88
3
2
54
18
3
60
92
66
10
75
97
66
88
1
45
20
44
14
26
82
34
88
69
96
40
55
10
47
98
86
35
53
88
89
72
44
1
64
62
63
91
60
29
79
13
74
51
9
40
30
91
27
18
13
23
58
20
86
5
18
72
92
72
13
33
96
57
34
12
19
98
3
31
79
82
97
6
86
58
46
16
2
73
86
15
49
45
35
87
2
6
11
47
30
76
80
26
85
67
38
5
17
41
88
96
75
37
2
13
96
1
81
98
26
68
65
27
65
52
14
67
10
78
66
40
54
47
18
40
14
8
97
83
49
37
79
77
75
34
42
23
87
24
73
