390
27
48
84
0
95
17
43
50
38
62
33
65
61
44
3
85
95
60
50
8
14
93
28
83
47
10
77
53
46
56
94
25
5
78
25
52
95
20
2
86
34
87
3
96
84
6
81
79
18
84
87
32
77
67
16
76
30
93
30
28
2
24
53
7
3
30
11
50
50
13
88
84
53
91
32
37
49
14
68
68
50
7
52
79
27
20
55
57
66
37
37
68
62
90
75
17
20
38
19
22
51
8
58
56
51
91
93
1
57
13
21
7
21
73
38
48
94
93
57
60
31
94
28
45
36
55
14
8
93
33
82
96
93
40
53
97
31
98
98
88
12
19
47
33
44
85
33
90
31
90
50
14
36
30
59
24
37
73
84
30
58
66
79
52
6
32
49
90
30
99
30
42
70
78
27
66
63
60
57
46
2
59
60
90
90
19
66
27
44
50
10
3
68
89
7
75
73
8
17
55
59
47
50
29
25
77
47
41
90
4
87
92
64
0
35
6
71
1
85
16
4
95
71
72
36
30
99
61
90
16
17
49
64
67
30
41
96
77
34
86
82
74
31
98
74
66
4
45
19
41
13
23
89
36
96
25
18
47
39
8
64
8
9
80
75
39
73
23
69
8
10
3
82
41
1
56
59
57
53
78
98
19
2
87
55
50
65
74
49
4
34
13
12
44
45
39
35
19
62
4
27
24
7
61
65
60
69
24
17
22
55
68
93
57
55
49
59
72
75
8
28
9
74
40
5
71
31
41
90
46
45
69
70
5
30
36
65
51
12
35
74
67
55
67
76
62
68
87
35
95
48
63
5
22
56
10
93
87
51
36
33
49
57
56
6
40
44
23
91
56
58
17
76
65
37
4
28
5
44
63
1
92
78
58
14
34
20
59
74
24
