350
90
44
71
19
51
49
10
63
77
50
28
70
11
83
12
59
49
77
78
56
70
54
3
42
53
65
94
35
74
88
90
65
32
61
36
36
62
46
51
40
48
31
62
59
14
74
71
63
52
1
71
74
7
26
16
60
92
63
47
66
51
37
83
35
51
20
71
13
18
74
5
67
5
68
78
71
42
49
87
46
2
10
20
9
37
89
70
81
52
69
47
3
59
83
38
10
3
62
75
73
88
81
40
46
1
19
17
43
20
4
90
23
15
10
84
4
99
6
85
3
76
84
6
35
19
97
97
74
11
24
48
99
57
88
45
58
59
15
2
32
71
44
7
38
6
91
42
58
98
79
61
26
16
20
13
35
17
10
10
80
86
10
31
44
98
29
54
10
44
56
42
15
52
49
6
59
92
48
17
90
80
30
16
96
50
81
83
19
91
93
99
30
3
31
26
54
60
80
16
56
89
10
23
41
11
29
52
3
30
21
46
10
52
14
58
2
96
41
22
39
87
73
69
42
4
95
96
16
28
64
24
17
74
48
58
85
77
63
41
59
84
87
21
36
1
79
39
97
73
13
89
60
86
58
2
43
6
51
59
34
15
84
51
42
84
61
27
13
24
68
73
61
7
94
97
9
26
88
58
99
1
47
11
40
58
65
83
64
16
94
50
84
30
53
26
14
66
5
28
43
26
53
4
33
99
1
94
25
42
5
76
95
52
87
35
62
53
18
78
21
65
28
5
95
33
31
10
0
89
90
43
15
43
47
0
94
0
95
20
42
0
96
38
4
36
73
19
89
44
97
