635
58
27
54
78
21
44
16
77
28
68
17
15
73
43
4
51
38
44
48
75
28
86
23
9
23
41
94
39
34
87
60
92
66
67
70
87
11
38
65
91
59
82
59
32
77
63
84
68
7
84
43
87
22
67
96
98
60
43
37
94
82
49
86
49
68
8
36
31
99
1
23
10
35
82
42
65
97
78
33
57
15
28
44
89
95
93
39
7
88
28
1
70
78
39
19
98
48
8
30
99
61
5
9
97
39
3
14
36
82
47
93
49
75
38
90
23
83
30
30
71
58
32
41
36
23
61
87
71
21
69
22
82
74
31
79
13
35
93
1
69
92
95
18
20
85
8
43
68
38
73
39
49
57
32
37
81
45
24
4
66
93
27
49
19
58
80
84
45
26
86
14
18
81
84
38
18
45
33
86
35
7
77
84
16
61
22
49
7
46
6
25
92
33
74
11
43
7
96
89
33
34
55
51
67
40
42
85
37
75
23
72
34
0
57
51
13
79
52
20
77
58
98
69
43
72
81
87
31
29
28
64
15
83
68
82
75
10
67
12
85
90
85
72
42
94
75
55
73
27
28
50
86
78
72
81
50
53
68
82
34
48
98
49
32
66
31
59
76
50
24
14
92
61
86
34
55
61
41
80
40
21
82
78
99
54
60
2
59
28
36
93
29
34
94
61
53
77
72
29
27
48
95
19
9
33
5
16
94
99
96
87
20
79
65
72
33
25
26
93
6
62
38
35
48
33
48
1
62
72
83
90
21
78
61
30
12
19
47
58
18
95
45
90
74
11
14
60
88
40
53
94
54
43
81
3
28
81
4
91
54
87
33
75
18
46
57
30
65
56
88
35
52
86
78
26
97
92
86
37
85
91
32
39
35
65
42
15
47
99
6
1
38
91
28
56
38
85
38
3
42
79
91
94
65
69
72
14
13
59
51
50
2
35
90
89
1
84
5
48
35
63
1
74
55
29
82
93
14
21
48
56
52
39
2
17
60
75
83
26
34
34
28
88
70
70
78
23
55
35
71
42
98
72
16
53
53
51
46
67
24
47
76
76
38
78
93
51
53
28
29
39
62
57
28
84
28
58
7
35
93
30
77
91
54
46
45
7
97
43
75
21
90
3
97
81
81
42
32
35
70
61
26
84
18
54
21
46
64
28
33
57
11
11
49
17
57
46
25
6
41
52
27
84
55
76
65
88
18
97
23
40
58
50
76
28
56
97
27
21
78
60
30
89
71
31
6
80
77
83
86
71
35
13
55
42
41
20
31
11
69
6
51
79
8
28
7
65
77
34
38
55
95
68
44
18
0
3
99
29
86
85
0
74
51
7
16
92
27
99
4
48
6
7
27
14
87
35
31
65
69
21
72
16
90
17
35
42
72
86
71
58
23
24
84
74
31
1
19
11
52
75
59
58
34
87
25
22
22
8
39
43
30
11
12
20
