475
91
50
66
45
4
15
54
1
16
36
7
38
96
51
3
16
57
30
90
96
14
85
85
71
95
2
48
26
74
52
95
18
55
13
63
59
28
70
12
97
6
19
35
54
22
91
71
79
21
13
28
87
50
13
58
46
68
7
24
94
11
19
12
18
33
28
77
13
98
89
10
56
60
98
11
82
89
34
14
62
99
42
49
50
7
60
48
27
19
72
22
30
44
86
49
29
66
78
94
16
20
5
73
80
3
36
15
44
22
81
6
21
23
7
23
82
67
71
10
86
96
84
69
40
22
18
21
89
48
15
5
68
72
30
1
27
66
16
71
40
97
29
14
72
37
37
54
56
61
16
43
9
0
12
1
23
82
22
64
30
89
69
99
62
0
0
41
18
68
13
59
65
94
25
89
31
14
43
88
27
12
83
36
12
47
37
87
29
11
51
59
1
73
10
15
73
10
56
43
78
21
54
95
16
79
84
99
94
80
39
21
92
22
10
56
69
47
44
98
11
47
10
64
72
20
79
97
83
87
41
61
9
95
9
77
27
93
76
21
73
16
94
65
90
4
22
60
4
18
10
15
17
72
79
42
93
10
39
76
97
32
89
58
28
98
35
55
44
64
28
17
32
74
35
22
31
9
34
35
79
97
2
48
69
33
90
14
95
82
42
92
14
32
3
42
82
90
49
26
6
29
96
38
4
31
13
87
92
47
74
71
96
76
19
66
61
62
32
56
44
75
0
58
59
3
53
93
46
54
20
52
84
16
91
40
99
4
27
91
3
53
14
0
29
85
18
42
47
2
98
43
29
50
2
88
6
55
34
52
61
54
56
45
22
99
37
73
55
16
16
59
69
30
11
50
67
81
92
15
83
42
58
13
93
12
53
51
19
87
3
81
93
11
78
67
11
16
40
66
32
56
77
2
38
40
4
6
73
97
73
57
91
31
22
36
96
75
87
15
15
42
96
8
54
75
76
17
43
68
35
75
77
65
29
15
57
34
73
31
83
98
88
26
82
62
63
78
89
2
93
4
45
42
13
51
17
41
20
12
9
55
87
38
72
69
54
30
55
79
61
90
78
1
16
12
