819
98
9
40
61
48
56
19
4
54
86
73
56
34
93
13
76
95
22
40
87
9
14
13
99
23
16
54
34
78
85
12
76
46
52
37
46
60
56
51
14
94
24
23
81
69
88
57
64
10
98
4
19
64
69
71
40
85
77
74
63
14
86
40
13
90
29
59
51
38
10
17
32
87
40
13
56
28
23
73
91
73
29
62
37
98
85
29
83
63
4
98
29
42
38
42
33
20
2
36
58
64
53
42
51
46
8
60
26
31
85
17
56
14
32
45
12
17
75
47
32
31
45
62
73
36
4
58
8
58
94
18
75
0
60
26
98
20
38
24
3
23
94
59
37
26
5
1
95
32
0
28
63
98
90
36
86
46
95
94
57
41
64
32
93
76
10
91
97
49
68
0
72
62
12
62
40
69
15
35
1
16
15
16
14
5
52
52
4
99
46
13
93
10
97
86
86
7
78
35
56
46
88
81
60
0
95
0
21
10
87
22
78
3
38
44
60
42
96
16
94
94
29
87
4
26
73
43
86
3
30
42
49
18
75
61
18
70
61
39
33
1
13
11
4
3
56
16
98
52
33
92
47
14
79
3
93
4
98
79
8
29
73
9
99
49
71
18
19
84
9
4
85
75
16
41
78
72
10
76
76
95
20
75
9
99
31
54
4
29
33
64
10
59
73
10
8
96
80
79
33
41
84
18
16
0
12
47
24
74
75
0
69
96
28
30
47
59
85
3
40
70
67
3
29
93
65
89
41
97
69
74
38
53
45
7
5
9
6
81
83
33
33
52
29
61
34
29
20
71
32
13
94
52
16
23
97
81
65
38
30
34
13
68
39
10
27
96
19
85
77
2
19
10
6
0
72
92
29
44
64
14
9
58
18
25
33
15
58
98
5
88
84
70
9
75
80
88
71
99
74
48
53
93
11
59
93
35
52
75
79
68
89
41
78
7
66
11
74
77
62
79
17
46
2
78
22
82
19
45
34
93
46
87
38
57
99
31
92
3
58
23
71
47
64
1
6
83
12
32
60
26
12
29
73
66
60
47
48
79
44
34
24
90
22
62
47
73
93
39
76
4
63
99
51
79
0
10
62
64
42
74
91
6
56
16
72
16
15
73
47
59
7
71
50
81
33
97
54
78
89
30
82
4
29
34
83
81
96
46
46
38
20
37
45
76
53
69
44
68
42
91
27
2
62
29
83
95
27
38
74
16
68
56
20
50
42
3
83
38
1
29
29
22
18
26
50
71
95
95
91
90
38
71
92
1
0
75
48
79
13
22
95
34
31
67
36
25
23
19
16
24
49
45
98
67
71
49
91
66
96
34
8
34
5
0
87
58
76
36
37
89
10
85
75
41
52
11
67
75
83
83
52
32
80
50
51
51
51
94
69
99
29
78
86
86
78
73
96
6
61
34
48
72
71
23
13
23
87
32
51
70
67
55
2
47
5
5
98
9
52
20
60
33
98
46
19
28
72
68
35
33
54
83
57
25
58
71
48
45
55
51
15
23
6
69
70
64
75
21
25
79
41
85
12
39
84
83
19
8
51
54
93
5
89
51
30
48
74
31
93
29
34
61
4
41
30
75
57
57
96
82
36
89
19
48
80
55
84
99
63
35
6
57
93
95
60
75
95
34
6
41
15
41
2
20
34
32
47
43
90
95
25
78
84
96
79
64
52
63
15
15
98
21
24
43
69
84
19
64
18
77
5
86
18
7
6
4
92
5
47
34
0
24
12
36
21
43
52
25
6
67
40
57
89
65
0
58
1
19
22
72
97
80
58
67
39
16
24
83
21
23
17
73
48
82
9
21
25
61
46
84
28
38
41
69
55
41
27
57
61
2
29
10
34
39
77
73
55
1
