964
44
8
3
87
79
31
33
4
38
7
16
57
27
36
30
59
18
13
35
20
87
57
76
69
57
89
89
73
20
77
67
16
37
71
3
16
54
89
20
92
48
88
1
75
25
83
87
95
97
22
67
36
80
44
5
37
85
95
10
57
24
30
73
62
1
77
78
7
18
51
51
66
39
53
93
16
36
80
11
85
3
31
21
35
27
79
24
12
26
87
22
50
17
95
12
70
24
43
77
42
94
80
8
33
85
2
50
22
34
13
59
37
96
33
72
23
12
97
88
38
84
10
40
1
5
53
23
30
96
0
24
42
32
33
75
18
87
77
92
21
43
51
11
39
84
83
63
48
32
3
38
68
13
79
21
70
84
44
52
32
96
77
74
29
10
1
47
49
31
39
22
26
42
33
65
79
69
80
27
53
83
18
22
48
49
43
19
85
40
71
17
36
48
43
65
10
96
64
11
79
55
34
5
98
19
23
77
88
3
56
42
39
26
16
87
75
11
6
60
51
30
29
88
78
24
5
41
73
70
52
52
25
38
10
75
58
33
4
98
36
61
92
27
39
8
15
15
20
73
27
23
3
9
11
82
33
69
75
58
39
27
11
16
66
21
44
24
54
48
74
42
9
67
22
49
75
37
16
47
10
95
71
66
4
34
0
90
3
75
48
94
2
11
63
20
84
7
96
38
55
71
33
17
38
55
66
65
44
34
65
6
81
36
72
38
22
72
80
26
47
80
72
2
92
35
74
76
42
71
67
98
94
52
15
84
59
33
49
3
19
66
61
0
2
34
38
77
58
18
3
58
99
75
60
43
11
86
19
5
9
38
3
3
90
70
87
49
3
89
4
22
55
66
75
10
52
65
39
10
36
42
68
35
69
80
30
32
67
1
90
76
40
93
32
82
64
71
84
19
60
40
94
68
6
69
30
10
34
69
21
70
63
41
57
84
22
39
69
41
41
59
17
33
4
1
67
20
73
51
40
85
92
34
53
50
55
35
61
41
56
34
64
71
27
73
8
49
65
77
42
6
88
12
91
92
13
58
13
86
10
5
72
54
91
77
56
46
65
17
39
21
3
55
45
31
29
53
32
94
82
75
52
70
87
43
62
0
53
27
39
15
32
63
69
23
40
26
21
57
95
61
31
99
16
76
82
97
81
14
43
63
41
47
33
28
42
47
81
96
75
20
11
59
83
33
83
75
59
4
33
6
17
64
57
86
92
39
35
73
6
79
36
47
78
21
28
21
68
9
17
95
81
80
55
16
13
38
43
24
94
76
31
64
92
40
50
36
32
85
9
90
16
97
37
95
70
17
68
39
26
85
86
59
65
41
27
31
31
71
55
78
99
38
42
44
79
92
80
11
29
42
1
98
91
90
45
62
8
13
53
86
98
39
98
15
81
25
46
64
96
2
42
96
40
84
40
71
28
72
34
58
14
87
8
58
30
53
20
38
66
73
76
16
12
74
31
45
52
78
10
48
32
4
96
24
89
88
96
17
13
82
27
79
70
35
37
0
88
57
90
54
30
18
22
95
45
54
40
97
84
2
97
16
7
94
92
48
34
40
65
47
23
93
27
45
80
16
97
69
74
87
75
56
57
98
3
2
4
44
99
88
98
97
56
57
43
48
5
29
89
71
29
64
16
8
9
96
24
6
17
50
45
45
7
2
95
10
5
51
6
56
39
57
5
47
14
48
95
20
30
36
43
59
0
59
67
61
7
43
67
77
94
64
74
53
67
69
15
72
72
74
80
11
31
86
10
97
86
5
17
16
94
60
27
46
71
46
8
79
90
27
8
36
92
82
89
11
3
56
35
75
30
15
38
13
1
48
11
88
5
80
56
99
41
84
98
12
30
58
43
20
85
51
8
29
85
97
40
88
54
27
15
36
43
53
50
44
1
61
84
59
41
41
58
34
25
8
99
55
66
94
28
52
46
36
33
83
86
26
24
92
53
39
28
96
45
78
93
46
91
77
57
85
70
16
71
95
76
70
3
43
65
83
47
63
71
80
46
9
58
22
1
12
62
30
60
7
60
5
5
4
35
63
41
5
31
12
53
7
83
8
2
0
91
49
63
14
82
61
24
40
36
25
4
98
7
17
57
20
22
62
24
57
77
17
63
60
29
68
20
12
76
22
64
19
72
79
33
6
93
57
46
29
35
3
27
94
20
36
66
94
98
42
52
