994
19
79
35
20
98
44
27
69
30
64
35
27
0
12
1
45
64
94
35
84
38
84
36
19
30
78
96
34
58
93
19
77
73
54
97
23
51
76
93
81
93
80
8
93
92
9
90
9
56
78
45
46
62
81
65
45
11
62
79
69
55
50
47
80
5
96
4
56
25
49
37
18
29
46
11
74
7
54
83
63
84
28
9
98
61
75
43
73
89
75
42
44
25
41
77
82
38
81
38
15
82
28
33
11
26
96
85
85
50
20
49
86
0
10
85
62
37
28
87
26
55
81
23
81
23
52
63
13
33
54
28
15
34
61
78
12
57
16
97
60
36
98
46
89
61
31
3
98
12
90
77
67
71
52
0
46
4
16
59
89
22
39
56
56
52
34
68
62
2
17
22
91
68
20
80
29
4
83
79
68
73
56
87
96
60
88
43
16
4
54
57
26
94
13
34
98
0
54
60
2
71
34
93
39
7
25
68
11
8
0
79
81
56
66
30
69
6
73
37
10
79
95
88
25
60
22
24
60
28
84
15
0
71
60
91
78
86
12
89
94
12
20
28
20
38
58
41
45
83
79
7
62
74
48
88
86
22
64
47
51
48
14
3
71
74
94
49
12
58
38
7
70
10
87
43
1
97
84
98
80
63
5
94
89
5
34
76
28
98
75
31
99
89
34
70
15
80
20
28
91
10
87
13
73
26
56
74
23
41
72
55
56
29
49
98
87
36
74
15
86
49
98
37
90
84
8
5
16
80
85
7
42
24
21
15
50
77
41
73
70
65
80
79
95
30
77
82
18
51
49
4
52
99
42
94
83
2
51
99
34
37
59
76
61
80
44
12
9
37
37
32
3
18
11
50
0
40
84
70
91
33
74
95
84
68
89
67
22
40
18
56
29
77
85
43
57
81
7
19
18
44
51
73
14
14
23
66
54
7
36
97
92
63
92
76
31
33
95
54
25
14
10
55
43
47
98
53
28
5
72
99
1
23
72
68
89
48
34
43
7
71
40
0
34
84
28
17
69
24
71
94
90
34
1
85
81
51
38
62
8
10
61
62
85
85
30
74
33
64
69
41
87
9
93
73
45
73
91
66
49
62
13
39
48
14
25
30
18
63
44
78
26
57
40
11
42
22
38
28
39
7
21
78
69
14
52
14
87
43
81
37
5
94
28
54
60
5
36
30
21
32
61
47
89
1
10
31
76
48
11
67
8
32
45
77
98
97
43
86
40
76
75
98
22
55
4
83
61
40
65
34
24
26
33
13
80
43
96
56
44
8
23
52
40
20
81
39
18
24
77
58
1
4
56
23
59
60
58
72
52
24
6
28
2
39
41
82
35
38
90
31
98
65
35
90
86
16
81
56
40
10
14
41
14
23
17
26
35
75
50
40
51
57
68
54
48
10
88
35
0
31
66
50
96
1
40
34
69
74
90
10
84
57
3
51
32
20
77
67
48
27
7
99
36
76
53
37
86
94
72
38
25
91
88
73
44
80
60
14
54
2
76
39
59
79
90
91
52
67
11
0
46
18
99
83
94
5
72
32
99
96
22
76
39
10
49
84
91
61
50
97
64
78
36
75
57
78
19
61
97
30
61
44
48
13
79
95
70
51
79
69
99
2
97
39
64
98
23
7
60
25
5
24
3
93
51
12
72
70
74
69
0
87
13
1
52
44
96
22
47
27
43
47
29
40
86
94
39
61
53
99
86
58
75
41
52
26
53
24
97
79
45
49
67
11
50
71
55
98
94
3
26
37
50
7
78
36
53
69
97
7
20
35
17
95
76
21
73
81
97
22
61
43
24
80
54
74
51
9
25
45
64
3
83
14
10
13
2
64
82
51
23
2
86
40
49
14
62
74
96
59
49
57
2
73
89
8
99
40
18
24
86
82
27
21
49
90
34
51
6
68
55
29
22
41
21
23
8
83
97
4
95
46
13
49
71
2
58
71
42
76
47
80
10
27
1
59
17
87
63
23
7
18
4
29
11
25
52
19
61
2
23
56
48
88
5
20
90
63
43
33
91
90
13
54
17
67
13
86
6
28
61
14
98
65
95
10
43
48
81
4
50
57
60
50
45
17
22
36
33
17
69
76
8
34
30
77
53
96
16
60
24
77
26
23
95
21
85
38
21
66
42
23
23
54
26
69
71
0
5
56
18
26
33
78
12
63
7
66
11
23
78
88
1
4
11
96
77
48
86
51
14
28
26
90
34
52
11
57
5
68
14
23
94
99
53
6
14
60
24
26
84
2
14
