264
66
46
44
30
65
70
49
85
8
19
2
33
19
23
16
74
1
30
60
34
31
15
16
32
98
71
51
99
29
12
76
47
59
72
77
76
42
26
13
2
45
15
35
16
90
52
90
91
34
50
77
17
66
93
1
16
65
52
15
46
17
91
93
28
63
22
56
57
48
69
59
45
37
46
62
27
50
52
71
84
55
48
53
21
42
55
89
59
59
56
57
76
47
50
4
62
24
12
19
24
82
30
69
19
76
83
46
27
88
17
63
43
18
17
16
12
24
57
71
35
13
28
64
12
30
20
26
6
33
97
30
15
27
51
86
55
35
32
82
75
2
98
70
72
67
86
84
91
43
7
78
8
87
42
20
69
63
46
75
96
43
5
63
70
56
49
77
43
33
12
70
87
10
40
59
77
26
43
20
21
2
50
29
89
93
1
58
56
47
33
4
90
90
67
12
99
16
42
42
1
54
13
89
64
5
48
93
32
44
65
5
46
67
87
88
60
88
46
68
36
32
72
78
22
91
43
21
7
85
16
61
91
81
50
7
86
98
52
70
94
69
76
41
36
63
81
97
3
27
17
39
11
90
70
34
33
65
7
41
2
23
54
93
4
