669
19
13
47
82
31
39
44
38
53
52
20
33
54
49
64
38
10
2
90
76
29
83
62
2
14
26
37
55
45
44
86
65
57
86
99
41
25
43
79
78
48
51
63
2
1
79
92
63
81
35
39
62
18
54
64
32
80
1
40
78
98
78
95
7
64
94
48
41
89
80
71
89
31
34
91
32
66
36
48
47
71
39
10
89
93
26
73
26
28
65
56
26
44
51
85
60
97
34
2
38
14
25
28
45
12
71
30
78
7
78
25
78
69
87
19
63
14
93
41
94
10
97
72
6
0
57
67
97
43
21
35
57
98
63
55
10
35
37
88
94
67
66
73
36
5
92
51
71
37
92
17
0
41
89
6
41
99
25
90
42
98
26
52
97
41
7
59
28
96
48
23
63
66
48
99
71
40
3
95
30
95
12
30
89
54
88
30
53
14
21
47
64
99
99
61
92
58
21
21
6
21
96
69
87
44
21
10
36
24
5
66
71
70
48
60
24
37
43
29
3
16
28
67
15
80
81
7
38
2
80
45
75
76
66
62
20
39
24
9
63
82
75
87
52
76
99
28
13
42
9
68
58
37
35
73
17
16
33
8
70
13
5
45
42
23
59
14
63
84
23
78
18
51
65
22
27
65
2
92
59
11
60
18
0
47
43
70
64
28
78
34
94
35
32
36
58
91
50
21
27
74
52
45
77
17
19
4
34
21
96
46
32
8
64
85
55
59
55
71
40
85
58
34
20
90
70
78
33
72
52
61
46
4
58
23
73
78
79
8
99
27
54
84
35
70
21
43
81
76
14
21
61
72
55
81
14
77
11
48
50
63
61
48
67
19
24
93
49
3
53
1
31
7
37
18
29
58
61
62
34
76
84
47
0
91
28
15
69
91
63
19
55
24
67
74
95
91
67
45
95
20
46
78
79
35
96
60
93
10
23
79
86
59
26
38
50
6
53
19
97
16
38
4
92
58
31
88
49
98
85
96
71
83
26
2
18
75
63
11
85
38
90
23
97
68
61
47
74
15
19
23
83
9
80
28
67
11
16
69
9
53
17
32
36
44
35
54
19
50
17
4
40
59
79
37
27
40
36
53
7
7
28
91
17
8
71
36
19
39
57
81
92
75
65
28
19
52
34
90
54
51
46
94
62
25
83
41
65
72
46
25
79
74
68
48
35
39
37
6
78
94
39
70
69
5
50
40
57
84
82
12
87
28
58
1
5
42
42
71
14
40
48
45
14
16
46
1
55
83
8
85
77
47
55
99
4
57
39
14
93
22
78
32
2
36
33
8
30
27
31
96
67
79
42
33
95
40
35
2
23
95
87
0
94
94
99
99
51
91
65
96
65
43
28
19
79
13
27
10
40
10
6
7
41
0
92
88
40
27
90
63
74
77
16
69
23
67
20
26
10
85
22
75
28
50
95
59
63
74
21
55
37
28
62
78
80
7
67
21
34
57
36
61
87
4
30
10
24
2
37
34
39
11
62
67
62
9
78
77
83
0
33
20
80
47
51
60
54
18
