676
60
84
34
15
22
31
43
33
31
91
29
35
17
88
18
42
63
17
10
54
63
87
86
51
84
55
16
65
44
56
80
4
92
14
71
14
98
15
47
29
6
29
17
76
17
35
70
33
4
80
87
68
67
25
19
51
80
88
68
24
96
48
81
88
15
4
55
13
71
54
94
30
83
11
6
53
99
28
86
55
8
73
23
28
50
95
79
30
35
0
54
83
48
87
23
15
92
78
80
63
85
75
45
68
86
3
21
37
31
59
93
40
84
68
68
34
15
99
64
2
99
71
85
0
58
9
15
2
39
48
18
24
23
63
45
61
67
18
99
98
78
44
90
62
64
10
49
80
10
13
82
61
84
68
61
95
29
29
97
68
77
15
45
52
79
90
13
46
8
64
96
38
60
87
53
25
97
2
5
59
67
39
21
4
59
82
99
88
63
96
9
40
64
54
44
43
96
58
41
4
74
89
95
35
76
48
12
26
2
17
85
21
8
6
25
68
41
24
8
4
73
17
97
37
23
41
32
19
51
25
76
78
14
71
13
91
71
25
69
25
94
54
46
2
13
24
22
6
48
31
62
73
0
59
10
24
53
94
43
56
19
71
34
34
42
99
77
65
76
46
42
22
52
89
77
17
65
99
23
13
82
86
87
83
97
49
7
2
96
2
11
15
74
45
1
68
97
78
86
25
76
28
48
29
69
25
98
34
76
22
0
59
60
39
42
9
40
1
12
36
55
75
52
29
20
53
50
69
84
36
95
60
16
43
41
38
20
40
72
96
14
24
7
26
63
1
35
4
2
99
40
10
74
44
39
47
50
41
68
86
29
63
46
46
58
40
84
78
32
8
27
46
33
86
24
96
88
11
52
42
63
93
52
37
89
44
36
91
85
5
77
15
20
76
13
79
16
97
9
48
5
88
46
38
75
70
87
15
81
39
57
44
84
62
34
74
6
22
17
43
79
47
10
0
23
23
79
91
72
88
39
78
77
37
68
4
59
55
19
40
95
28
37
79
90
23
5
48
97
75
92
77
22
54
77
45
78
8
36
50
48
27
80
25
64
1
81
23
56
0
15
3
81
4
35
71
79
40
72
77
15
16
54
89
70
83
34
0
91
22
51
39
1
83
17
17
84
98
92
93
51
60
96
32
64
31
55
44
24
27
73
91
95
27
81
66
10
15
66
1
90
69
92
91
5
9
9
89
8
1
82
11
61
31
95
78
62
50
74
86
30
47
30
77
74
11
43
36
26
62
89
68
31
81
60
88
91
21
78
51
74
12
14
88
95
9
66
58
11
92
96
93
39
26
71
65
37
14
53
16
76
42
36
60
75
96
48
66
69
78
69
44
43
83
32
38
92
50
48
56
42
97
49
81
75
20
98
13
35
51
81
63
93
17
75
20
66
76
87
35
54
8
31
49
92
63
88
36
13
36
92
7
33
42
40
9
14
38
74
1
89
7
17
34
76
92
55
94
68
94
30
75
54
13
24
46
77
64
35
42
1
79
2
86
73
42
47
88
81
73
89
22
32
6
9
61
