277
26
28
70
9
44
47
24
71
77
81
78
35
95
48
73
13
61
54
26
13
8
94
26
6
92
55
59
14
99
91
17
77
71
87
87
16
86
63
39
63
45
69
50
92
18
23
57
79
30
35
92
38
81
71
45
74
26
56
40
77
99
9
55
70
97
94
38
35
57
78
99
54
47
49
99
17
25
56
48
55
44
93
45
25
64
42
51
42
98
43
19
49
53
26
20
2
20
58
37
30
88
88
84
88
90
83
57
15
92
6
22
36
99
19
13
15
62
65
57
12
60
28
62
13
7
34
15
27
44
53
9
85
93
94
73
83
29
30
98
21
88
72
9
39
92
23
6
54
40
63
18
0
44
80
14
51
66
81
30
11
86
40
96
80
86
21
63
15
3
14
89
92
38
98
83
30
21
90
36
61
5
55
14
1
87
28
52
54
61
35
17
48
27
65
80
13
86
95
80
89
9
69
33
48
20
69
30
41
59
67
55
16
74
69
18
61
49
22
67
10
57
36
10
36
1
42
1
87
38
82
29
47
3
62
47
23
83
78
17
42
97
72
11
71
93
29
84
42
3
4
4
13
40
67
49
42
9
51
81
47
85
10
47
88
25
94
64
8
24
81
3
73
5
14
44
98
95
