237
45
90
10
98
65
5
21
39
62
66
8
38
22
77
24
4
84
9
0
15
49
0
93
49
9
27
57
67
0
28
97
97
19
7
47
84
64
68
23
78
87
32
17
9
9
93
13
93
3
65
60
4
65
54
5
26
33
14
93
85
42
91
82
13
50
81
97
67
2
73
45
89
5
14
98
66
8
11
12
63
28
72
19
94
78
24
20
64
38
66
49
80
9
84
94
59
17
43
78
19
16
24
8
73
90
58
40
50
21
4
13
50
28
32
96
7
8
68
23
46
34
24
79
43
8
25
55
26
68
33
97
37
9
6
10
0
64
2
50
86
6
16
88
35
0
84
94
9
52
69
55
39
93
34
34
54
11
89
80
32
75
29
69
84
35
31
84
52
34
87
90
92
3
78
79
55
14
25
64
66
94
20
57
88
6
92
42
18
33
74
50
8
3
71
93
91
2
29
43
88
68
85
33
23
63
12
79
77
90
43
95
36
63
5
24
22
97
18
40
30
44
42
91
48
13
84
91
67
65
86
56
34
71
41
9
34
5
