219
71
50
39
80
18
91
58
99
98
90
53
0
44
46
81
45
0
30
50
40
5
23
99
75
11
61
62
83
96
87
97
67
90
88
99
8
80
10
59
78
0
64
30
96
62
12
42
14
94
92
55
99
67
54
26
78
15
89
13
63
28
11
31
70
99
82
30
31
92
42
9
45
6
92
41
21
56
35
35
50
27
42
1
94
96
27
25
63
68
90
27
49
1
10
71
1
44
2
32
37
44
94
34
2
38
27
23
94
63
11
44
90
53
45
37
2
24
14
65
93
4
92
94
6
54
65
59
99
67
43
88
63
89
22
66
27
49
41
21
12
4
65
55
58
62
44
60
87
58
77
80
62
22
26
20
76
91
31
75
11
75
15
74
16
37
92
44
39
86
17
3
90
35
58
0
97
54
12
84
12
90
16
27
12
42
47
40
86
79
68
97
6
83
23
22
73
68
18
12
54
36
67
96
23
78
97
20
32
61
5
45
51
73
24
15
16
71
56
54
