346
11
93
37
44
83
88
32
80
63
40
25
83
19
51
89
78
54
63
95
3
56
28
87
84
93
85
63
54
92
16
65
55
61
2
99
96
90
31
76
6
23
53
89
94
5
78
73
11
93
68
14
49
96
53
33
90
39
49
96
83
17
62
38
31
64
37
27
7
21
56
65
44
9
54
39
66
84
64
77
77
32
43
78
80
97
63
22
88
12
19
71
30
81
9
13
97
98
40
56
19
96
21
16
58
27
7
24
11
71
54
40
55
97
18
35
46
82
10
86
94
29
57
76
62
18
89
11
17
82
20
88
30
41
4
88
21
63
65
32
34
19
73
41
68
43
29
15
25
39
1
72
20
11
0
34
81
90
45
50
24
17
39
54
11
95
95
32
59
60
64
45
79
89
87
47
33
16
14
10
55
68
34
27
79
35
61
60
77
58
11
1
76
2
7
87
97
2
19
8
62
35
54
93
77
41
93
62
57
7
72
64
75
7
91
6
94
52
19
71
10
30
24
38
84
31
25
81
34
96
42
48
32
96
42
61
37
35
23
94
94
47
58
22
6
49
80
0
53
99
71
15
81
95
54
65
79
79
99
13
28
41
13
60
37
55
21
26
42
96
20
89
43
30
63
50
31
43
50
36
43
74
51
76
21
5
42
0
37
93
13
65
86
79
77
23
34
50
49
29
46
21
70
41
3
33
91
34
28
94
70
23
68
73
0
89
79
94
42
68
87
55
85
25
34
14
48
21
64
49
2
62
22
24
3
25
9
47
11
37
41
33
61
61
6
13
2
