249
19
42
89
36
88
60
39
47
93
75
8
84
37
93
71
80
21
59
90
73
15
32
15
57
29
58
15
79
55
63
38
26
57
28
63
45
88
2
92
34
29
52
18
67
46
41
99
19
1
90
92
68
74
60
77
55
18
92
35
25
7
73
51
64
53
14
61
94
69
54
80
98
58
98
17
4
92
17
75
45
59
20
13
33
80
90
88
50
34
75
75
42
1
78
58
6
45
20
0
66
26
80
16
84
31
34
41
23
3
16
68
62
36
33
47
68
23
87
18
57
63
45
51
16
76
10
22
21
82
23
87
8
55
3
44
86
89
85
61
92
54
29
6
42
14
53
11
37
93
81
47
56
79
98
24
55
60
46
28
42
21
67
2
77
22
47
63
12
84
25
56
38
6
15
33
21
68
96
10
61
77
9
69
8
8
93
15
20
92
43
63
13
62
17
90
85
64
6
97
1
83
5
91
41
20
24
14
41
20
25
54
50
34
24
58
94
69
74
67
13
69
82
27
32
99
69
17
16
27
66
17
10
71
8
4
92
33
18
85
53
95
39
55
82
15
14
28
37
40
