466
36
44
92
27
40
98
89
6
91
47
19
57
14
20
76
73
17
47
29
99
53
38
89
21
18
94
89
57
81
62
77
70
58
69
97
98
19
86
56
10
85
76
67
51
48
95
24
17
42
6
16
47
44
5
68
62
51
9
71
84
23
48
54
81
69
51
31
88
90
88
50
27
16
69
79
64
16
55
33
11
61
49
58
6
6
79
20
57
88
92
41
12
92
48
45
14
51
77
2
41
65
5
69
33
26
0
49
43
55
82
54
17
31
64
75
37
43
95
46
84
87
39
48
32
87
93
46
39
70
0
32
87
5
1
20
84
53
69
27
9
51
33
78
34
49
53
71
45
0
17
29
88
9
29
72
96
22
18
35
45
18
68
84
76
21
5
60
75
26
39
36
30
72
14
64
21
19
88
66
19
5
47
59
66
76
31
63
51
49
50
48
20
70
32
96
92
89
8
19
16
47
55
46
19
21
62
92
92
50
11
11
8
58
23
74
87
6
37
38
8
88
86
28
58
70
76
2
60
84
73
76
31
80
74
2
53
36
94
45
39
57
9
47
16
32
21
3
38
11
93
46
51
31
26
61
1
2
16
61
38
89
89
69
70
15
23
23
4
70
69
43
27
30
42
95
62
63
50
52
26
43
51
77
74
77
91
28
32
7
41
70
96
31
92
66
98
15
42
2
37
63
97
65
93
39
12
55
55
63
59
81
6
10
11
33
88
2
13
72
9
54
42
5
37
34
24
36
2
18
90
39
81
88
56
26
27
69
33
82
32
92
16
90
3
27
75
43
29
88
15
90
43
9
47
80
44
23
16
98
41
7
89
74
47
98
0
74
67
33
9
51
78
77
93
81
4
69
76
85
57
43
27
52
52
74
33
48
98
1
46
91
60
36
66
7
34
18
34
53
4
95
56
82
72
49
15
28
18
43
13
28
86
92
80
38
66
65
87
16
67
33
8
79
21
26
87
7
96
73
60
0
68
68
34
92
18
49
20
88
92
85
68
30
77
49
69
95
66
8
12
33
41
72
65
15
98
4
22
46
77
35
47
97
3
33
41
