570
12
52
54
91
76
51
8
25
9
70
37
88
17
84
17
49
43
40
72
46
48
37
46
77
16
44
2
24
50
23
21
14
75
27
6
3
78
66
29
39
88
66
28
6
2
97
7
45
89
31
91
89
69
90
66
37
34
20
61
36
43
34
50
18
61
56
73
92
74
2
31
63
20
59
69
22
8
28
67
97
59
11
86
28
1
4
65
35
24
79
23
19
13
73
89
27
82
63
19
56
65
50
19
86
62
40
60
22
68
28
20
80
39
6
8
92
63
26
79
39
57
2
59
70
75
48
49
57
11
68
66
29
71
85
67
85
26
27
7
46
55
79
26
46
38
87
38
1
65
17
40
22
71
51
44
47
0
94
56
63
14
74
92
37
60
59
22
38
39
82
84
94
61
63
93
51
50
31
52
67
1
45
89
24
96
85
71
48
79
80
12
46
54
56
83
66
68
58
4
7
40
41
53
53
4
46
5
6
30
9
25
83
6
66
7
55
51
31
3
83
63
67
29
17
76
64
36
44
22
40
3
14
33
56
68
89
55
25
95
37
86
20
20
93
86
79
48
90
10
3
73
73
71
54
43
99
18
79
95
41
71
98
7
57
6
27
46
13
52
94
50
39
66
70
84
5
2
32
95
12
35
20
38
58
74
33
57
92
12
52
85
35
2
45
92
61
72
39
74
25
85
25
16
51
47
52
56
49
84
51
14
71
71
52
82
97
85
91
42
49
44
79
36
98
24
81
59
97
72
34
74
57
59
42
8
58
94
65
8
30
68
74
53
92
78
35
89
15
27
83
64
23
63
52
21
39
33
81
36
5
67
62
62
78
4
71
36
50
88
96
80
8
70
34
0
48
21
42
63
48
25
79
71
40
84
45
80
17
78
68
23
45
31
37
23
87
60
11
38
48
8
70
57
30
56
9
31
78
51
46
26
29
78
50
21
62
47
1
79
25
22
54
70
53
44
93
40
4
56
30
5
64
1
14
47
57
23
78
35
27
76
14
8
54
16
29
16
63
83
48
88
5
54
10
58
98
55
50
3
11
81
8
28
34
22
75
91
97
5
79
76
81
45
84
36
13
14
4
28
49
4
16
54
59
78
64
9
33
14
12
44
47
72
72
81
46
47
25
96
4
4
72
86
1
57
74
14
23
30
42
72
35
10
78
46
88
94
55
21
8
20
17
8
92
42
89
91
41
66
87
46
70
59
32
23
68
58
37
91
88
31
15
75
93
45
21
81
39
77
54
0
49
24
8
41
66
49
32
7
68
71
5
38
31
89
14
99
47
3
43
