931
78
11
71
10
69
3
35
67
0
60
95
4
45
97
54
90
8
10
30
91
81
2
87
12
57
15
41
29
15
19
73
93
83
44
4
52
0
91
71
0
52
66
4
49
63
10
39
24
21
21
67
2
23
6
66
33
22
8
62
37
79
35
83
14
32
39
66
32
30
90
32
34
56
88
83
72
99
22
96
72
44
63
74
19
69
92
52
43
52
14
33
32
2
16
46
86
55
65
18
37
55
2
72
63
42
55
35
41
78
31
65
74
46
91
93
68
84
98
11
36
12
44
68
14
12
67
52
67
32
70
5
39
24
77
2
67
84
38
60
62
21
26
36
20
17
82
88
1
80
51
90
92
48
58
59
60
25
63
80
9
34
37
48
10
66
51
77
50
89
38
13
62
64
1
82
33
83
70
35
15
22
25
8
70
35
19
82
13
82
62
74
68
99
23
79
65
26
8
16
15
46
81
29
62
82
12
48
18
34
83
33
56
60
93
78
47
64
13
12
99
75
87
19
27
62
98
92
88
59
60
55
5
41
84
20
76
96
68
94
31
3
79
39
15
73
70
14
89
83
27
88
10
66
8
37
28
58
82
16
17
42
71
75
36
7
47
12
56
15
58
39
70
89
78
37
14
0
51
4
35
78
44
98
96
52
35
24
63
69
92
32
12
15
7
0
23
6
64
79
73
74
18
43
63
48
80
78
1
84
34
88
14
78
86
11
31
22
87
46
91
80
78
55
47
38
7
70
44
71
1
18
45
71
13
61
72
46
91
73
30
25
61
44
3
0
55
86
22
43
32
65
75
63
73
22
53
80
45
97
4
98
67
1
22
81
62
94
79
53
19
9
30
32
5
34
32
61
72
6
56
5
24
83
20
97
57
73
29
54
22
33
53
90
35
75
23
49
21
54
55
40
63
85
72
68
71
57
81
44
63
89
1
87
24
21
36
82
46
66
36
68
99
41
10
86
16
85
36
37
39
43
29
54
80
54
75
52
11
56
96
26
98
49
66
22
22
2
4
68
68
93
88
20
34
51
6
51
88
94
40
28
89
70
34
70
24
9
22
87
66
70
13
16
19
79
38
93
82
95
61
2
88
1
22
22
52
81
25
41
27
18
21
17
40
55
39
16
65
61
3
83
83
68
99
54
0
89
47
34
84
60
36
24
61
11
99
66
44
24
7
71
94
80
40
34
87
79
50
52
92
5
87
27
74
38
81
74
28
80
8
64
40
96
89
2
7
88
20
51
64
27
75
59
59
15
93
46
47
96
51
91
1
38
19
75
77
0
49
57
33
9
21
73
6
10
27
13
98
47
17
63
26
92
74
85
59
67
84
58
15
35
50
17
25
69
92
2
21
94
11
54
3
33
28
61
43
7
27
94
55
44
9
81
88
83
19
99
2
3
58
18
38
8
35
63
29
79
18
50
73
29
57
29
14
85
90
10
44
69
4
99
13
65
81
53
0
0
53
54
55
63
72
93
71
59
8
0
91
78
2
64
60
59
45
74
96
88
84
41
57
40
40
23
5
73
76
57
25
81
12
80
44
84
25
15
96
86
67
87
64
22
3
24
81
1
51
30
89
35
71
98
28
63
21
33
89
50
91
14
31
55
47
28
91
24
95
87
62
63
26
79
37
30
55
70
83
6
0
24
94
23
22
22
87
96
55
76
98
98
42
81
5
41
9
97
18
5
84
80
20
63
59
9
45
15
79
28
73
80
52
67
3
26
89
42
74
97
70
72
95
13
6
1
6
15
50
24
72
34
57
44
97
16
53
94
83
33
22
9
65
26
76
68
53
66
11
27
63
81
52
10
46
10
63
5
77
13
29
50
0
86
46
49
55
0
44
90
85
66
99
50
93
28
70
98
94
33
77
9
15
81
19
13
91
83
18
69
48
0
71
48
38
17
98
45
69
94
88
54
60
39
56
5
67
27
3
61
60
33
70
27
14
42
93
6
77
11
75
25
63
98
26
2
15
76
99
85
70
87
91
82
27
48
88
94
75
43
8
35
76
78
15
43
72
8
49
49
19
76
75
35
74
53
89
41
29
88
26
99
76
18
81
55
66
69
49
93
65
57
28
93
88
95
36
60
3
37
10
23
65
37
