462
9
67
54
28
34
78
44
14
2
53
60
66
16
36
49
73
90
60
65
72
44
49
77
20
1
10
89
36
85
31
32
46
98
39
74
33
69
18
99
71
23
59
89
40
47
90
65
37
51
30
61
47
79
38
67
81
1
9
69
38
40
54
84
90
45
58
75
66
28
74
89
52
85
78
44
32
20
9
69
71
91
83
70
70
21
38
3
74
99
25
12
39
79
96
29
24
6
57
42
35
31
31
39
17
61
35
1
81
44
23
5
35
6
75
57
79
65
13
54
64
38
18
55
69
15
37
45
73
94
87
60
77
18
99
46
79
34
48
12
30
71
69
17
29
45
75
60
62
40
66
79
30
85
34
99
52
23
44
25
17
31
86
47
1
37
93
32
24
93
44
54
16
66
24
45
63
99
6
25
91
24
4
21
9
91
20
61
14
16
39
84
99
25
31
0
14
76
32
38
70
28
45
86
94
69
32
57
20
90
35
11
14
91
84
76
34
4
89
49
72
28
85
71
53
68
71
20
44
55
58
14
83
55
1
30
24
85
39
96
27
74
7
93
18
91
69
52
47
59
53
19
39
90
90
93
58
13
65
3
68
75
69
4
31
22
86
7
59
25
4
86
52
11
32
22
55
53
74
54
64
28
26
4
18
68
49
29
82
14
84
2
89
53
6
72
28
92
80
87
70
84
26
74
47
58
96
54
63
70
9
28
50
35
32
21
3
33
50
37
47
86
40
88
39
46
61
67
91
41
55
13
77
33
87
24
91
83
79
54
5
88
34
56
75
18
29
30
51
31
68
50
17
8
91
8
6
52
28
97
45
35
62
22
68
49
98
59
84
77
65
90
17
0
98
44
18
27
75
70
10
43
72
79
51
63
87
9
67
15
59
12
50
21
86
18
23
85
29
7
14
47
97
32
47
47
76
17
74
3
39
36
46
12
15
49
75
55
59
95
22
70
7
25
91
94
43
14
31
25
74
45
72
71
77
71
19
6
88
45
9
28
34
8
92
1
9
19
56
20
14
79
90
74
56
34
20
51
48
51
76
22
96
