273
59
60
25
57
46
95
8
9
72
65
21
42
36
69
83
78
51
81
46
23
66
19
14
73
15
34
22
48
79
14
99
90
26
24
99
24
71
7
86
95
25
7
37
13
28
21
44
31
54
90
54
73
9
20
46
77
55
68
77
34
34
76
76
12
52
76
37
23
35
23
18
12
82
8
26
62
81
70
46
35
12
0
8
21
21
6
50
28
26
27
14
60
55
90
25
7
18
62
82
54
37
1
18
71
61
44
85
42
66
31
29
78
32
38
52
5
44
54
85
23
34
99
83
89
41
8
49
60
22
31
66
11
84
84
34
45
81
20
39
99
3
69
78
87
7
82
92
3
88
29
26
22
80
62
64
22
22
13
34
97
44
0
60
81
36
95
26
17
67
66
69
70
87
47
58
46
81
2
49
69
84
28
44
64
42
8
86
64
73
72
13
17
24
74
50
61
21
29
30
88
47
99
10
34
98
20
80
31
75
81
1
59
9
97
23
51
5
62
68
78
34
81
47
59
7
98
72
28
27
54
68
74
54
79
60
4
51
40
36
26
21
89
37
83
86
61
86
43
75
54
21
61
88
20
72
95
70
44
24
49
51
92
75
5
23
35
61
75
75
49
53
49
38
