806
85
56
15
87
3
27
81
72
94
62
1
27
39
97
99
23
41
52
84
15
42
68
35
98
34
53
76
28
30
64
25
67
20
92
54
23
19
88
48
65
2
49
92
41
46
91
16
39
95
53
6
89
21
41
87
55
94
15
35
76
79
60
44
51
52
50
75
23
38
23
88
41
24
32
34
22
23
3
14
70
56
20
60
77
62
99
84
56
15
20
33
46
32
29
98
37
79
25
60
70
0
1
11
24
33
97
98
57
52
12
79
8
33
91
37
95
91
22
3
58
42
88
4
74
17
54
11
97
79
24
67
79
25
30
55
58
79
54
67
32
18
47
92
51
38
30
98
81
52
2
39
46
42
96
20
60
2
84
9
82
8
28
13
85
58
21
43
89
27
63
73
45
10
66
97
0
96
47
34
0
1
25
46
44
21
66
4
24
2
13
58
62
93
23
47
51
44
91
92
71
6
66
69
16
84
66
68
32
65
54
32
67
80
78
11
53
96
15
29
99
80
87
13
73
63
61
76
7
4
20
31
10
38
0
78
22
18
46
54
83
1
38
50
33
16
13
86
13
80
16
64
12
55
77
85
18
90
13
78
94
86
9
4
24
61
34
99
31
33
5
66
34
44
17
19
12
82
5
25
63
21
41
75
29
71
13
47
61
26
25
8
64
86
64
89
99
99
88
30
32
45
97
18
89
66
37
2
48
42
79
63
16
73
39
45
44
52
44
57
30
70
65
95
8
82
36
60
81
76
90
65
21
39
83
11
5
72
65
6
66
44
69
34
17
60
79
13
64
24
23
95
46
40
42
6
22
30
66
3
6
9
20
27
48
55
90
6
27
55
64
46
52
85
80
21
46
60
35
62
36
10
57
34
50
51
92
73
81
11
28
87
20
49
67
20
4
57
78
84
65
42
30
17
80
10
90
78
22
25
40
10
87
50
96
38
1
89
11
35
0
39
74
72
40
41
92
97
51
71
81
68
65
11
37
97
73
27
75
96
5
68
58
92
18
55
30
71
44
93
6
96
33
33
68
25
26
12
22
29
35
3
97
53
66
34
50
92
62
78
40
67
46
98
59
16
5
42
87
1
35
46
97
20
31
17
46
57
30
20
87
17
76
84
70
94
71
73
86
33
3
26
52
1
77
11
17
82
5
56
84
41
54
81
61
85
51
59
43
33
80
30
50
56
66
73
50
37
98
89
22
1
15
74
2
92
38
71
27
43
27
11
84
82
44
98
19
95
57
62
28
37
44
31
45
63
4
48
52
54
37
75
55
4
49
9
97
87
80
76
31
7
87
67
41
83
65
13
79
23
75
59
12
72
42
10
87
46
58
39
0
47
14
7
51
16
16
0
55
96
76
38
56
15
6
49
99
23
62
78
98
90
89
63
14
32
73
1
30
83
40
83
30
7
90
33
23
59
34
78
55
62
17
63
78
75
13
77
98
27
7
97
17
48
60
31
80
85
32
63
20
25
46
2
32
88
35
55
47
21
85
55
84
54
18
62
29
83
91
80
63
98
77
80
98
89
64
79
26
48
42
46
73
40
48
57
28
35
12
28
57
50
83
41
4
53
55
34
89
46
66
52
96
95
84
94
84
0
25
62
49
19
60
74
59
8
32
88
95
96
16
52
98
51
93
3
56
0
89
45
98
55
97
46
50
34
41
86
34
18
48
35
38
8
10
97
68
94
37
63
42
53
68
41
56
13
44
13
14
85
58
12
40
8
59
42
94
52
28
28
22
28
64
60
88
26
10
8
72
47
23
14
53
91
55
9
5
51
74
71
88
85
83
80
93
94
22
39
98
2
67
21
82
83
33
22
61
