937
65
66
91
2
82
11
20
45
35
93
65
96
32
80
37
24
53
81
47
71
57
5
49
98
45
29
32
68
54
50
51
19
17
43
73
99
54
93
96
41
86
14
89
70
94
26
46
99
60
93
70
69
50
71
19
95
0
52
15
54
2
67
25
71
10
98
22
16
91
19
9
29
85
98
99
79
77
45
30
37
90
0
58
40
23
78
87
23
82
55
29
84
22
6
8
84
56
82
52
47
53
61
28
38
11
27
69
88
24
99
77
14
51
88
6
74
66
93
49
48
0
30
84
22
88
44
58
44
27
62
91
80
23
19
19
87
98
40
27
22
40
5
36
43
93
94
70
11
40
19
11
40
2
95
15
90
40
73
35
19
36
78
99
11
50
70
50
0
11
78
23
3
35
11
46
80
6
16
91
46
88
2
86
42
49
1
84
41
27
71
12
15
2
12
78
4
34
29
4
97
7
27
52
42
91
51
22
97
19
65
95
7
19
33
1
68
87
86
62
14
9
74
81
11
38
59
15
25
88
20
74
95
99
27
89
90
78
11
39
97
76
86
57
47
20
58
16
7
96
30
73
58
56
54
69
95
13
85
72
2
57
46
49
8
73
39
51
51
2
42
1
31
29
58
78
49
68
46
8
17
28
81
75
85
35
44
32
48
81
4
2
90
50
4
51
24
43
2
27
97
44
28
28
25
38
59
74
7
57
82
76
86
15
51
71
50
47
3
51
81
7
53
23
57
57
74
33
52
76
61
50
73
41
30
98
80
41
25
39
99
59
15
85
75
18
56
25
17
11
28
98
18
82
22
27
91
96
13
96
25
74
98
98
15
80
96
47
22
21
38
21
81
53
6
8
23
14
33
41
77
62
91
47
96
13
74
39
62
87
35
87
13
85
37
81
66
85
80
88
7
19
61
40
24
67
48
48
33
33
41
10
47
32
9
95
98
83
35
60
23
22
99
88
8
88
21
26
73
2
14
32
21
27
24
45
94
24
45
79
58
86
41
57
19
50
53
69
85
40
81
60
14
32
1
22
20
22
0
93
24
66
78
45
93
2
43
39
27
88
18
37
27
11
94
46
13
99
67
99
39
48
11
54
80
12
28
0
35
81
45
59
47
75
57
41
78
52
80
57
40
51
46
67
14
92
65
28
92
32
79
83
80
90
89
12
3
70
12
90
51
10
49
98
85
58
91
15
10
24
24
3
27
70
22
41
63
40
21
7
72
0
90
5
91
32
17
46
2
82
36
53
44
85
3
29
96
47
97
58
71
21
13
50
92
36
91
7
76
13
14
0
65
56
57
56
88
27
2
42
61
38
47
5
76
51
34
24
50
31
82
21
5
48
71
97
84
14
56
12
79
22
64
45
78
74
53
19
1
8
13
62
98
61
19
26
64
53
50
14
37
85
87
94
33
58
43
69
24
99
81
4
21
97
1
51
71
6
22
72
14
36
86
65
49
5
91
13
11
94
27
0
79
14
94
64
24
37
85
0
88
66
56
61
15
57
12
87
16
87
59
30
23
98
95
72
55
39
37
66
33
16
18
64
82
64
80
6
53
65
6
41
31
63
2
46
72
67
85
88
54
97
71
29
95
18
53
50
57
90
69
42
6
87
6
88
52
86
46
5
51
4
99
34
19
53
33
92
20
18
32
74
15
55
55
62
74
8
13
83
98
34
26
56
21
84
96
25
71
94
83
74
99
34
61
18
87
94
62
8
64
95
34
32
50
90
94
76
98
59
60
49
93
86
57
67
70
6
92
93
0
27
68
99
61
29
70
49
75
32
9
91
27
43
23
30
33
18
6
84
77
18
85
71
56
42
90
79
48
82
72
49
62
92
0
75
73
70
24
0
3
85
92
82
29
15
64
14
85
23
98
63
41
35
86
98
78
28
29
78
10
53
27
24
46
80
0
71
50
76
24
53
62
16
88
43
83
52
57
69
75
8
84
69
43
22
19
73
50
48
52
12
1
31
89
99
11
89
71
62
17
95
67
79
63
55
22
46
60
32
67
35
92
51
4
87
25
75
61
75
23
65
40
25
96
29
76
8
18
47
22
35
94
89
67
9
97
41
56
57
25
75
44
17
27
1
5
4
76
18
80
0
83
72
77
31
1
53
