945
8
26
31
44
33
8
14
53
67
85
19
83
38
19
24
64
91
67
42
60
19
40
94
77
81
75
30
31
91
9
42
99
87
26
43
21
86
9
74
53
95
94
88
33
13
64
49
5
31
43
17
2
83
11
31
64
39
61
48
82
70
42
81
58
68
76
79
7
85
5
60
80
99
1
66
65
65
67
22
49
11
91
3
94
54
35
11
45
48
59
27
19
1
8
29
22
84
60
29
22
65
41
2
17
94
20
34
60
88
8
61
99
99
64
45
53
99
8
99
48
67
78
19
21
87
0
95
23
12
76
45
77
69
0
46
64
20
80
76
60
88
37
11
39
53
57
45
5
65
96
5
85
74
24
58
61
76
53
37
88
81
82
17
50
82
64
66
55
96
42
15
37
31
27
76
37
36
73
42
53
69
47
90
44
23
48
57
99
53
94
87
86
29
56
89
11
72
55
18
21
50
86
58
33
13
86
70
1
60
12
6
29
59
97
73
34
97
31
33
3
77
72
89
6
29
30
70
53
86
88
74
88
74
32
21
39
71
92
92
31
56
99
12
68
48
38
2
97
21
36
0
98
60
42
5
41
72
75
95
10
15
69
98
42
54
20
33
77
64
26
60
20
77
72
88
77
10
91
74
83
79
75
82
39
69
39
33
93
66
28
4
81
49
54
75
3
26
9
80
90
87
40
63
16
65
3
93
27
46
67
11
25
94
45
17
15
84
50
9
50
30
65
83
79
19
11
35
98
72
67
88
59
60
3
27
77
7
20
4
5
39
67
83
34
12
0
49
96
2
10
98
84
75
82
15
47
45
2
45
17
70
85
76
82
89
55
59
48
75
15
53
14
83
36
0
95
88
2
44
42
12
42
78
88
76
94
35
21
96
80
38
18
17
66
52
6
21
11
6
96
27
12
63
62
48
15
57
89
17
1
83
30
96
62
70
72
8
57
46
56
89
84
27
6
3
79
65
24
91
71
73
70
83
88
32
84
3
41
25
73
95
8
55
91
22
25
15
82
34
61
91
23
98
18
81
53
97
46
77
40
70
2
62
53
90
46
89
46
88
14
19
35
75
74
78
49
51
93
32
37
7
75
12
57
93
93
10
42
92
39
83
14
42
97
19
32
44
9
30
84
75
49
19
50
75
97
52
78
42
36
15
1
11
79
58
4
73
20
46
17
60
81
31
2
79
50
86
75
11
17
59
87
18
30
89
46
79
41
24
21
77
92
75
88
71
33
44
96
54
91
13
66
24
96
68
55
99
6
30
10
75
41
49
46
23
39
92
2
80
68
76
10
60
51
98
84
36
95
80
42
86
46
8
62
94
28
18
93
87
0
56
62
94
57
60
17
96
52
72
29
21
48
39
33
51
89
17
39
84
50
82
22
48
42
37
42
23
55
88
10
7
96
24
1
53
85
19
50
89
91
31
62
91
22
96
42
11
65
33
48
67
15
22
15
10
59
10
33
14
98
95
22
94
71
75
47
8
94
49
98
85
80
60
28
2
8
70
66
26
56
66
45
71
88
61
33
48
71
18
14
21
13
88
15
85
64
14
45
58
64
43
96
96
56
24
51
16
47
69
94
3
35
40
26
23
53
60
71
24
78
38
45
44
26
12
81
90
78
26
49
42
22
97
91
78
21
94
46
68
63
41
23
98
81
50
21
34
10
45
10
40
83
7
84
9
71
17
52
49
44
1
44
66
50
35
96
71
29
42
92
44
83
15
42
16
65
15
2
27
60
12
68
95
71
4
57
42
22
9
92
18
62
36
84
12
23
32
35
4
74
27
48
58
95
90
26
60
5
29
40
18
93
60
13
65
64
22
7
38
31
99
56
45
87
92
57
10
24
45
14
51
72
62
61
19
4
87
32
10
16
72
80
10
32
45
75
48
68
34
39
51
34
47
97
21
40
6
84
16
51
98
67
76
13
28
95
17
68
27
27
84
51
7
46
83
53
73
84
73
8
23
24
94
70
21
67
62
80
51
31
31
50
50
7
63
31
55
80
99
34
60
35
86
19
82
21
24
7
5
97
67
28
22
61
51
95
29
65
75
80
96
7
82
47
66
45
30
73
78
29
8
90
64
94
9
98
15
34
58
73
31
25
53
5
87
4
1
68
70
28
48
18
35
31
65
