869
70
42
56
76
71
5
21
50
30
76
7
78
34
96
52
91
70
22
38
71
65
61
58
58
14
14
71
51
9
29
65
31
23
73
60
47
78
81
97
61
9
5
91
43
53
43
87
76
17
25
47
34
86
57
45
52
23
68
4
84
97
21
16
73
94
76
20
25
9
69
38
18
74
29
14
80
72
1
56
42
26
55
76
64
65
21
17
88
41
73
73
91
94
41
64
40
17
36
17
78
5
55
48
32
84
62
12
9
63
20
51
41
75
79
6
40
53
75
81
94
48
54
85
94
95
1
86
64
37
4
94
95
59
42
27
44
5
91
53
20
11
56
62
38
35
20
31
40
95
12
87
43
18
72
89
65
26
75
81
63
79
75
10
39
69
89
83
26
80
88
47
43
44
61
34
31
81
65
24
76
29
11
19
99
35
8
16
61
83
97
77
15
24
87
54
45
77
37
72
9
77
19
53
73
80
87
56
13
4
80
89
85
91
60
36
79
20
4
40
55
53
17
70
77
5
24
22
34
13
46
43
90
65
48
15
97
87
72
10
43
52
51
80
96
11
16
27
31
20
67
39
25
85
9
2
42
86
77
28
99
75
71
42
93
20
57
42
59
81
53
3
86
56
83
34
68
52
61
51
24
28
90
50
65
52
4
7
38
33
35
89
61
59
31
54
31
41
96
90
22
1
45
8
58
81
42
78
85
3
29
9
84
72
11
49
76
68
9
14
53
96
3
14
55
87
68
38
28
17
29
2
18
26
11
76
7
5
54
44
61
36
54
45
60
17
94
36
37
55
50
43
52
5
57
7
92
78
46
72
95
27
75
13
53
86
42
13
43
48
57
4
84
63
1
44
33
96
32
22
3
34
65
55
40
75
15
32
53
61
5
0
40
32
65
45
18
7
10
13
56
68
18
92
83
71
89
68
19
21
91
23
56
56
78
48
83
93
32
36
6
89
88
46
21
54
44
91
13
54
5
21
74
75
14
58
46
55
78
66
76
69
89
84
78
67
32
61
13
65
50
19
54
38
18
76
44
62
67
10
16
24
83
91
99
49
1
46
4
79
64
33
49
53
17
79
72
2
40
37
19
42
57
25
33
27
1
29
89
21
39
57
45
23
48
97
24
1
95
29
81
59
62
82
64
31
13
36
85
53
26
4
48
83
30
81
62
83
10
51
56
50
60
2
25
61
51
49
62
46
30
95
5
44
29
69
76
42
57
13
48
83
18
96
18
0
77
32
83
87
35
40
89
96
94
66
57
45
68
71
91
98
67
48
95
96
69
23
91
78
36
39
62
54
35
32
54
12
65
90
51
0
30
41
96
24
59
5
21
27
77
12
78
96
12
73
44
81
96
35
59
32
26
73
87
61
58
93
25
23
83
77
75
65
70
24
89
29
29
10
57
58
74
35
6
38
8
51
19
4
38
31
36
65
56
75
78
14
21
4
37
56
81
65
22
51
89
11
80
70
74
89
29
0
24
87
39
84
38
10
88
29
41
77
46
98
4
24
64
77
28
2
34
61
67
56
64
8
19
45
78
45
34
59
46
11
47
85
95
37
95
36
66
89
65
12
39
21
89
3
99
17
57
85
31
76
41
95
84
12
40
15
58
27
74
4
90
21
41
37
59
36
25
77
77
90
90
68
64
31
72
63
48
81
48
79
58
41
75
94
53
67
9
11
46
84
67
88
57
8
26
16
97
51
94
74
94
36
95
58
19
19
73
67
0
73
99
10
14
26
5
19
45
66
83
44
2
50
32
60
59
10
28
56
62
74
82
8
62
77
18
81
96
91
1
49
64
0
59
30
78
16
1
75
35
84
19
37
35
52
49
46
62
78
54
76
52
36
36
15
66
54
48
14
45
49
63
61
1
75
43
79
91
45
55
78
81
26
16
68
78
65
14
93
95
68
21
48
57
58
15
75
12
63
89
10
65
53
71
66
80
15
98
71
12
53
2
93
79
70
