975
75
7
29
19
26
53
74
58
12
21
96
91
86
83
81
76
87
20
61
22
6
69
27
71
81
38
92
38
47
38
24
22
45
53
93
24
58
67
82
22
88
78
14
26
13
47
54
53
67
15
75
73
85
2
96
66
93
89
57
40
79
81
14
76
86
7
52
44
26
34
19
66
64
33
93
30
80
47
83
99
15
58
72
0
13
69
18
6
10
75
98
41
8
12
17
94
71
70
91
97
56
10
63
73
95
8
3
75
8
86
26
75
96
98
27
9
19
45
67
81
73
65
22
81
77
92
28
48
14
19
97
22
29
13
95
24
73
50
51
81
88
77
56
85
27
83
46
99
81
14
80
6
31
55
39
9
47
67
9
13
86
59
35
15
72
83
91
45
85
42
79
74
71
87
11
51
23
9
50
4
75
30
10
7
85
1
68
84
69
77
97
55
88
85
23
60
68
66
6
53
61
37
79
32
24
42
83
47
52
33
51
27
16
13
34
1
67
54
38
36
32
35
43
72
20
66
33
40
85
91
46
46
28
77
78
52
20
14
0
24
99
3
51
15
69
38
69
36
92
7
24
76
94
67
49
15
86
34
7
71
25
53
17
53
31
47
57
3
61
9
27
13
65
30
28
34
68
49
22
13
56
46
41
51
65
90
18
51
76
77
22
1
83
39
6
14
87
16
69
0
25
96
13
90
26
94
76
47
43
50
60
52
96
1
55
62
44
25
65
72
2
88
74
85
27
32
51
66
48
20
19
74
68
32
16
95
78
93
42
22
95
54
26
92
7
81
6
3
58
71
76
60
11
2
98
39
34
1
57
35
22
76
61
42
61
77
89
39
22
83
13
18
37
39
62
97
72
20
0
30
43
28
43
55
30
41
46
17
42
3
52
16
32
13
11
93
42
0
32
65
84
98
35
21
37
97
70
62
17
71
44
60
51
87
15
82
80
61
99
75
17
3
43
49
16
54
42
58
55
26
75
39
24
10
12
14
59
83
28
76
6
72
89
57
60
56
91
92
70
42
67
39
45
63
88
13
17
82
24
72
60
99
63
85
62
76
51
21
11
79
50
17
51
39
26
63
47
18
8
69
60
27
8
6
90
96
19
8
30
95
32
91
95
48
28
9
76
79
30
87
10
80
56
13
71
82
77
71
0
37
40
61
64
49
19
55
97
90
15
28
86
99
71
33
47
99
42
23
30
24
10
40
5
66
53
28
1
82
99
1
19
40
14
36
41
85
91
38
28
58
18
66
57
89
99
5
40
93
80
70
17
91
62
74
9
16
3
62
50
54
64
22
46
30
58
87
68
1
78
96
59
96
14
68
38
13
73
78
58
54
49
27
97
11
2
58
79
57
21
82
11
37
4
10
19
14
97
39
67
75
35
78
24
49
46
62
14
72
40
24
78
41
52
27
5
6
37
84
63
10
66
26
47
22
36
19
88
34
58
55
61
46
85
37
47
32
99
14
56
92
38
34
33
42
13
38
48
50
75
11
61
93
90
60
68
26
31
56
12
90
64
74
88
49
11
87
33
63
1
89
55
92
75
40
86
88
31
35
91
58
98
52
51
88
64
19
67
96
28
79
86
44
5
26
45
69
13
79
32
67
20
39
11
48
31
97
88
62
84
79
20
83
83
24
23
48
95
90
44
75
70
82
19
27
8
65
96
73
44
80
40
16
19
51
64
3
49
5
17
33
84
90
68
68
14
44
16
61
34
60
37
56
42
56
84
2
21
32
75
17
13
16
86
84
19
2
87
20
7
57
6
92
47
74
12
13
18
28
74
5
40
11
61
34
20
97
36
41
82
11
11
95
79
49
31
99
51
19
71
59
28
77
3
75
4
15
88
74
95
62
79
35
26
93
21
46
42
57
39
24
20
50
19
52
51
51
3
3
22
74
14
50
52
17
77
8
84
65
82
79
79
62
66
5
55
87
51
49
96
43
74
68
45
45
20
97
48
23
0
22
98
14
72
2
83
1
10
67
66
92
98
98
6
64
3
13
3
7
63
51
50
37
19
47
82
40
44
83
15
96
5
65
10
78
67
45
31
29
12
98
74
10
48
80
26
51
94
81
10
57
84
12
46
4
60
80
96
56
63
11
53
69
29
15
99
96
61
30
78
25
80
52
88
28
32
66
32
26
48
94
35
32
7
33
88
19
14
36
75
29
48
80
98
29
48
49
25
9
32
3
86
64
7
74
45
