541
88
77
78
70
74
73
23
81
5
39
63
84
43
1
67
15
6
60
1
50
49
2
69
74
72
17
1
68
11
96
26
52
73
57
22
99
30
97
32
35
36
96
71
31
49
90
46
55
2
0
58
51
2
27
78
26
44
79
94
7
27
73
11
53
30
86
52
12
83
85
47
72
33
18
3
82
60
50
90
63
2
0
14
56
27
44
83
23
75
29
82
3
2
94
8
32
80
60
44
15
97
43
87
30
13
43
65
74
45
7
37
47
7
3
3
86
0
38
61
75
68
95
30
70
89
38
55
21
51
99
89
48
95
28
31
8
71
48
82
16
55
71
15
14
27
19
52
27
57
13
54
77
8
85
48
50
75
3
23
26
54
12
27
49
93
58
58
64
58
92
81
65
16
48
79
43
67
83
22
77
48
76
54
8
13
54
58
41
57
34
67
12
98
46
13
91
4
71
56
14
16
89
79
32
37
58
27
57
41
1
86
89
29
40
50
43
47
8
84
4
94
3
68
93
50
82
36
6
5
44
21
21
33
0
5
23
11
84
32
4
85
18
46
15
10
96
10
57
56
46
14
51
49
82
96
51
16
32
58
74
77
31
95
62
31
53
37
42
37
69
99
75
39
45
90
50
41
0
59
97
98
73
48
47
8
96
99
76
29
9
50
58
40
98
72
23
51
10
18
40
31
17
15
71
62
5
73
55
57
32
52
7
58
53
55
18
49
6
94
30
67
97
88
7
95
61
30
98
23
48
38
54
17
54
25
79
11
50
34
21
35
39
28
93
92
35
63
93
41
57
24
60
6
64
67
1
25
50
99
48
50
90
55
68
44
32
99
7
83
86
28
18
25
9
63
69
44
26
62
38
83
38
98
42
3
18
43
28
20
95
29
70
85
84
90
81
16
90
88
51
76
69
69
53
78
32
22
74
10
36
64
94
75
15
36
78
33
31
58
53
26
87
75
63
23
66
44
92
56
33
95
84
54
17
37
32
49
11
58
12
47
23
6
22
90
94
0
23
77
11
28
56
50
3
19
74
21
16
18
77
1
65
13
55
82
2
39
84
13
97
96
61
72
2
35
62
48
88
37
77
99
65
33
49
21
5
75
42
21
45
72
22
11
85
29
93
88
68
77
53
65
73
14
90
27
2
52
27
90
90
5
89
7
90
38
28
47
66
71
20
11
43
94
22
80
23
16
20
91
45
74
9
19
40
99
46
42
51
74
32
93
