245
40
8
99
33
76
35
27
32
78
83
91
12
53
77
7
14
30
76
75
54
86
21
80
34
30
11
79
39
38
86
57
78
95
8
11
71
43
90
3
73
73
94
85
78
23
45
45
6
21
20
60
59
41
40
93
23
52
24
14
90
11
23
68
58
84
31
81
27
22
84
1
47
30
38
78
5
35
23
11
56
43
72
15
36
64
60
11
16
85
77
58
48
53
26
58
37
10
39
16
84
75
69
83
57
60
61
62
95
36
74
4
31
98
19
67
62
32
30
31
69
60
89
69
13
68
27
2
78
66
18
14
41
88
97
98
48
11
12
43
47
38
47
79
36
19
98
51
3
81
82
72
41
23
93
6
91
20
8
21
38
26
87
31
66
85
81
14
48
93
10
95
32
9
26
20
80
25
23
35
6
5
7
99
29
0
5
72
72
65
46
10
91
33
93
58
70
74
24
18
20
86
14
4
48
92
24
28
17
48
64
75
5
23
74
86
76
31
11
48
96
57
11
40
42
56
50
13
31
26
83
51
13
49
55
61
42
31
41
59
31
5
87
37
81
13
