416
29
73
59
23
62
23
20
76
37
85
34
60
65
3
39
47
19
75
47
67
93
94
99
59
88
7
69
35
54
3
98
83
28
10
58
90
33
79
66
22
16
52
83
81
55
22
80
27
97
27
94
42
73
93
53
14
52
75
49
7
78
99
90
58
9
1
0
95
80
18
69
48
71
52
29
26
26
61
53
75
40
47
17
13
92
23
79
45
98
28
52
28
80
94
38
89
95
38
36
27
56
6
75
27
10
56
54
37
69
59
12
9
7
82
75
99
57
54
96
7
35
48
87
15
43
25
56
90
63
45
18
19
3
45
99
13
2
5
2
71
64
67
33
23
49
8
75
58
14
71
65
49
20
52
16
15
77
25
5
40
22
23
11
25
21
62
38
23
67
93
46
32
60
79
7
9
39
82
19
54
54
84
55
26
36
72
41
65
49
46
57
71
22
20
96
43
83
86
18
50
79
16
34
39
48
42
0
87
24
19
41
30
55
49
56
91
21
97
8
22
96
65
93
18
86
41
13
21
27
83
71
59
99
58
98
47
52
51
87
28
70
80
59
78
29
15
21
2
65
30
24
61
95
17
31
33
58
96
54
38
79
78
97
30
88
47
78
40
98
65
20
21
45
79
99
27
47
20
29
12
50
54
73
98
23
56
83
34
52
90
72
31
68
21
61
8
68
91
0
67
8
20
88
6
52
39
33
99
59
62
11
10
68
36
60
92
92
43
26
96
33
50
79
53
71
92
61
39
84
13
6
44
34
46
2
86
85
35
37
45
50
48
7
70
36
19
62
80
62
40
76
48
90
55
53
61
47
67
53
83
80
11
80
14
58
82
52
95
70
89
92
72
89
51
42
25
70
57
5
85
49
33
33
40
40
38
53
40
5
6
23
86
18
55
52
28
38
57
23
60
46
16
84
88
67
78
65
90
35
23
75
85
56
60
77
97
