435
56
85
29
19
63
41
54
62
64
89
47
13
58
99
22
0
77
9
32
25
10
43
74
78
0
45
45
79
74
68
21
82
6
2
1
21
95
8
35
59
97
83
73
7
34
47
59
12
56
44
89
67
87
64
97
87
9
94
18
35
63
91
70
21
93
23
42
88
31
78
48
81
13
73
88
47
20
48
59
28
92
1
47
79
65
45
18
26
91
88
14
54
80
84
27
73
7
70
62
39
0
62
72
13
35
60
60
55
60
72
35
4
73
83
35
38
80
5
16
71
94
30
78
26
14
5
99
74
27
13
65
27
75
37
40
62
49
53
69
10
25
5
14
98
40
2
88
20
7
56
43
1
87
21
79
53
79
31
79
6
44
44
86
72
81
26
34
31
79
56
93
56
61
59
54
1
61
94
73
69
3
16
22
42
90
54
95
21
85
75
79
29
71
65
53
53
92
40
36
23
96
29
80
9
40
86
62
2
81
35
23
36
3
97
78
45
51
73
66
36
0
98
18
24
63
23
77
55
63
65
79
11
46
11
20
86
97
34
40
30
69
63
66
25
13
44
22
16
70
41
53
22
39
23
46
2
46
23
10
62
40
41
25
86
52
98
73
49
32
13
80
54
29
98
79
94
43
1
10
13
94
15
87
33
38
34
36
37
9
98
51
50
39
76
36
91
74
61
92
7
27
72
61
56
23
92
2
66
45
12
31
40
28
18
25
18
52
13
55
62
11
6
64
50
35
0
41
9
62
34
68
89
58
81
97
81
73
99
99
71
63
82
11
43
1
36
62
5
2
69
19
13
76
83
64
63
36
5
24
50
91
93
39
2
74
88
35
0
39
35
71
54
17
34
98
70
22
60
28
24
29
99
38
57
83
54
20
19
59
97
69
3
90
60
5
16
0
40
68
91
27
91
45
97
77
43
19
0
3
47
76
85
47
66
42
82
20
15
53
32
12
74
35
54
86
92
22
38
84
91
29
64
34
74
61
