316
66
76
84
38
63
43
48
62
62
82
3
7
24
7
41
89
30
1
54
12
18
39
47
21
95
30
13
49
98
32
20
16
8
4
55
71
48
55
33
62
37
89
69
14
48
63
55
78
16
9
90
35
49
90
8
96
20
21
45
70
5
66
39
13
22
46
36
22
1
70
85
90
11
6
4
59
69
59
37
86
69
79
21
70
21
29
18
94
2
64
16
7
82
55
72
4
1
8
27
54
30
64
45
41
70
1
0
40
61
89
78
82
21
51
4
42
32
22
88
34
38
5
93
20
60
65
77
14
73
56
20
56
20
65
97
90
67
50
82
80
91
60
14
12
11
70
7
43
92
95
29
83
0
22
55
13
39
32
79
65
40
99
21
60
17
70
3
84
20
85
16
12
98
30
76
61
0
83
57
44
31
86
27
83
61
83
96
52
67
27
17
8
27
90
20
44
61
23
80
33
61
96
45
11
78
74
24
78
57
81
74
88
20
2
24
81
37
20
85
4
0
55
64
79
45
37
75
58
12
55
92
25
3
89
36
81
63
61
11
73
94
85
13
14
39
37
47
76
10
33
33
10
88
97
89
85
86
64
44
99
71
88
24
74
77
61
7
93
74
18
66
68
55
79
35
95
17
82
71
27
15
4
37
55
54
78
41
40
42
37
91
13
25
16
39
54
29
46
47
55
16
13
23
71
45
58
66
62
93
90
41
60
94
30
16
0
