632
34
14
39
63
27
78
44
87
11
2
54
45
35
39
1
89
0
19
69
59
56
2
66
61
86
62
61
4
23
48
19
57
14
59
73
41
37
17
80
0
71
86
97
7
25
51
48
77
70
69
88
78
72
54
91
10
68
4
15
92
52
86
1
66
97
74
59
86
43
91
38
15
29
36
74
54
87
74
83
9
43
72
87
67
78
30
78
47
34
45
39
87
31
92
5
29
67
65
15
10
56
54
77
86
90
51
92
29
25
28
90
21
0
77
88
30
59
66
77
93
63
68
32
95
61
38
24
28
3
91
38
11
97
68
49
87
19
94
68
97
22
58
18
74
87
6
4
46
25
34
92
88
2
24
35
63
14
11
91
69
3
82
33
0
50
82
40
21
28
60
18
2
71
36
28
58
95
85
57
72
19
1
12
21
77
48
85
92
11
28
61
14
62
94
67
12
29
7
34
57
19
4
12
90
93
40
1
40
25
58
12
96
11
76
18
88
76
55
80
88
35
94
54
98
88
21
62
69
80
48
79
0
53
91
90
46
31
43
86
9
1
50
5
12
26
75
53
3
82
33
43
18
79
97
16
20
19
78
89
51
27
68
51
32
59
94
78
43
37
16
4
91
18
9
55
44
37
8
99
19
94
94
37
25
92
5
45
63
84
35
14
63
3
18
95
15
12
25
10
1
93
14
44
11
75
52
7
12
12
59
84
58
53
21
84
97
27
29
60
63
64
75
78
20
93
25
87
57
2
97
10
95
63
7
58
90
59
17
3
71
76
39
30
82
60
14
79
39
95
40
54
12
67
84
84
12
9
71
69
63
20
31
58
35
38
68
25
97
86
80
21
14
19
51
96
32
17
28
71
12
20
78
76
87
62
60
99
24
83
20
87
55
51
98
90
90
66
16
39
4
96
60
71
16
63
19
48
80
47
71
45
67
1
21
6
64
34
5
40
17
25
27
73
29
25
63
19
44
31
58
0
80
71
71
48
34
43
96
15
90
19
12
10
21
85
16
37
19
74
77
89
99
56
62
28
34
77
99
30
61
10
30
41
81
54
89
15
97
37
82
39
8
46
49
29
32
18
18
3
92
47
92
43
56
6
24
90
84
75
20
45
85
2
38
18
8
27
86
5
16
68
97
24
67
98
54
99
68
24
2
60
24
95
56
80
1
32
70
37
7
42
34
93
96
72
63
5
51
49
62
67
70
11
92
37
10
98
36
78
74
90
91
98
37
99
78
91
31
0
28
38
94
15
83
43
39
47
0
91
96
62
10
18
26
54
55
88
52
43
66
79
34
9
77
71
60
56
14
91
8
43
82
55
10
65
98
49
64
98
92
61
12
3
31
38
57
87
26
62
30
45
41
16
6
18
40
67
26
54
58
87
97
40
42
7
58
40
9
22
38
1
35
50
4
67
41
14
54
67
28
36
64
