599
68
21
81
44
93
12
42
3
70
22
95
62
89
31
31
70
28
24
25
84
39
78
30
81
62
18
64
44
34
6
17
54
27
50
98
72
62
93
75
84
15
23
46
56
6
29
78
34
6
3
19
45
33
1
78
96
72
94
92
6
0
9
12
28
59
63
52
21
56
28
6
23
3
4
79
9
34
58
95
40
13
14
37
99
68
15
95
40
9
87
98
10
97
10
90
56
73
42
30
81
22
88
4
77
92
84
38
78
94
34
70
59
0
7
58
68
74
5
60
36
45
58
98
94
21
40
2
46
82
32
28
57
72
32
86
17
68
25
95
14
59
18
74
59
25
84
80
52
42
40
88
87
51
38
81
72
78
35
18
12
68
98
69
92
31
56
9
51
81
5
66
92
23
92
51
0
28
83
4
70
24
44
9
27
82
42
99
60
78
69
73
98
68
94
90
51
2
0
2
35
57
20
27
32
12
31
84
41
14
41
63
90
85
73
17
20
15
68
80
45
38
5
43
58
52
86
61
54
86
63
42
95
84
21
79
48
52
15
89
19
56
5
9
94
78
79
14
45
47
46
91
37
4
34
95
56
20
8
62
58
24
4
5
8
26
36
8
30
52
50
49
60
55
11
54
33
90
68
30
89
15
21
27
71
56
74
27
28
83
89
39
7
46
44
67
72
81
75
2
85
25
4
45
32
67
0
65
57
20
96
46
87
69
25
58
77
0
85
6
83
27
97
42
73
41
9
97
74
36
51
59
14
7
57
46
74
57
64
31
77
12
30
17
81
55
75
59
7
13
17
42
40
14
84
65
7
45
62
82
82
65
93
48
73
50
94
47
59
58
31
89
70
13
6
4
20
33
63
28
46
80
70
38
94
7
3
1
4
17
35
38
83
81
86
8
83
81
7
95
91
38
84
14
51
42
18
24
75
33
52
74
13
74
12
59
33
16
12
38
85
0
76
20
81
15
28
64
96
36
59
39
26
95
5
30
89
75
54
17
8
6
91
73
32
3
84
66
71
97
56
9
49
32
29
30
47
58
46
95
46
58
87
72
5
92
2
95
20
56
12
28
14
55
54
99
10
38
65
34
87
73
43
36
5
72
18
5
82
65
52
28
23
39
53
80
84
7
75
4
16
39
84
30
94
90
81
5
29
98
39
68
71
34
57
29
6
75
34
41
92
86
21
67
78
74
48
14
34
23
70
50
15
6
32
9
97
14
66
78
12
57
46
84
91
55
13
50
31
99
91
23
37
64
91
15
39
39
81
73
14
51
75
29
10
7
91
7
21
57
85
86
67
83
70
10
39
35
60
22
34
3
45
71
68
88
39
59
79
20
84
94
24
59
75
34
18
66
41
40
