550
51
68
39
72
11
50
93
14
49
39
13
7
5
6
2
95
61
71
23
64
79
8
14
91
62
77
12
67
95
58
5
98
27
96
70
90
47
15
5
96
54
70
3
12
76
57
7
89
28
82
53
59
42
19
3
5
97
67
24
44
25
81
42
52
77
65
43
76
32
0
72
87
22
27
51
50
37
58
39
65
40
93
77
83
64
80
40
61
99
16
57
24
97
52
29
26
17
24
3
1
24
75
88
98
55
91
48
92
49
39
9
42
84
86
77
49
18
69
62
17
85
20
94
82
72
23
60
41
47
63
42
23
39
83
21
46
74
21
38
76
60
47
70
97
34
47
46
4
16
8
74
53
80
68
35
4
91
95
45
90
11
40
13
2
75
86
48
1
59
86
77
71
85
99
68
71
46
66
76
14
27
50
67
7
18
54
12
61
2
9
51
13
1
16
15
76
54
15
78
65
53
7
36
38
7
57
10
5
75
86
72
2
88
39
10
6
46
74
19
0
35
22
13
37
38
80
65
44
47
95
9
0
3
97
38
62
6
48
19
82
86
91
84
74
83
46
32
29
72
51
29
8
73
94
97
63
26
62
7
73
58
68
73
13
18
63
27
24
12
46
58
50
38
43
25
73
41
57
2
14
61
83
74
34
29
71
98
55
85
57
80
95
26
5
8
44
68
35
20
32
34
79
83
24
74
60
97
15
69
99
81
30
34
7
65
63
30
15
70
68
72
50
63
50
7
72
46
75
59
67
60
93
98
95
17
72
55
66
39
24
17
73
55
51
80
72
66
63
87
36
31
11
38
94
62
97
18
8
73
78
27
85
23
25
80
93
97
87
59
37
11
77
62
18
80
42
90
99
57
29
87
88
41
26
83
55
23
53
63
48
83
43
85
7
68
65
52
18
52
63
7
16
92
69
34
73
63
77
72
21
6
59
9
99
37
44
54
13
98
70
13
81
13
99
40
33
16
92
51
21
56
58
37
48
27
23
73
91
0
97
64
59
9
73
58
98
18
65
11
68
87
77
49
52
76
90
85
44
34
89
65
42
47
2
43
27
26
16
70
78
66
34
37
75
59
48
73
29
13
37
97
0
14
47
4
42
89
89
86
23
78
52
66
78
54
9
57
32
77
79
11
43
13
48
70
24
96
96
54
61
33
51
13
47
98
17
89
39
59
75
15
37
79
33
67
34
42
24
18
71
3
29
67
68
78
37
93
26
33
47
88
18
98
53
65
49
71
6
88
30
