849
45
28
27
17
80
22
61
80
19
32
33
83
87
68
69
58
94
70
8
40
48
6
78
23
15
37
71
45
87
3
6
85
32
86
54
64
60
67
44
79
52
77
14
39
97
84
97
91
54
57
84
55
16
14
78
83
3
49
80
42
5
87
79
89
73
34
53
33
1
97
64
53
26
78
44
75
62
41
18
69
51
2
24
67
68
54
2
23
56
83
66
61
70
45
50
95
31
3
80
33
52
44
38
78
74
83
5
89
76
23
58
27
78
34
46
46
40
49
70
96
32
88
57
54
85
59
49
17
62
29
2
66
25
40
96
99
75
1
88
52
25
98
31
3
32
30
1
73
79
23
69
63
11
79
17
49
38
18
66
53
47
68
19
72
60
68
23
88
69
12
40
46
62
23
1
95
53
3
20
84
26
41
99
90
20
16
39
11
34
57
16
33
77
87
57
37
55
81
25
77
45
17
23
7
93
25
54
98
28
26
35
6
68
34
96
40
3
87
3
89
44
19
23
21
7
32
11
14
65
88
91
62
58
15
22
3
92
76
1
20
3
88
78
23
23
27
63
78
14
67
67
11
86
42
84
45
75
47
12
40
36
3
55
46
70
77
49
62
5
2
34
60
91
13
83
66
92
47
44
58
14
11
69
52
54
54
50
81
1
62
73
89
17
28
35
40
5
36
54
11
39
89
71
82
54
55
48
46
54
92
4
20
55
26
72
61
32
74
42
85
88
16
75
58
44
62
98
2
51
52
13
90
93
36
24
99
43
72
97
97
16
2
17
23
80
42
85
12
68
27
97
57
95
24
15
92
39
65
94
90
69
59
32
15
95
56
14
39
80
12
88
48
66
58
71
46
0
56
10
68
36
59
77
31
36
44
75
75
9
69
17
31
80
49
46
76
57
60
67
37
24
55
85
90
13
56
88
65
65
50
86
1
10
63
84
46
60
12
73
21
81
90
52
62
91
98
90
48
11
9
37
35
16
22
78
82
30
18
47
47
69
85
0
79
1
85
77
61
49
2
82
82
92
87
96
35
85
86
83
48
95
20
36
64
94
66
46
24
84
45
72
53
31
72
84
32
9
61
93
10
63
27
93
7
14
89
94
52
76
77
52
23
49
88
87
43
6
85
20
91
31
44
44
62
68
81
94
30
42
39
40
58
66
85
17
33
75
12
85
3
41
37
78
91
78
66
86
84
51
58
75
34
54
72
96
75
53
42
5
47
81
97
57
0
83
75
85
10
39
70
13
80
59
91
71
37
9
10
74
13
20
1
47
75
25
44
50
78
86
55
78
20
4
35
72
39
62
57
49
1
79
62
34
38
6
57
28
15
67
2
28
88
3
76
63
29
72
65
59
58
72
89
30
76
77
2
16
39
11
17
93
90
80
27
29
38
84
57
53
4
11
82
92
66
10
7
95
82
72
7
92
44
96
23
72
73
77
40
65
89
58
10
79
90
89
60
28
73
69
33
29
80
15
73
47
77
80
94
59
4
1
52
0
50
27
73
75
4
65
92
93
23
2
25
65
91
37
93
17
7
27
46
39
94
72
38
72
52
85
83
9
38
35
9
88
62
34
16
67
0
8
12
23
63
89
41
6
27
34
75
86
13
74
25
60
46
64
32
98
49
67
59
87
3
69
28
17
55
44
36
55
4
49
31
67
38
72
26
17
58
1
3
24
75
29
84
21
45
68
72
46
35
31
85
38
52
65
8
8
61
44
63
66
93
46
85
84
18
11
1
29
65
57
53
40
38
37
14
83
5
38
81
92
69
18
83
74
84
91
82
45
35
97
63
81
44
1
17
14
64
70
43
29
27
96
22
65
85
88
0
42
26
33
35
47
52
70
73
88
61
55
33
96
5
49
29
1
2
46
67
66
17
11
48
44
59
70
62
97
10
62
39
36
96
26
35
48
96
9
