261
80
55
40
4
39
62
80
4
44
63
96
2
77
85
54
80
25
88
39
39
27
31
93
36
44
55
98
15
10
59
93
91
14
33
47
6
48
79
62
44
94
58
98
72
95
4
4
21
93
43
60
72
27
5
9
71
12
7
86
23
18
80
66
85
65
65
91
65
44
5
61
39
63
60
63
59
64
67
32
9
10
44
82
89
1
43
60
13
2
99
88
72
31
6
57
48
71
0
14
16
5
75
7
21
87
70
80
52
89
64
61
99
8
95
89
9
38
1
74
92
0
63
65
83
69
74
32
41
75
46
57
32
73
16
53
61
86
85
65
75
1
78
26
9
26
67
70
16
69
45
9
21
8
74
5
77
48
37
70
75
35
79
60
60
95
65
73
33
51
38
60
4
69
87
14
95
6
36
11
27
81
20
1
41
46
6
71
47
95
41
74
82
21
34
42
16
0
68
2
3
6
62
7
27
49
73
22
8
10
34
35
43
6
36
85
5
94
8
52
41
49
26
23
22
13
18
91
13
86
93
16
44
55
75
72
57
49
94
65
59
80
52
54
39
89
91
44
35
99
96
77
49
74
0
23
87
70
14
52
56
59
