413
25
27
72
26
49
82
31
25
54
80
70
11
74
66
4
63
90
97
61
56
50
77
81
87
93
62
97
65
19
55
9
96
34
81
22
84
16
5
61
22
85
83
85
60
1
42
23
91
39
36
48
89
65
81
28
11
44
25
76
15
32
85
11
67
19
85
3
87
90
64
9
75
47
47
87
48
89
62
91
28
99
91
69
16
73
49
27
17
74
55
32
6
41
95
25
12
80
28
99
22
92
60
97
91
7
37
91
48
99
83
28
50
26
97
67
99
46
46
68
72
2
52
31
95
47
56
7
79
85
58
1
29
18
51
21
78
88
64
26
39
99
55
42
26
4
61
25
3
7
94
27
61
98
10
56
46
67
15
77
4
25
79
33
96
82
6
74
22
71
52
61
70
59
3
48
16
16
74
71
24
20
98
37
70
9
94
16
28
61
46
32
87
25
65
83
59
24
9
81
95
61
94
17
73
98
66
89
66
92
60
90
64
10
28
34
71
74
51
99
35
49
31
74
26
49
9
85
73
18
66
20
32
60
37
5
10
55
46
77
47
58
19
11
68
99
46
92
73
49
91
61
98
75
87
24
24
97
9
49
15
27
69
99
39
58
4
50
14
2
79
61
12
98
25
33
98
71
25
23
72
16
36
22
43
24
46
67
73
7
68
88
86
89
40
25
48
96
27
62
99
6
75
11
57
52
44
7
75
69
30
47
38
19
69
81
95
67
1
68
26
21
8
12
11
48
90
59
45
17
73
96
24
0
7
81
53
4
40
80
25
70
80
63
41
49
97
36
69
98
56
47
19
65
60
82
65
2
41
10
19
66
58
43
67
66
76
72
22
16
52
47
39
32
11
32
34
60
69
55
10
77
2
81
94
14
64
60
16
5
22
36
72
81
31
91
99
60
15
21
28
67
68
67
52
31
0
86
91
21
93
1
98
95
