826
91
93
6
95
27
3
83
21
73
53
97
43
43
7
9
2
28
0
84
17
60
62
78
94
28
10
65
89
90
31
47
33
24
5
28
3
8
12
77
34
65
74
77
60
82
87
62
10
87
98
80
48
12
58
42
92
68
59
82
11
43
81
44
19
86
25
23
47
89
52
81
6
26
58
66
60
97
80
71
85
78
3
85
42
61
79
35
81
38
69
44
81
50
89
1
88
66
76
35
55
80
16
61
6
27
79
67
24
59
90
61
89
93
46
83
6
77
18
39
16
87
84
49
89
25
2
78
91
30
13
98
10
82
11
69
9
90
36
85
1
78
99
90
23
97
25
81
75
44
20
43
83
4
92
25
29
47
3
72
77
68
22
88
50
33
9
11
23
45
49
76
75
48
18
50
45
44
31
20
88
51
63
23
8
8
48
89
55
3
62
84
72
84
24
74
70
33
86
45
30
35
22
5
35
40
55
80
84
38
53
24
90
16
0
98
76
48
87
83
52
1
68
76
38
92
50
8
26
36
53
8
23
27
14
58
68
21
91
4
60
44
81
2
12
81
52
89
81
39
72
33
93
40
61
83
85
12
91
11
0
96
19
76
76
85
86
44
59
77
0
71
21
81
73
34
62
25
23
44
16
47
29
61
88
43
44
25
55
87
36
7
36
7
83
12
45
70
8
56
47
8
27
21
42
52
55
56
77
30
52
45
29
82
7
69
77
3
94
32
91
82
39
27
90
23
39
87
45
99
95
92
59
22
65
1
74
72
58
3
2
10
0
84
44
59
53
21
63
48
5
54
30
97
33
72
20
24
59
17
23
54
9
82
28
75
36
54
47
46
9
2
56
10
86
53
69
39
26
84
39
84
38
70
81
71
42
53
95
54
70
70
60
31
5
41
58
41
95
6
87
5
60
95
67
98
0
88
89
79
73
29
63
63
51
44
35
93
97
82
99
19
5
12
50
10
53
9
51
48
67
90
5
79
85
24
77
86
13
18
65
38
99
28
1
50
24
88
96
73
23
95
92
28
7
94
38
12
3
41
61
22
31
18
1
16
95
30
54
8
49
71
46
48
51
99
51
75
88
47
0
11
94
44
39
54
39
29
66
94
70
79
17
53
50
18
21
45
49
76
5
50
99
3
50
51
2
1
26
90
0
79
1
47
23
92
53
62
73
71
9
95
51
26
48
53
44
22
98
45
50
3
95
49
6
46
0
60
99
79
51
52
58
4
99
81
49
52
96
22
23
5
18
26
31
18
79
27
40
29
73
90
84
20
40
90
18
92
51
18
71
54
70
29
58
21
11
59
73
7
82
48
12
52
27
95
70
6
22
63
88
47
5
72
68
97
15
86
90
18
56
61
72
78
91
82
99
54
42
24
13
76
25
77
28
52
72
50
10
46
65
98
94
71
71
14
68
86
52
58
56
9
72
28
39
15
62
39
69
56
63
82
84
40
59
64
92
83
15
3
29
32
1
75
3
24
89
24
62
94
82
18
55
6
98
94
21
13
33
42
69
49
24
54
89
35
18
34
18
85
37
0
18
90
75
73
67
17
97
29
11
32
0
66
38
98
12
60
11
46
2
33
47
79
39
88
66
57
74
85
95
11
37
65
54
12
38
21
81
36
2
92
68
2
10
6
53
23
18
16
21
73
49
20
4
88
8
70
98
35
7
45
46
44
10
52
9
48
25
90
84
28
35
52
82
45
11
35
68
81
52
41
6
53
61
10
42
22
33
92
57
40
37
55
37
47
8
46
47
33
36
32
13
71
36
96
69
99
83
37
33
35
79
39
41
92
50
83
14
83
27
71
75
64
27
12
63
87
58
10
72
47
94
38
70
83
34
39
82
69
29
15
57
60
7
98
52
