916
85
98
88
70
97
56
5
64
54
45
20
15
78
81
1
5
32
26
1
21
57
23
26
95
56
7
88
71
75
29
25
12
28
14
82
77
22
39
93
28
85
14
43
63
47
44
68
79
71
21
1
80
97
27
27
53
86
16
24
61
45
50
25
25
16
8
54
90
99
48
18
84
14
13
47
61
10
68
40
81
41
93
13
38
72
41
91
58
9
68
19
6
70
45
84
38
5
38
28
4
86
98
41
52
11
40
13
21
8
6
54
50
99
68
88
72
61
32
30
22
0
2
28
22
99
12
60
56
3
88
12
89
86
53
42
49
94
7
71
54
13
25
56
13
45
97
37
58
29
19
80
81
21
9
3
72
73
63
28
76
3
93
18
41
46
12
90
92
71
61
47
85
39
55
50
36
52
87
95
81
58
75
14
80
36
69
4
62
32
85
90
87
78
8
28
76
72
19
69
44
32
68
29
23
23
31
60
76
70
55
9
28
82
76
60
71
45
65
33
30
50
23
17
28
84
98
4
56
17
25
0
1
45
81
77
21
64
37
97
34
44
58
63
78
34
75
49
80
40
82
10
42
58
79
70
42
77
27
98
46
4
51
0
50
84
77
71
49
14
20
35
10
30
50
88
17
26
90
97
18
72
59
61
30
90
83
24
68
62
23
66
67
26
66
69
62
43
92
63
9
12
99
71
94
1
60
11
79
50
60
98
74
71
59
57
62
94
81
82
57
56
48
24
82
15
45
45
10
37
8
20
1
59
91
95
61
3
59
92
5
19
90
32
91
1
89
5
96
22
87
5
79
35
29
13
2
74
10
13
63
19
85
64
30
28
59
43
32
70
36
89
90
26
73
33
80
62
38
28
37
25
33
16
12
14
81
15
40
92
28
3
63
13
67
93
93
78
37
77
49
25
67
91
3
40
24
83
55
14
11
92
39
44
60
3
58
41
18
50
85
98
53
48
63
20
42
57
51
31
34
0
56
1
91
59
94
67
95
1
81
6
45
72
3
5
75
13
98
94
64
84
92
17
84
8
90
26
65
41
9
99
93
65
53
84
77
47
3
72
0
84
30
45
56
33
2
83
99
52
29
63
88
74
32
73
82
22
51
47
15
61
46
8
78
99
44
7
98
47
79
98
31
62
43
39
95
97
75
46
50
4
61
38
78
94
11
12
68
63
59
36
76
58
44
54
57
89
62
8
36
93
6
20
55
2
11
3
99
38
1
49
43
63
40
73
57
51
86
77
66
97
13
42
55
10
49
65
99
63
73
87
8
31
59
64
85
23
19
85
61
20
86
4
83
26
30
92
30
16
22
48
65
87
43
21
97
92
86
96
7
59
36
15
42
95
31
28
70
2
65
32
23
51
88
58
30
18
3
12
86
77
60
52
64
3
73
62
47
11
58
54
70
46
70
64
42
53
92
64
56
57
96
79
61
85
89
43
55
44
7
42
21
67
94
86
23
19
48
70
30
58
77
52
5
47
68
99
0
61
63
8
70
60
39
83
97
29
78
52
73
85
46
47
53
40
33
28
11
33
98
93
91
75
97
96
74
66
47
27
27
11
35
49
23
75
33
72
56
11
24
81
49
71
28
2
63
13
30
27
46
80
20
90
8
18
38
34
84
86
61
63
49
49
64
72
76
97
44
84
61
20
65
10
91
46
64
7
59
46
34
58
78
6
48
86
24
86
21
60
24
34
23
73
35
40
45
11
89
41
95
50
62
13
12
5
59
28
64
70
26
98
80
5
5
28
91
81
67
64
42
91
99
17
65
86
57
62
98
47
56
45
49
70
10
14
27
69
94
92
92
21
42
72
26
47
53
69
81
72
34
75
63
85
44
80
71
2
95
21
1
51
19
2
73
29
68
0
51
15
44
43
36
87
67
14
86
20
83
67
92
17
94
8
54
39
40
78
93
35
99
46
38
70
48
63
0
69
64
3
84
8
46
72
47
13
86
34
86
69
53
30
39
48
38
93
87
79
71
80
66
23
26
5
93
26
20
45
47
84
48
31
45
46
3
92
12
89
78
98
11
32
28
50
80
19
95
19
98
19
99
16
42
77
73
87
55
