300
6
61
47
24
26
18
83
92
64
9
19
64
55
66
24
75
13
44
32
59
32
96
88
85
34
3
39
8
77
67
71
35
81
70
60
7
89
95
51
53
4
70
18
59
88
94
35
1
90
19
12
74
15
1
59
1
4
98
9
34
18
80
69
99
51
81
58
92
76
9
45
32
31
15
44
19
61
31
20
3
50
85
78
17
86
37
18
42
88
27
76
58
59
98
9
62
31
67
54
60
28
52
92
59
19
36
30
81
19
2
84
69
87
14
86
25
52
4
20
92
83
96
50
95
46
59
57
30
78
64
42
6
68
34
17
87
23
99
20
42
1
57
64
41
71
50
66
75
7
86
67
90
35
69
85
33
28
95
15
6
11
57
64
31
44
81
70
19
80
91
13
34
0
77
75
23
80
93
99
87
32
18
29
19
88
67
52
68
62
68
27
25
77
91
56
21
25
26
40
57
69
54
91
21
31
18
45
11
64
96
50
96
14
80
15
54
47
19
23
61
39
2
38
17
93
94
38
70
72
31
28
94
85
71
15
68
42
60
32
6
56
82
2
23
14
69
77
61
88
52
74
28
54
12
97
0
58
35
22
31
66
2
77
3
74
92
72
16
5
4
74
13
38
76
36
53
97
66
66
85
70
93
65
77
5
14
29
16
2
51
99
20
54
76
24
80
68
96
48
25
