788
88
15
40
0
70
38
77
19
45
93
93
58
22
23
7
39
81
79
59
65
1
86
59
21
3
98
78
30
33
53
91
22
20
32
74
91
70
51
10
67
97
55
77
71
79
84
11
12
63
70
78
16
9
37
38
64
87
68
94
73
74
86
47
94
70
73
85
92
77
47
59
26
3
36
97
34
72
60
98
36
83
76
52
92
65
42
56
5
11
3
30
85
41
77
31
11
2
17
3
79
16
14
5
19
2
55
5
74
15
4
62
98
32
67
42
98
9
51
55
72
54
85
57
95
14
89
58
68
58
13
0
74
79
57
46
81
12
51
55
28
7
70
26
40
37
21
90
46
72
45
19
26
82
28
73
48
17
83
16
27
96
16
54
27
74
0
8
86
3
15
66
11
85
45
51
22
66
41
21
38
38
40
16
20
68
89
68
38
72
84
65
20
53
71
47
27
71
7
65
27
74
32
90
12
77
41
34
43
34
7
81
72
47
97
44
68
38
64
6
62
0
23
82
53
95
81
32
18
40
98
97
66
30
87
78
7
80
65
2
14
72
35
38
20
84
34
40
22
98
46
84
99
21
18
4
68
51
37
39
43
35
36
9
17
24
88
76
56
5
78
71
77
65
61
49
49
96
89
23
46
87
59
97
9
29
2
29
80
39
68
75
74
5
84
43
81
24
19
37
29
97
60
59
14
74
8
63
70
98
86
68
85
97
66
46
26
68
76
58
7
44
33
33
1
69
28
34
94
47
72
75
96
84
34
10
58
95
73
80
93
11
49
30
8
67
29
86
35
5
44
94
1
77
79
55
46
7
89
92
54
13
20
2
98
54
12
8
49
37
89
94
48
90
77
8
57
6
94
92
63
90
38
64
67
17
19
65
76
61
10
82
74
30
84
72
36
96
81
86
33
22
32
33
12
9
93
69
15
39
13
78
29
3
95
48
72
66
13
48
27
75
82
2
5
66
26
42
62
59
80
47
81
12
32
45
74
25
66
89
64
31
20
93
34
67
41
6
85
6
6
13
34
88
67
39
6
45
33
20
5
65
67
38
78
99
84
4
76
50
93
40
34
65
85
68
84
26
27
70
85
85
35
19
26
54
10
32
99
96
53
56
61
72
95
91
72
31
95
48
33
41
41
67
58
26
36
43
5
15
65
42
52
52
13
78
6
23
63
5
71
16
14
33
88
9
76
12
40
72
13
25
65
6
93
23
32
81
18
37
96
35
79
0
87
92
79
93
68
94
51
91
10
65
76
50
26
53
15
18
77
80
43
42
86
36
17
18
17
36
8
65
71
39
18
59
84
49
4
4
43
55
95
5
72
72
55
98
25
22
16
2
2
12
96
40
48
13
59
18
1
19
35
25
58
53
36
42
2
92
46
45
48
42
50
72
66
58
71
91
32
39
45
35
51
93
27
52
58
86
22
60
57
57
37
16
63
25
10
17
17
9
63
17
3
65
90
69
75
13
12
8
4
57
95
56
2
22
60
60
61
34
20
18
91
9
86
6
34
49
24
4
58
39
21
13
56
63
34
32
76
46
92
33
55
87
41
57
61
1
17
22
35
90
93
78
99
31
85
86
80
61
90
90
0
63
55
56
79
89
40
55
35
32
88
90
19
29
99
33
82
17
55
69
7
0
48
58
32
85
44
64
98
86
7
50
50
62
6
29
52
99
36
39
31
77
82
3
58
81
36
93
50
43
62
57
44
62
16
28
99
12
92
49
99
51
99
1
14
6
82
18
57
70
9
88
47
91
43
58
25
79
3
75
75
65
85
19
80
