549
61
15
27
98
51
68
24
76
80
23
56
26
8
45
5
17
35
66
70
26
90
51
94
95
65
75
36
82
92
41
83
54
56
62
52
60
30
28
88
10
51
96
88
11
41
46
28
29
12
99
55
55
50
49
50
68
76
86
50
68
79
85
74
36
47
26
48
77
55
36
40
58
32
28
70
26
74
50
55
39
1
62
94
52
11
96
72
39
83
74
59
14
60
34
50
7
12
50
37
19
86
77
78
71
57
0
97
84
50
4
23
52
66
17
56
29
13
80
68
48
54
79
63
14
13
65
74
26
16
11
45
54
40
75
77
97
27
74
81
30
78
56
34
96
25
42
25
39
22
45
39
76
25
54
91
38
20
17
16
88
28
14
94
68
41
72
17
69
98
51
99
77
7
85
73
33
27
51
24
49
96
63
25
21
18
68
12
90
37
80
30
65
46
76
85
88
0
3
9
99
54
60
28
13
45
53
46
72
4
22
73
1
38
50
74
8
71
38
98
8
19
80
74
65
8
59
5
9
14
66
8
68
26
36
34
23
89
32
47
94
55
20
47
93
71
21
1
42
60
51
50
31
83
76
48
91
88
6
0
2
72
8
23
51
44
57
74
86
89
22
32
96
42
79
89
65
52
42
7
12
45
10
95
28
86
44
20
74
50
20
77
74
81
52
25
77
9
0
63
50
74
47
47
16
26
88
82
79
31
41
43
76
51
91
57
90
35
77
64
37
49
93
63
82
45
89
60
54
41
75
57
15
23
4
83
1
44
17
80
27
59
76
56
62
67
13
52
54
42
69
43
91
62
6
26
8
95
38
14
88
13
23
3
88
27
39
90
24
56
22
51
67
50
7
82
69
20
86
23
14
55
66
58
18
25
84
78
72
22
44
61
87
68
16
76
47
55
18
71
12
92
75
31
43
82
13
12
55
0
88
69
55
54
79
25
31
63
55
4
85
0
65
73
68
81
1
67
37
19
39
1
11
66
84
6
48
98
19
55
50
7
77
57
13
56
35
45
20
90
49
57
42
66
82
62
47
83
30
36
54
21
89
66
87
74
72
87
24
43
95
26
2
72
83
16
80
18
13
52
61
14
10
3
80
44
66
79
28
48
68
82
69
9
0
8
35
25
95
59
68
90
85
71
14
21
39
95
91
4
47
52
18
9
56
50
54
74
81
34
22
1
68
43
11
69
51
46
46
98
58
14
41
95
37
55
16
28
50
8
32
50
60
2
11
68
4
17
94
86
