755
12
61
30
92
37
64
36
45
6
49
66
51
89
5
75
29
65
57
36
7
28
36
32
6
26
89
33
54
1
35
85
13
48
15
57
37
32
93
82
38
94
0
41
83
5
69
64
70
26
53
77
6
89
61
13
15
3
46
69
4
33
54
69
33
22
26
70
54
72
53
44
66
53
38
2
59
7
66
81
85
19
11
91
9
72
4
76
75
2
46
31
87
52
0
20
74
79
91
80
51
44
77
69
49
15
71
8
22
90
42
7
61
53
98
22
77
55
99
5
9
45
36
97
49
89
69
24
68
60
56
71
56
33
40
6
48
64
66
22
6
8
29
67
13
80
90
91
87
89
48
96
86
84
45
35
25
15
11
45
75
20
16
84
53
9
90
2
73
8
24
79
69
6
98
82
38
88
25
25
29
73
73
15
10
19
3
35
34
66
81
61
86
97
45
92
58
87
94
83
96
70
14
65
28
13
47
66
53
25
43
83
98
17
50
8
36
53
44
70
72
77
83
10
26
29
2
85
16
48
68
64
71
83
29
99
48
29
18
1
6
61
84
4
78
35
13
14
40
9
36
12
38
72
75
64
1
77
49
69
26
70
86
97
5
67
48
53
96
66
54
2
28
91
59
58
26
24
25
18
33
13
83
23
85
58
87
38
35
89
8
13
59
46
10
16
13
59
69
62
77
75
64
57
66
75
16
44
99
93
63
84
6
46
7
92
56
95
30
43
36
90
57
95
36
19
63
50
30
32
12
8
7
28
65
26
56
33
70
55
26
33
92
33
31
99
77
87
46
59
83
82
50
40
29
38
59
92
40
90
76
4
98
36
85
15
62
41
49
32
48
27
18
40
60
49
92
89
89
90
49
72
73
51
64
54
89
23
99
82
65
27
86
15
63
23
31
25
64
32
58
65
59
28
5
72
77
49
13
18
40
62
42
65
13
6
71
55
82
70
89
47
98
27
63
61
51
46
39
67
30
49
32
41
77
90
65
6
39
79
25
31
41
19
96
7
26
68
14
60
38
3
7
88
30
22
2
33
20
93
1
2
42
85
44
19
27
9
25
67
88
2
98
82
22
47
89
0
15
55
60
5
58
19
46
40
94
48
74
66
41
27
69
35
12
13
54
40
74
31
59
15
34
9
97
8
56
38
8
23
93
20
29
51
39
75
91
85
75
17
52
68
44
21
3
9
86
9
49
60
40
60
75
26
69
24
34
78
62
94
1
55
14
82
58
54
57
2
91
84
71
43
52
16
64
7
25
2
16
26
63
9
86
90
87
7
15
74
37
77
68
39
85
83
21
95
89
31
49
80
15
21
76
20
37
92
27
14
95
96
92
58
57
78
48
44
37
63
70
75
93
39
66
30
74
87
25
63
70
27
95
86
48
71
6
37
64
85
3
11
33
95
69
90
73
69
87
62
85
57
89
30
48
55
60
22
95
37
37
65
64
85
51
12
56
9
1
72
47
4
83
80
99
4
71
24
74
10
87
11
19
76
41
68
84
1
42
79
38
80
44
55
17
96
67
25
57
69
98
4
25
33
85
25
38
8
49
64
70
88
27
89
17
68
9
1
21
52
80
11
84
24
66
1
72
86
26
30
7
76
86
32
62
23
57
52
31
59
68
1
47
95
43
64
15
52
65
36
56
97
99
92
22
18
93
46
4
72
28
11
0
15
43
62
38
53
14
22
12
82
75
59
77
18
76
92
