501
89
20
74
59
67
50
17
32
58
95
92
47
36
27
44
57
82
30
3
2
86
56
2
36
13
56
73
68
34
87
55
23
7
81
82
74
83
51
58
42
46
50
89
34
30
85
91
64
67
46
66
53
55
68
42
68
76
15
88
10
54
43
86
13
25
20
40
8
72
98
50
18
1
91
53
31
28
96
47
95
95
66
1
50
86
43
70
63
10
58
73
64
54
59
29
79
80
69
39
52
20
42
22
21
85
75
4
14
24
51
61
19
17
62
21
4
5
91
67
67
49
40
31
3
52
13
34
32
82
26
36
2
68
58
23
53
86
79
19
10
31
81
81
48
43
54
4
1
45
71
68
46
64
52
2
16
65
36
0
99
14
36
54
82
94
29
88
80
9
7
42
40
40
75
40
36
29
45
37
26
68
57
73
84
61
75
52
26
63
52
78
78
88
32
12
35
61
0
67
70
60
62
62
0
37
3
36
19
0
25
45
20
83
18
5
44
45
57
23
9
62
53
39
50
85
51
37
98
4
5
21
64
67
83
16
56
38
53
75
90
78
21
11
13
91
16
10
37
73
33
98
35
86
89
38
23
40
27
73
96
84
94
60
51
30
77
60
20
82
35
11
12
8
22
26
52
38
36
89
63
21
39
51
59
28
41
34
20
68
7
17
53
54
77
56
84
6
68
4
40
56
15
53
64
89
31
16
27
19
57
43
40
48
94
51
76
87
37
97
7
44
66
60
50
95
69
86
2
37
91
42
93
58
47
10
48
78
78
27
97
88
70
89
36
16
92
65
55
29
14
63
26
80
75
76
75
44
63
29
34
6
72
79
16
71
41
16
50
20
44
99
60
66
41
96
35
33
13
90
63
27
5
89
7
81
17
83
77
80
64
63
38
36
43
55
60
36
71
10
56
67
61
68
34
2
17
21
88
30
63
51
58
69
92
65
50
9
0
79
42
65
43
80
53
38
35
65
74
7
27
83
26
89
51
60
43
68
33
31
99
97
82
9
18
26
26
20
88
79
99
30
44
94
10
49
32
98
15
7
57
42
42
83
83
93
96
27
14
29
58
65
78
93
74
96
71
0
16
59
79
68
89
75
62
52
77
47
2
44
6
11
38
48
94
22
93
42
1
7
24
11
