307
83
86
77
96
6
15
56
25
33
96
16
76
15
41
16
29
4
78
13
16
8
40
3
26
72
25
20
54
45
72
81
28
58
11
25
17
26
33
42
11
81
59
87
48
52
55
77
56
86
42
25
94
82
80
20
55
5
93
61
3
65
94
31
75
5
8
44
84
93
87
95
74
98
35
74
50
90
51
58
76
93
83
70
76
64
43
83
21
88
96
76
5
90
8
32
96
68
77
80
14
16
27
88
14
62
63
64
53
66
74
81
12
58
4
40
74
99
23
47
39
19
24
44
61
84
76
57
4
53
89
18
69
17
59
35
79
74
51
84
40
26
18
52
36
74
44
10
73
67
9
64
38
33
8
0
69
36
9
74
42
51
44
63
68
3
99
99
77
50
36
70
28
54
74
64
80
19
26
53
38
36
17
29
21
77
81
43
13
90
69
55
93
13
19
61
69
70
13
98
20
49
68
49
55
95
65
35
66
92
40
4
28
9
33
1
38
66
44
51
57
13
59
50
79
30
64
48
0
29
46
72
30
67
73
85
62
39
72
28
31
64
84
11
25
70
12
63
36
57
66
45
22
77
96
1
7
12
49
7
93
48
80
23
15
53
60
77
44
32
57
75
48
93
86
73
63
51
88
0
60
6
45
82
84
93
84
91
57
85
51
50
33
83
73
48
88
33
77
33
17
86
8
17
80
47
42
95
