729
25
70
45
16
10
93
59
10
85
2
64
39
31
8
0
85
1
84
4
92
39
92
20
87
4
99
57
84
8
98
34
85
20
79
53
31
25
65
93
62
67
10
54
50
70
54
35
23
90
39
15
30
84
87
69
88
86
78
24
46
28
58
83
49
90
37
32
67
2
25
29
21
87
83
71
58
90
6
81
80
98
49
62
82
36
84
22
75
62
47
21
91
5
57
40
47
94
24
14
48
49
96
69
89
79
40
99
21
46
80
54
44
81
16
78
18
0
1
45
15
48
18
6
5
75
98
5
21
22
19
21
23
15
90
64
47
82
63
68
81
44
74
77
77
91
56
47
43
57
92
10
57
11
68
14
38
66
19
12
40
91
33
16
58
76
80
57
58
44
78
91
40
52
69
17
95
25
17
91
34
9
1
43
72
70
57
11
88
29
75
81
20
8
49
30
84
29
88
95
25
66
86
17
18
55
87
14
32
4
57
18
13
58
61
86
80
71
49
69
52
76
2
24
84
51
54
21
32
94
16
58
60
54
75
31
10
62
97
94
66
54
13
32
64
26
70
45
49
71
66
1
47
68
25
31
19
80
4
51
74
20
61
87
75
37
18
37
51
67
31
70
21
96
2
85
75
72
82
24
95
48
26
42
16
51
25
87
83
30
39
58
50
52
97
77
41
67
14
93
34
98
15
7
46
17
92
21
41
27
46
36
75
72
30
92
75
55
79
59
85
70
69
88
75
66
65
16
33
32
61
19
82
76
26
80
45
70
2
38
97
0
26
73
72
56
17
99
64
96
58
49
19
79
37
94
97
55
62
30
39
24
49
73
52
75
53
50
98
55
88
95
55
67
68
79
23
85
31
87
34
41
89
5
21
78
51
18
33
13
1
24
89
2
97
42
30
3
92
28
58
32
23
66
99
44
97
75
81
28
14
15
70
3
20
43
82
23
61
67
37
14
44
26
17
41
68
47
44
12
75
55
45
98
73
96
94
22
71
76
51
86
91
73
89
64
68
23
87
29
43
76
44
87
3
13
28
23
60
25
88
35
32
33
85
5
29
80
27
53
8
30
39
51
55
80
15
23
4
55
5
47
83
1
34
38
14
14
62
26
91
50
13
23
35
98
80
16
30
60
69
38
42
8
90
50
41
57
73
45
64
30
44
48
83
30
38
97
96
0
75
88
2
88
63
37
39
44
54
69
4
75
60
98
84
2
48
25
11
74
22
28
4
18
28
88
48
66
37
96
67
13
84
21
1
48
11
92
92
17
62
48
92
74
98
28
76
47
53
39
21
27
67
77
97
95
65
45
62
55
94
81
20
78
54
73
26
65
66
70
82
28
70
75
54
69
3
82
16
9
21
89
88
41
66
86
88
84
83
2
39
77
83
59
56
38
32
34
55
98
57
38
78
27
13
32
48
68
66
16
77
88
5
66
81
24
52
69
8
87
72
47
65
7
58
73
97
42
7
53
93
16
91
71
44
56
56
44
24
22
61
2
62
18
20
95
42
24
65
2
11
37
1
76
96
59
49
94
54
9
47
47
25
38
18
21
94
26
66
18
1
79
72
15
49
92
11
44
16
76
46
80
65
48
56
61
59
58
55
13
67
54
60
44
44
31
66
38
9
84
9
10
15
33
78
64
78
89
8
94
