692
76
53
0
14
85
47
40
78
35
14
87
37
63
53
53
99
68
66
3
49
34
46
69
86
70
18
71
92
5
63
86
82
68
38
96
5
85
88
84
72
2
23
9
18
76
62
17
45
29
72
46
63
18
67
1
88
85
24
32
91
87
18
25
8
9
73
13
94
62
49
19
16
73
28
34
1
43
4
98
72
76
44
87
47
64
88
87
49
64
20
92
3
38
69
11
99
43
77
46
57
78
65
73
3
93
60
5
36
64
3
60
40
0
99
87
16
39
27
17
3
47
10
7
37
31
70
37
26
47
83
83
26
0
9
81
93
69
86
82
33
42
94
25
94
94
65
10
33
92
27
89
91
89
48
28
21
18
65
99
18
0
83
96
0
44
77
46
65
64
80
98
58
74
75
52
20
92
14
6
36
41
47
27
83
95
56
56
13
73
55
31
74
90
27
26
86
57
72
51
21
4
49
31
31
77
35
51
69
49
9
6
42
56
85
25
51
41
81
65
15
89
48
41
31
28
19
18
85
44
69
58
48
71
89
79
48
24
83
69
25
92
27
67
1
13
93
52
6
26
69
73
67
70
66
99
98
86
17
83
30
86
93
30
9
34
10
9
10
93
31
35
37
58
2
38
23
47
43
82
74
12
55
41
82
22
40
32
60
9
67
90
48
60
20
57
46
82
67
56
27
98
91
65
8
46
55
84
93
50
18
67
63
25
61
97
99
53
82
59
63
49
1
63
62
74
20
8
56
39
17
84
89
8
1
50
6
8
86
0
59
4
19
74
81
80
23
81
34
5
40
49
7
42
64
69
16
36
29
24
76
46
60
17
7
13
19
13
22
5
65
33
61
85
59
43
65
82
24
51
40
16
52
99
58
16
20
26
53
49
3
81
48
63
50
7
77
70
72
51
27
38
36
41
23
95
84
40
29
60
92
21
76
96
20
87
13
40
65
18
42
68
99
42
32
49
49
61
71
73
64
99
11
0
40
34
47
76
75
76
36
19
98
64
15
70
3
80
63
21
98
57
89
49
99
73
99
0
34
22
73
98
21
85
50
13
71
97
89
98
74
77
17
24
94
85
46
49
65
9
70
64
66
60
13
17
85
64
17
72
87
43
22
60
80
73
74
51
70
63
2
96
93
19
72
87
4
71
36
22
32
59
86
51
19
51
68
56
68
38
28
55
33
51
67
13
76
41
16
98
57
18
47
2
38
19
89
94
90
77
68
23
36
54
74
7
58
94
16
26
84
44
33
17
47
0
30
75
94
47
74
3
65
21
5
55
92
94
2
35
23
70
10
12
77
36
19
35
30
87
13
67
32
46
84
31
98
15
7
92
14
33
47
31
54
52
39
98
98
41
33
22
63
95
86
92
31
5
79
14
93
92
81
77
90
65
60
89
32
67
33
46
52
81
78
58
85
17
57
84
10
42
6
25
38
44
18
21
49
97
35
94
90
68
23
32
34
84
73
66
3
7
65
8
40
95
66
25
12
23
61
74
18
19
99
8
63
17
29
65
67
17
11
57
85
35
41
19
71
15
38
26
22
55
34
14
50
53
91
14
28
53
88
