460
63
62
91
77
57
34
68
16
59
14
51
63
8
56
28
48
39
0
9
66
58
70
78
53
12
13
26
59
97
33
72
60
95
63
90
52
49
10
21
60
25
72
76
85
28
4
33
19
57
42
37
15
64
15
20
76
80
46
36
29
31
60
90
26
75
32
31
24
42
52
37
19
76
13
5
56
69
90
75
26
33
64
93
49
31
13
78
11
12
66
41
43
26
83
22
1
67
53
77
9
5
14
29
81
27
86
37
97
76
64
75
61
28
69
11
11
34
41
22
98
7
15
42
33
50
64
86
17
69
15
79
74
30
60
7
9
46
96
6
22
12
82
84
92
3
47
3
89
88
77
88
47
93
82
32
95
98
18
65
67
85
44
93
15
4
52
25
50
0
83
24
12
17
60
4
20
7
7
62
47
36
50
94
81
84
26
77
82
96
42
49
82
38
94
49
94
46
26
44
46
10
20
10
27
81
14
0
88
73
62
88
9
64
82
91
48
61
20
30
9
14
31
43
52
25
45
98
23
71
42
69
81
62
79
61
95
45
61
84
70
75
72
31
39
6
22
39
19
94
21
29
8
4
24
12
29
69
10
4
41
4
25
74
19
56
35
14
1
96
50
23
23
74
54
62
81
29
53
0
23
74
81
84
78
58
48
59
27
11
15
68
15
40
43
86
96
30
53
49
79
3
24
2
30
79
17
11
8
70
63
83
97
97
67
27
55
16
87
34
27
54
55
94
95
50
33
43
80
86
45
59
41
69
62
71
0
79
34
60
1
50
44
98
47
63
26
54
31
65
88
10
19
43
5
66
45
90
62
26
76
7
85
17
28
99
41
81
30
75
41
32
25
85
82
24
49
8
78
80
25
19
91
97
14
48
15
60
90
77
38
66
36
75
35
17
75
76
98
57
4
39
89
81
25
72
6
26
32
36
58
10
7
1
59
22
1
74
34
91
52
24
57
88
99
45
5
26
73
3
84
77
95
25
11
20
49
17
98
82
5
56
44
13
58
3
87
11
77
73
3
81
97
12
22
96
57
79
75
83
35
