789
53
99
31
65
43
81
64
95
80
17
61
38
99
31
95
70
40
36
69
84
79
79
9
11
82
36
86
0
21
57
80
74
56
63
40
99
96
56
94
77
74
7
67
25
38
15
47
79
51
17
63
82
96
24
93
79
60
79
31
82
88
11
8
44
26
48
96
23
57
42
52
83
50
19
60
88
34
8
19
37
25
82
20
73
58
13
4
19
45
35
53
33
98
61
30
25
62
78
0
19
20
52
54
70
23
14
11
10
22
30
47
99
65
67
73
23
33
77
42
30
13
95
15
63
9
97
88
71
75
40
90
96
92
96
18
68
10
29
78
33
60
77
32
77
97
57
0
30
35
95
12
0
42
27
15
51
77
56
22
52
96
64
48
41
60
19
9
71
48
87
56
60
64
40
37
61
98
90
43
85
85
7
37
27
35
52
79
12
8
1
16
5
18
17
46
78
36
7
1
84
46
57
97
10
98
86
24
96
76
19
33
13
27
70
41
14
22
72
78
83
25
94
88
43
11
86
22
99
45
23
36
91
33
33
53
31
19
77
79
48
49
12
61
28
82
54
42
56
26
72
39
52
66
79
47
30
17
69
81
62
45
17
53
30
50
7
13
22
36
92
70
85
56
31
13
90
86
7
46
64
79
38
16
98
17
64
80
35
85
61
97
82
79
3
64
81
10
77
3
46
21
73
84
77
57
49
67
95
57
66
11
36
4
28
34
73
44
66
60
81
28
10
16
59
13
32
40
75
10
44
21
31
69
57
9
78
7
28
25
64
94
37
52
50
17
39
76
13
5
36
46
33
46
62
92
59
47
85
34
57
29
8
88
98
65
49
29
24
30
54
88
76
91
93
27
8
32
3
21
37
39
68
23
38
82
67
49
29
52
84
86
81
44
27
32
61
28
61
86
58
15
26
35
59
19
14
67
51
69
89
41
8
9
64
98
91
83
48
73
36
84
11
69
28
90
53
41
19
66
79
29
34
6
16
93
77
30
60
81
99
1
22
60
62
38
58
6
21
58
79
9
42
90
31
22
81
84
16
52
51
95
81
37
53
98
30
31
28
42
64
80
96
86
92
58
76
50
64
49
61
95
59
3
86
90
78
19
26
94
71
29
89
4
66
43
2
96
26
83
91
90
15
87
28
7
97
4
9
14
5
70
9
16
26
47
58
4
18
85
98
41
14
87
46
33
82
0
81
8
35
72
50
50
11
78
9
61
34
19
75
40
41
36
56
67
36
15
71
6
52
69
48
18
9
46
51
91
46
33
52
34
57
2
36
69
81
46
82
15
17
9
7
58
45
64
26
33
31
97
92
83
67
40
1
28
86
5
19
84
38
71
18
95
26
55
16
7
53
98
74
70
7
82
28
5
98
54
90
81
4
82
64
23
22
17
51
60
22
70
97
12
94
67
8
20
74
76
79
27
27
5
49
34
39
30
91
37
36
82
18
40
64
34
63
39
52
66
51
26
89
48
39
83
68
99
55
42
75
86
22
2
43
71
89
83
1
80
72
38
14
43
30
31
77
46
70
81
12
73
8
1
74
99
36
42
98
43
36
25
29
58
80
73
82
69
56
35
1
80
73
68
23
56
99
1
2
21
34
14
94
94
68
20
93
4
14
43
48
51
69
77
61
49
2
43
70
10
79
23
91
4
91
14
60
90
67
14
63
2
81
58
48
49
30
42
53
45
85
1
96
6
31
57
7
33
53
29
96
32
53
39
36
96
53
49
39
73
63
2
27
44
12
75
45
43
69
99
88
55
0
36
13
83
45
21
69
98
50
65
