551
34
55
19
13
88
87
99
82
63
18
54
19
99
73
87
77
62
80
56
48
79
96
66
78
49
84
79
72
42
19
54
76
75
74
42
63
13
93
98
76
11
4
95
63
77
35
40
39
15
48
87
47
44
6
77
46
90
56
18
32
75
73
61
2
99
3
18
12
48
16
40
12
20
36
75
97
23
67
88
90
16
28
37
12
34
14
58
24
70
29
8
98
54
69
0
53
24
70
17
73
86
57
85
6
45
60
55
68
27
44
59
43
24
96
56
58
63
66
82
85
47
90
83
1
12
36
6
36
6
23
9
45
81
94
3
78
54
59
47
34
55
58
77
79
6
85
37
69
4
71
55
51
13
90
53
25
26
11
14
85
35
23
82
16
70
85
94
76
44
93
10
51
51
40
82
58
25
71
79
81
42
34
85
8
77
38
85
55
1
99
40
36
75
74
4
45
60
51
21
56
44
32
8
48
72
42
58
49
14
37
83
8
24
68
16
1
58
54
56
59
53
49
96
28
23
0
25
83
3
47
92
48
31
0
48
55
42
6
56
8
95
39
17
19
7
85
72
17
39
81
77
45
82
25
25
5
25
51
41
29
50
33
29
81
85
77
36
79
35
92
40
30
84
57
2
43
42
26
61
34
7
38
31
89
63
56
47
40
59
88
21
9
73
2
42
10
79
78
41
66
23
81
49
59
90
51
2
85
77
63
19
37
53
50
26
16
58
73
9
18
13
30
27
38
33
70
0
64
0
94
83
75
75
32
86
66
35
89
3
64
4
74
1
58
24
28
26
34
53
35
52
19
18
32
57
3
54
10
19
6
4
2
34
31
34
20
49
21
61
52
86
66
26
87
76
2
67
2
37
73
90
41
92
60
73
1
63
79
11
34
86
67
37
72
99
23
92
48
45
54
1
31
20
79
70
96
82
38
50
19
11
40
12
55
52
38
56
67
17
20
2
55
39
39
27
38
62
20
39
59
26
92
90
98
71
61
94
5
51
96
24
14
89
89
69
41
27
77
9
44
49
11
52
89
2
79
79
64
51
70
24
77
62
66
75
86
79
21
91
30
18
68
44
7
57
65
0
84
95
9
80
44
72
32
85
74
12
65
91
15
35
67
93
50
33
20
36
13
42
27
95
12
47
92
71
4
57
71
88
4
33
21
49
5
53
86
80
17
3
23
33
91
90
78
41
23
50
29
88
92
8
36
56
56
28
27
60
37
99
1
42
32
22
43
89
27
29
21
97
33
44
