272
44
99
44
62
8
21
78
59
40
34
32
59
95
8
40
87
42
23
58
50
46
57
50
7
7
46
5
66
58
48
73
3
47
70
17
7
43
95
67
83
29
51
42
25
12
35
12
54
10
70
4
56
79
6
15
86
52
20
4
10
68
78
65
68
0
82
27
43
78
46
27
7
98
21
32
62
56
96
16
18
18
72
74
97
78
41
35
82
62
40
92
82
70
10
2
70
92
82
13
70
28
92
78
78
66
62
40
74
11
8
93
29
80
19
79
58
61
66
40
75
58
85
9
28
95
12
50
87
94
16
10
74
8
88
53
74
2
45
49
13
54
94
95
34
13
74
45
26
92
85
1
51
22
11
79
17
75
82
57
21
98
67
95
58
7
0
85
9
46
86
75
52
80
70
86
45
96
31
72
88
69
73
39
91
36
71
61
11
53
70
32
3
37
80
61
96
32
46
5
30
84
80
82
64
2
69
10
50
52
82
39
73
7
30
65
44
1
78
55
6
48
40
9
85
72
23
81
4
21
38
87
6
71
69
22
25
90
84
76
95
66
15
68
26
45
33
70
99
11
25
57
11
17
19
96
41
42
29
98
15
20
85
73
91
54
96
68
97
80
44
92
99
