543
27
48
3
63
39
90
56
57
74
57
28
19
48
97
7
8
39
56
75
91
23
74
33
30
29
95
25
33
82
37
93
9
85
96
25
24
86
81
82
12
38
62
31
38
60
90
46
51
46
74
94
21
48
27
4
29
22
29
14
56
18
60
18
4
56
43
80
95
24
14
59
15
29
91
53
89
33
52
92
32
78
87
53
78
66
9
60
41
38
74
97
57
34
15
13
43
10
93
38
87
60
97
54
89
40
59
30
74
11
22
6
41
61
11
20
28
21
32
69
11
6
18
20
93
86
33
36
96
79
26
35
39
75
89
80
68
49
10
42
12
32
0
54
94
63
26
74
36
58
95
48
16
13
20
9
99
6
97
48
85
23
83
76
99
73
56
19
22
66
13
86
50
13
40
96
28
18
70
65
28
65
65
45
31
37
54
30
43
4
78
28
27
14
56
78
87
64
97
61
30
10
47
81
75
40
29
56
10
52
73
39
17
38
84
0
75
90
31
71
94
61
99
74
75
8
4
14
72
2
27
3
64
27
36
92
19
17
48
29
69
21
68
39
11
4
39
38
47
22
9
41
84
61
67
11
69
72
78
41
26
57
96
90
84
84
82
3
2
30
85
23
3
53
62
14
10
54
53
57
76
62
50
12
23
18
76
44
90
54
86
16
63
34
58
48
71
41
3
73
23
40
48
79
46
11
93
56
17
98
13
93
13
63
58
36
33
34
81
75
40
19
91
3
5
2
3
76
43
59
49
18
99
50
97
45
13
43
1
30
41
66
75
54
82
33
43
15
67
76
91
7
47
34
63
52
36
66
29
31
25
30
50
77
80
99
74
93
94
76
75
36
94
51
42
76
84
37
44
52
13
35
11
60
69
74
65
58
93
94
89
70
24
91
47
57
43
22
50
37
50
26
25
44
29
68
73
13
57
17
17
23
4
29
83
25
55
0
83
48
94
73
71
71
64
18
28
7
92
30
97
94
8
22
39
37
42
64
51
0
33
20
23
37
49
58
62
57
59
46
57
5
71
28
76
87
99
56
47
91
87
44
38
47
66
29
85
61
93
88
13
26
8
88
63
10
46
77
19
57
23
76
15
46
57
43
34
56
0
81
99
39
77
37
86
95
66
23
56
59
63
21
37
72
9
52
34
8
30
53
17
5
29
32
4
86
28
38
94
80
71
94
19
48
83
57
95
50
33
4
61
96
25
51
20
35
3
54
43
85
59
60
43
41
