992
99
22
61
42
98
73
95
43
81
74
83
62
20
29
74
23
37
14
35
20
96
12
6
13
31
13
66
4
37
32
0
88
6
61
31
56
86
78
51
67
5
34
81
77
15
8
0
4
22
88
76
18
0
82
83
31
95
49
87
85
33
87
73
39
48
56
95
34
87
46
54
92
32
35
69
48
43
22
4
17
10
81
87
62
63
70
93
11
19
32
48
52
20
73
43
20
30
38
7
69
36
61
61
69
48
82
69
44
4
73
61
14
6
1
76
22
71
21
85
43
54
33
47
26
58
91
46
88
81
5
9
18
18
70
39
67
53
8
11
9
33
24
24
40
25
52
62
97
26
47
92
32
32
39
58
90
82
56
31
64
62
40
82
80
63
73
99
68
81
10
77
14
35
1
6
12
6
68
9
32
67
53
64
99
45
74
90
27
30
73
43
92
13
25
25
76
98
24
44
31
87
22
98
74
75
4
86
81
73
48
65
92
1
81
92
46
55
34
26
86
7
69
30
72
47
55
1
97
32
97
29
19
71
27
93
99
83
31
32
56
79
98
1
81
79
93
79
35
79
5
73
38
75
3
10
22
11
63
19
95
61
0
66
84
27
11
83
11
42
16
19
22
66
20
55
45
65
34
32
96
40
57
34
67
13
97
89
76
60
60
71
73
61
37
10
40
0
93
3
42
61
23
64
27
95
71
25
13
6
9
9
98
67
44
65
80
93
6
56
5
18
79
79
79
68
89
20
68
34
75
10
96
50
27
75
46
98
0
11
56
10
20
6
29
16
71
9
9
29
17
15
48
96
46
79
16
87
51
84
21
27
46
69
77
25
45
75
76
97
86
32
7
59
39
88
27
62
97
89
44
66
56
44
62
2
23
30
41
27
14
14
6
13
84
83
38
81
11
66
78
49
51
38
8
90
26
36
4
76
25
48
42
81
44
57
35
20
87
28
47
54
42
53
19
78
88
9
59
51
76
90
1
27
80
61
69
58
97
73
34
74
74
29
7
70
86
94
90
25
22
37
31
17
42
50
95
83
60
7
34
36
97
87
15
29
49
84
87
98
9
22
73
83
3
32
54
89
79
96
66
1
34
98
18
28
48
66
63
60
73
50
96
70
37
11
99
86
47
38
85
57
60
10
92
63
94
46
4
73
43
23
27
29
21
97
9
21
63
73
34
36
23
82
58
12
94
9
99
93
48
36
50
60
46
43
76
40
41
80
66
36
55
93
17
28
90
79
50
54
4
36
42
79
18
1
91
64
10
42
58
10
78
8
71
76
3
47
69
45
79
35
33
35
28
51
63
70
82
65
24
86
1
19
65
20
20
56
84
82
99
94
93
29
3
16
6
58
63
75
55
94
10
89
29
90
92
45
60
74
10
37
60
64
56
77
36
28
33
72
62
84
67
55
14
22
23
20
80
86
47
88
81
57
77
62
99
21
7
59
47
70
48
59
86
56
36
22
84
21
46
47
6
13
54
72
87
78
44
20
16
91
8
49
0
85
64
99
58
71
58
5
93
59
64
31
15
0
5
0
21
52
99
79
17
5
3
5
83
47
25
52
38
33
1
38
70
65
89
28
89
48
33
34
7
49
66
74
49
71
74
22
75
25
54
93
31
57
98
66
57
75
18
47
60
72
38
30
89
27
10
30
75
95
17
34
44
35
9
45
6
35
19
34
13
73
27
44
83
77
62
40
4
33
87
64
5
25
46
46
53
56
29
80
3
46
67
99
81
28
96
39
15
15
73
28
41
0
24
24
29
87
16
33
20
3
97
77
81
43
75
86
51
4
18
6
50
37
5
83
65
1
23
81
69
48
61
10
1
86
34
30
25
50
16
97
5
13
74
86
9
1
24
12
6
43
71
8
32
76
92
98
30
67
31
99
15
44
9
68
82
95
99
7
97
15
4
2
80
30
41
41
32
65
6
90
60
77
98
93
5
42
43
35
61
26
86
29
70
47
97
53
94
48
12
91
15
17
94
96
99
35
89
83
52
47
73
65
24
24
10
30
66
53
17
28
79
56
9
1
55
6
54
50
55
67
41
70
36
35
18
87
22
60
71
27
7
96
92
84
20
2
66
39
7
35
19
38
91
28
39
99
34
46
49
41
65
90
12
53
78
82
40
52
42
63
79
2
60
23
86
32
77
52
71
84
87
90
74
31
70
14
30
5
12
79
46
77
21
10
30
51
45
22
4
39
38
35
41
98
11
27
82
88
31
6
25
19
48
99
50
19
13
