760
1
50
30
22
32
59
77
35
51
74
54
73
6
3
39
25
12
35
69
71
95
49
58
23
54
67
19
34
72
39
98
26
89
80
0
21
91
78
8
42
4
63
67
10
66
58
87
78
94
57
2
41
6
60
65
12
27
84
47
51
75
97
29
64
30
30
38
21
60
46
16
64
61
83
26
27
42
13
58
36
70
60
77
28
72
94
93
51
79
92
2
6
89
84
71
71
14
61
93
74
7
9
90
69
44
16
48
86
29
58
74
52
18
4
32
90
98
25
41
29
17
96
36
59
80
59
30
46
20
75
20
79
36
62
0
81
78
49
67
7
7
94
11
78
98
44
20
96
69
14
78
39
10
14
98
42
73
80
88
45
8
60
24
44
22
25
25
0
26
45
59
33
91
71
63
89
15
84
85
84
98
63
23
60
29
73
2
54
6
90
99
14
50
24
58
72
1
36
24
27
33
83
12
24
54
76
65
69
60
50
6
10
66
81
70
47
7
72
2
13
14
1
27
64
77
37
88
78
25
64
5
10
47
18
86
54
94
51
75
6
54
81
16
72
15
86
19
74
58
73
87
24
75
66
40
52
55
28
83
81
44
88
43
91
58
30
97
52
81
73
58
35
6
26
7
21
12
79
95
22
52
34
46
27
0
86
32
8
66
15
41
10
55
84
54
14
14
51
18
48
24
29
83
31
55
43
4
20
22
52
42
74
86
41
54
39
79
86
47
46
53
88
8
60
24
14
74
91
66
45
39
42
74
74
25
29
17
30
49
39
82
44
66
68
37
20
59
16
58
6
14
63
46
23
23
23
37
50
14
55
95
5
50
69
79
75
50
97
57
52
88
39
96
54
60
85
26
71
1
84
30
16
47
28
91
23
51
80
73
17
88
68
22
38
89
2
13
39
51
71
91
91
62
39
98
74
24
24
46
78
61
76
94
60
4
37
83
8
17
56
25
5
76
48
43
17
2
9
57
53
32
0
96
94
92
94
21
68
19
67
46
32
95
92
92
51
29
76
59
99
84
85
4
13
85
0
30
87
9
39
92
41
92
88
87
36
83
60
4
54
79
3
86
74
47
30
26
29
58
37
28
95
74
32
8
59
84
90
98
93
82
90
86
74
79
26
62
14
86
66
20
66
21
6
92
21
36
70
50
95
8
78
90
82
62
50
94
47
92
92
92
74
83
31
0
14
57
62
80
95
81
0
61
54
6
6
75
94
76
25
41
36
55
83
19
70
33
65
69
78
57
13
52
40
44
5
6
53
67
86
49
0
86
62
55
44
68
30
39
45
8
80
81
15
64
52
37
49
17
6
27
27
20
32
67
16
37
26
70
56
12
19
57
99
33
12
43
2
94
34
99
54
67
80
22
83
85
59
84
54
66
12
81
38
96
1
54
33
27
24
89
91
95
98
42
29
62
38
31
57
72
82
63
39
62
85
74
99
45
59
6
63
71
87
1
19
88
55
52
67
32
93
59
79
44
1
8
6
39
91
15
64
73
79
3
88
16
78
39
61
37
45
24
60
85
77
79
73
85
83
93
17
28
4
48
24
5
9
31
97
52
46
61
78
77
16
18
94
46
57
55
35
55
32
47
40
61
78
65
46
13
58
15
42
62
64
18
20
73
49
17
25
96
30
3
73
46
21
67
93
31
75
80
86
59
28
26
20
6
91
67
20
2
82
14
64
98
32
36
71
34
53
49
30
35
52
55
82
26
75
