668
72
0
87
27
95
32
43
26
44
76
14
99
77
77
20
49
35
47
80
47
61
83
80
61
61
78
86
64
96
57
21
68
58
8
47
5
41
42
31
37
18
45
88
47
74
8
97
62
56
77
9
17
12
41
78
73
19
16
90
67
26
11
87
36
19
35
41
12
77
72
50
48
69
90
95
96
51
44
58
7
73
19
76
85
13
7
11
84
75
1
52
1
12
39
37
83
74
30
96
4
2
98
4
24
88
99
72
39
44
30
98
17
1
27
55
14
86
66
99
13
67
51
15
31
90
4
14
17
35
62
21
89
60
25
65
49
76
37
40
72
19
39
42
21
18
97
35
4
15
34
17
34
37
84
65
28
41
31
45
28
94
18
69
6
95
35
55
23
24
48
48
96
39
90
17
57
39
4
13
6
91
30
40
28
67
57
8
8
88
5
88
34
23
57
41
70
44
48
46
21
96
94
17
35
84
34
92
75
90
57
81
81
88
73
62
7
30
70
15
18
28
55
53
3
12
46
74
9
94
20
30
91
14
47
78
50
33
23
77
23
80
10
57
20
83
19
27
13
41
94
83
69
49
88
73
62
34
47
71
29
19
53
72
85
0
2
87
33
25
64
8
58
74
65
78
9
36
6
22
78
0
5
99
2
94
72
64
80
71
87
9
90
40
33
27
92
36
14
77
13
30
37
71
56
55
2
65
91
60
87
21
12
45
21
14
91
93
30
71
17
17
33
59
9
66
87
53
54
53
82
20
84
20
43
40
75
97
6
66
57
45
40
70
90
61
84
33
6
15
5
75
84
38
35
46
56
22
99
63
75
82
35
11
2
30
52
29
28
58
47
85
55
87
55
98
0
92
31
59
7
88
34
43
78
69
89
87
43
41
50
71
23
37
82
77
67
86
58
95
96
5
81
52
45
88
50
45
32
33
56
91
22
91
35
0
12
76
87
8
17
89
31
92
26
65
21
46
52
79
41
48
37
74
0
82
15
2
79
47
36
36
39
58
79
26
10
43
2
98
51
72
39
82
64
18
48
38
64
52
17
57
0
54
84
1
88
99
55
68
98
91
56
89
1
35
15
12
78
70
62
82
42
1
16
6
19
16
44
35
68
14
93
69
20
77
22
9
28
77
29
26
69
37
16
70
72
83
34
2
53
96
36
95
98
53
54
69
21
98
5
90
64
50
11
85
27
33
46
7
62
27
85
83
64
1
6
36
37
40
90
90
37
27
38
87
32
92
56
53
90
13
95
7
63
6
92
42
91
90
49
54
17
87
89
81
40
95
69
77
36
11
20
25
90
58
12
22
50
20
28
92
34
75
99
97
82
43
92
25
33
93
31
2
80
21
83
21
16
4
98
4
16
70
29
58
28
41
33
78
62
13
71
48
88
22
97
22
66
89
48
51
35
31
54
15
52
89
88
21
94
39
25
62
9
55
20
38
48
5
16
62
18
39
10
7
62
8
29
80
49
29
31
84
61
85
52
13
75
40
86
21
79
12
35
41
19
7
79
