490
17
12
32
48
47
5
76
81
40
1
96
47
32
35
10
37
39
40
42
75
36
79
11
54
54
35
74
96
83
51
78
1
15
11
49
62
68
77
95
8
78
92
7
62
27
17
0
66
57
94
42
45
73
53
51
27
89
25
23
24
29
54
25
44
17
26
7
85
3
2
45
34
46
52
96
25
69
48
44
78
42
38
23
67
43
74
95
32
52
70
9
81
24
34
25
93
61
84
78
16
39
23
2
85
27
99
63
96
99
7
26
42
45
1
9
88
28
56
73
80
27
82
13
3
68
90
97
29
75
27
98
66
3
0
3
30
51
66
79
51
73
57
45
18
59
6
7
87
63
80
19
42
14
84
97
82
74
46
64
1
74
62
67
29
14
71
11
66
37
42
69
63
0
14
81
59
20
40
98
35
20
69
77
86
53
75
69
79
21
33
81
47
47
0
28
61
23
40
79
13
34
0
76
34
14
57
45
87
98
43
22
70
64
52
57
17
27
78
97
0
11
30
0
58
30
28
71
54
20
3
67
55
55
43
41
70
52
87
9
2
82
83
73
47
35
82
64
14
60
13
67
23
43
67
33
74
47
56
80
68
11
99
75
67
94
16
89
46
55
98
49
38
33
74
37
69
8
53
35
20
67
2
43
10
21
28
36
69
84
68
89
96
67
16
15
61
32
4
8
88
2
9
78
87
35
15
56
43
68
92
63
87
46
58
50
68
38
86
89
22
7
78
70
74
94
85
88
78
41
48
18
95
57
48
83
44
63
39
87
84
83
2
71
30
12
21
50
50
60
39
24
67
17
47
93
63
84
81
93
26
29
12
21
86
60
4
82
76
96
69
12
31
23
83
13
35
57
63
37
69
2
62
36
71
9
81
86
45
63
80
71
92
44
45
31
56
1
13
84
97
35
96
81
58
32
94
46
89
58
83
10
12
97
46
36
6
79
22
4
42
54
75
35
50
20
18
7
22
83
91
71
18
40
4
77
72
99
75
13
9
58
23
73
56
21
9
14
0
84
18
43
38
94
30
89
66
0
48
40
83
91
64
2
31
68
31
3
67
6
68
28
64
91
2
72
64
63
87
65
47
5
60
38
51
42
79
70
42
27
10
