580
2
51
86
96
37
11
39
67
95
54
95
60
67
90
20
5
56
75
78
53
83
5
98
66
89
98
10
6
75
1
60
77
4
46
26
41
57
17
61
52
72
8
13
91
98
85
97
6
12
27
59
96
32
9
62
21
8
24
27
83
25
39
12
82
86
38
23
43
56
36
48
80
44
13
71
94
98
20
0
11
47
12
7
31
21
69
5
81
94
84
16
71
24
29
53
10
19
29
5
27
65
5
7
62
18
31
56
69
3
9
80
3
21
39
34
94
60
39
28
6
24
44
78
0
25
83
10
45
12
67
72
30
73
32
92
43
15
0
12
18
9
44
21
82
83
8
29
44
99
57
50
23
1
80
75
79
64
85
24
76
5
48
58
78
80
50
73
95
51
86
66
12
30
87
95
14
47
76
10
47
33
12
22
86
45
98
65
9
35
41
37
40
90
96
70
70
98
44
18
1
30
84
14
12
23
61
78
71
37
88
18
22
53
40
60
98
38
26
59
74
19
48
66
9
96
37
32
47
33
50
48
63
86
14
75
9
27
54
80
16
94
50
38
99
43
99
49
81
77
8
7
96
9
26
58
5
15
90
52
48
92
53
11
78
67
38
39
95
44
20
11
39
22
2
90
65
53
40
99
30
0
58
78
9
84
36
67
99
78
19
47
70
24
10
0
92
49
40
39
93
12
2
84
34
4
27
0
57
67
51
87
67
9
18
29
94
54
96
45
85
67
93
55
92
3
8
36
4
0
75
50
12
77
34
98
82
61
50
91
80
1
31
48
11
49
77
57
55
25
2
40
92
47
48
84
3
56
20
7
8
47
57
20
25
44
70
59
57
21
2
90
74
33
38
85
82
67
94
90
44
49
30
36
96
30
21
99
38
93
59
46
41
16
66
18
12
37
77
22
10
79
12
84
65
2
22
47
21
16
89
65
65
20
1
14
2
74
13
41
68
72
87
9
41
54
27
5
43
56
27
53
87
39
89
52
41
11
52
62
28
41
27
45
13
81
59
16
55
25
57
23
97
44
84
90
50
11
96
45
19
75
50
7
15
40
59
8
51
11
71
31
5
50
29
18
31
88
34
87
13
43
62
63
88
47
5
90
10
1
36
30
77
38
37
44
78
48
52
82
12
75
65
17
78
94
35
61
35
22
0
0
65
63
63
53
62
21
96
72
74
84
2
51
22
91
47
53
92
52
87
4
27
4
21
5
99
8
67
86
30
19
86
96
82
2
1
44
23
97
17
97
33
71
1
56
15
48
61
7
0
48
63
80
4
84
37
3
92
56
41
75
76
28
71
10
82
72
55
5
22
