373
26
73
2
89
20
42
8
51
45
5
2
28
92
14
5
36
65
3
8
20
87
13
99
82
20
92
14
61
91
73
2
17
98
5
6
19
47
66
70
45
72
25
25
16
39
30
4
57
86
12
77
73
78
28
7
98
21
73
11
12
99
13
81
97
70
88
16
18
54
39
15
78
64
40
47
55
70
51
12
8
16
41
34
94
70
41
44
43
67
55
55
66
20
88
63
91
76
32
61
83
71
76
13
87
16
60
42
38
64
7
47
80
48
33
26
70
74
22
13
41
77
20
59
49
9
23
40
37
7
1
20
78
29
86
65
97
46
59
36
10
66
35
42
15
68
68
37
94
90
51
88
19
71
47
69
32
22
61
70
29
15
42
59
44
28
24
42
75
36
30
37
2
65
32
69
33
52
7
27
43
10
15
14
33
15
35
66
37
97
36
67
12
30
78
8
59
55
2
86
91
32
75
45
97
7
15
82
60
74
62
55
84
29
21
17
44
57
35
82
54
23
1
18
54
31
78
65
86
81
51
77
65
26
23
63
86
90
97
46
16
11
53
52
41
74
69
85
31
57
19
37
80
72
7
34
4
86
99
90
19
2
20
84
81
95
99
67
37
49
65
53
60
18
5
1
44
26
39
28
35
10
17
16
83
25
2
39
63
54
81
34
56
1
18
89
48
70
56
85
19
73
90
31
43
47
33
88
74
24
16
61
34
33
77
69
10
32
8
25
86
90
59
94
43
30
84
92
0
92
29
71
66
20
54
9
67
87
49
93
63
17
55
98
51
84
19
13
16
28
39
2
18
98
49
13
28
33
5
80
25
35
3
43
7
58
5
26
97
54
72
61
72
79
