1000
67
48
67
3
42
82
48
3
26
25
69
14
90
67
81
21
54
33
99
42
95
66
55
10
37
12
78
21
7
86
8
74
35
75
30
29
10
78
32
36
3
1
2
46
21
84
19
27
69
18
69
17
84
24
27
73
37
57
94
96
44
55
22
31
82
52
60
92
82
92
81
86
46
83
84
67
19
3
94
89
73
16
6
10
40
85
83
29
95
30
25
39
37
48
70
71
52
82
16
35
74
49
73
20
84
57
39
4
12
86
45
85
2
51
95
94
88
31
76
83
61
1
74
50
1
96
73
6
78
89
41
53
38
14
25
23
23
17
79
35
55
24
20
9
27
16
3
15
47
79
51
60
33
77
62
86
74
35
92
52
77
85
57
67
51
35
90
74
4
21
9
59
45
82
20
72
50
75
40
49
7
43
61
92
20
23
78
94
58
23
99
87
60
56
55
12
43
97
86
47
19
48
58
16
82
78
89
32
6
81
81
13
24
42
5
44
17
83
91
27
58
90
15
19
98
22
83
94
19
69
93
90
69
52
7
51
82
96
35
40
29
68
53
53
62
58
49
79
94
92
7
4
34
74
23
85
96
6
79
15
28
72
6
49
76
13
53
11
61
88
51
42
9
5
47
71
15
48
51
9
41
10
14
75
84
89
60
32
48
91
99
28
64
5
77
92
70
30
55
83
71
7
25
80
64
72
51
79
73
54
89
14
16
55
41
52
44
54
84
44
45
84
72
61
41
50
6
64
32
61
99
55
20
25
35
84
49
39
16
22
45
57
88
62
12
30
14
8
36
99
53
33
35
25
95
76
27
1
92
60
14
92
67
35
69
3
71
18
94
87
93
39
44
33
1
56
15
68
65
51
19
18
85
54
43
32
82
23
85
75
35
99
67
2
86
36
5
58
6
51
45
51
91
90
85
44
46
0
64
63
4
83
33
41
37
29
73
20
52
58
95
87
9
14
89
96
50
47
6
8
98
51
60
41
41
45
38
40
97
2
55
53
86
89
94
75
18
67
47
22
77
42
9
39
8
50
87
58
97
93
19
48
44
79
41
38
76
31
30
25
34
37
79
72
26
73
99
96
93
47
70
22
41
79
13
50
82
0
60
79
93
79
79
90
58
21
80
86
52
62
12
38
99
91
62
78
16
62
26
9
9
97
84
2
28
97
52
10
50
65
42
43
44
21
85
55
94
17
41
99
79
53
37
31
96
52
9
13
14
87
74
75
84
58
29
13
8
82
75
58
99
17
53
43
39
91
50
85
8
44
84
40
49
74
71
46
26
80
59
92
67
85
19
4
96
48
69
4
82
44
14
81
62
67
77
53
58
79
38
19
23
75
59
73
49
30
19
75
62
30
19
81
15
38
85
63
86
6
67
21
51
81
2
65
1
31
70
59
11
60
78
34
35
37
7
84
19
78
11
81
60
30
63
28
68
0
91
7
7
11
28
10
92
30
75
93
14
45
5
25
5
35
59
41
25
19
77
44
97
89
78
10
19
93
38
40
93
29
99
52
40
27
62
85
9
37
30
23
34
35
48
92
23
8
85
48
27
62
44
76
3
22
86
75
15
76
67
9
58
66
61
50
93
76
35
2
65
18
78
52
53
26
44
76
86
81
76
65
43
21
94
99
43
32
74
59
9
41
20
19
59
33
69
52
9
57
6
27
75
84
79
80
63
23
9
1
4
85
19
99
6
65
50
2
97
24
13
58
17
33
77
76
18
99
80
80
56
39
7
31
23
38
11
38
13
72
92
17
58
63
68
16
28
19
70
25
95
83
84
65
68
13
93
87
12
26
19
68
65
26
51
40
16
15
31
29
87
23
98
97
86
66
66
14
37
36
91
85
20
27
2
88
41
47
27
5
73
46
26
38
24
77
79
40
44
10
69
84
85
67
81
23
86
47
89
75
84
80
60
56
8
62
44
1
10
24
58
35
70
84
74
95
14
5
87
58
67
57
94
52
76
76
75
62
75
64
38
11
96
50
67
56
65
64
9
27
88
68
62
10
52
88
5
66
93
93
77
60
2
71
64
78
99
39
93
27
55
31
38
4
81
58
60
46
74
22
73
62
90
88
24
42
76
30
61
70
75
90
82
29
61
47
59
13
38
52
40
46
35
30
50
69
40
62
67
14
84
93
28
26
81
53
69
57
35
82
79
62
72
62
91
85
9
50
50
99
3
42
45
90
73
95
59
65
10
27
32
46
20
60
73
1
65
94
10
0
76
90
62
0
4
5
37
65
56
88
64
11
82
10
