200
71
64
46
59
4
28
64
5
1
75
30
26
45
17
79
76
23
91
44
58
69
57
86
15
63
70
56
81
90
46
82
61
10
81
72
66
9
37
71
63
64
1
41
9
71
72
38
46
15
34
4
84
91
90
51
55
12
8
88
54
54
71
16
16
4
88
82
13
77
53
28
42
6
69
3
29
94
41
75
9
76
31
94
19
74
97
74
38
5
63
93
11
86
9
27
90
49
61
55
79
66
84
73
25
5
28
54
99
22
30
61
50
61
7
69
35
4
96
74
10
11
19
73
49
80
53
39
29
14
46
60
81
82
85
6
40
66
12
39
88
42
0
38
56
59
59
91
64
55
17
26
18
36
99
67
16
52
58
98
19
5
10
52
39
48
10
79
14
22
19
2
65
71
92
21
31
3
64
47
59
34
73
77
22
72
97
91
77
55
41
96
60
3
48
52
51
58
31
65
32
