708
17
74
39
90
28
58
71
48
73
51
12
89
30
81
70
64
26
40
80
83
16
49
75
92
45
18
99
6
51
61
38
21
87
78
11
67
88
35
67
14
86
80
55
68
61
26
32
40
18
65
75
35
14
2
27
59
20
78
65
23
91
56
96
78
86
60
45
74
95
12
40
33
44
96
1
58
22
85
50
40
50
25
27
16
27
54
76
99
84
93
74
75
49
71
53
87
83
50
14
30
15
54
63
59
50
16
69
72
1
19
65
4
44
92
20
23
99
48
74
35
42
49
11
43
72
16
31
55
67
45
85
34
51
0
45
2
68
15
26
69
34
91
25
31
36
46
6
87
94
81
22
88
82
85
32
6
2
15
13
21
12
50
7
63
2
52
65
70
19
92
91
54
35
17
37
23
63
95
62
9
28
37
98
62
22
82
68
76
97
33
49
61
83
56
76
85
61
94
55
80
86
99
86
73
16
75
49
79
71
11
40
99
48
38
62
23
20
82
51
69
16
53
82
51
61
59
37
22
53
44
3
91
43
41
16
59
17
65
90
40
29
31
39
29
21
53
52
42
88
56
63
4
9
46
55
70
5
44
93
10
41
48
1
84
89
17
96
58
83
38
98
12
21
90
41
43
95
46
37
83
2
0
39
63
98
47
33
3
91
26
65
32
26
66
69
68
36
65
26
19
55
25
83
77
15
76
20
62
74
57
46
28
9
85
91
8
84
25
63
28
3
29
60
30
47
81
98
83
46
76
54
54
1
89
31
68
18
51
31
92
60
29
21
21
66
64
29
51
89
45
79
45
26
91
27
73
73
25
9
71
1
63
25
55
5
56
23
23
59
6
15
71
35
88
93
2
5
74
5
94
19
84
91
97
75
18
23
48
95
32
72
49
47
97
4
52
54
79
75
65
38
43
37
73
31
30
27
36
4
32
83
76
16
26
73
44
45
96
44
40
80
16
89
28
66
45
80
20
25
8
37
63
51
74
88
34
56
16
23
13
0
58
89
69
84
14
65
29
63
9
22
95
78
63
23
44
61
56
16
38
64
53
53
67
80
41
1
36
9
24
49
62
34
90
31
19
57
96
0
72
57
74
67
35
38
43
31
51
51
47
89
15
53
42
34
33
83
35
21
45
12
23
7
46
13
90
17
22
38
18
94
95
92
14
83
82
9
14
33
60
14
74
27
19
16
61
52
52
96
25
49
60
48
56
59
14
98
76
36
36
94
83
83
39
49
66
73
58
33
59
18
99
33
45
18
2
6
70
54
54
95
3
67
96
11
26
10
9
2
46
97
49
81
80
40
30
99
65
88
32
76
6
31
62
3
49
64
9
71
70
16
18
25
83
14
36
9
76
97
63
23
46
12
56
78
4
87
77
70
75
9
46
34
92
60
37
93
24
99
16
46
15
35
71
50
1
59
11
78
8
74
53
54
39
9
33
43
96
10
65
24
72
64
10
16
24
47
10
1
98
26
47
65
13
19
15
67
78
26
45
87
1
50
93
92
59
78
87
8
41
53
84
65
69
94
81
93
93
43
94
92
22
94
57
87
13
25
54
43
51
99
82
4
49
76
48
61
6
36
21
47
89
5
12
10
51
46
3
