762
97
18
2
32
33
2
18
64
13
42
85
21
87
31
41
95
28
76
22
12
65
45
2
4
55
53
32
52
52
17
69
1
36
71
86
21
74
56
85
39
98
70
61
38
54
54
33
82
82
56
46
47
1
49
3
56
54
35
60
58
4
30
60
40
1
98
62
27
54
99
19
5
22
32
43
76
38
76
58
20
32
56
19
85
5
22
93
11
9
54
70
13
84
82
6
37
80
20
17
86
19
36
91
41
68
86
69
6
63
27
78
47
84
97
85
41
71
30
53
80
84
75
45
20
57
51
58
89
23
27
75
95
63
19
36
83
5
6
41
20
85
19
20
21
68
5
15
39
35
20
19
72
95
16
92
4
20
2
93
43
29
68
38
44
87
27
27
45
85
20
65
22
39
37
44
7
94
59
98
30
79
69
54
26
86
98
30
6
53
23
1
34
43
40
79
83
19
58
28
4
79
45
26
70
83
22
30
77
33
28
59
64
98
65
90
84
64
20
42
17
95
43
51
91
35
82
26
6
41
54
62
20
51
89
42
86
63
72
16
97
1
27
61
51
93
52
35
9
24
29
78
72
24
81
63
12
64
41
18
57
47
81
77
98
22
19
37
85
44
5
34
45
32
96
96
77
0
83
38
76
64
16
48
88
98
63
0
14
4
71
71
51
52
0
2
74
71
91
11
15
96
46
12
28
94
8
58
46
43
96
22
7
65
23
96
63
38
48
29
95
19
0
98
71
52
52
97
23
43
61
39
39
7
51
20
53
12
78
99
55
26
73
63
91
96
11
6
87
59
35
82
31
87
32
54
39
85
52
63
28
65
54
20
72
5
40
77
69
70
76
25
96
49
40
40
98
3
46
85
14
34
19
45
21
51
0
61
36
4
76
17
69
30
37
93
87
29
70
57
99
98
82
47
99
74
39
97
77
86
34
91
72
53
89
93
5
89
6
93
45
82
10
66
12
99
11
0
28
81
57
79
31
91
79
30
17
18
80
94
56
14
37
28
68
26
22
25
15
80
18
12
63
81
78
75
80
89
27
9
22
36
40
5
27
19
88
96
38
68
90
94
82
28
75
2
6
49
79
74
29
50
86
92
31
17
20
63
58
47
24
33
84
65
38
63
84
26
60
74
46
2
21
81
30
96
83
37
45
15
11
74
65
49
19
96
18
39
59
77
38
84
10
22
1
0
38
85
79
98
60
25
0
81
58
83
29
94
72
74
9
35
0
74
84
71
22
3
10
33
32
49
17
94
23
18
94
61
56
25
11
68
3
12
1
61
47
30
55
19
56
64
6
8
38
42
80
12
97
42
46
29
43
15
75
67
34
22
80
42
47
92
10
50
56
11
12
55
93
19
26
49
84
32
9
74
26
89
87
24
32
85
5
27
0
81
46
86
3
27
28
50
71
90
53
79
1
17
34
46
36
12
47
20
96
57
47
22
46
86
46
30
71
4
58
71
85
4
58
88
83
86
90
6
77
95
85
30
12
71
77
1
83
24
73
79
33
20
54
32
6
52
62
77
56
72
1
41
29
59
81
64
97
24
71
74
19
56
57
84
80
86
85
15
62
58
47
96
31
1
28
37
53
42
67
62
67
20
3
96
79
37
60
76
13
31
3
84
40
12
68
72
98
5
39
12
16
86
8
47
39
88
36
45
31
55
7
50
75
10
46
6
99
58
83
12
42
38
97
34
2
17
6
52
75
45
64
91
84
25
90
23
13
