439
70
64
88
61
56
73
27
58
68
65
39
56
53
43
41
40
39
63
59
73
70
38
41
38
92
52
53
13
94
80
42
16
96
82
77
52
56
4
62
76
21
53
84
27
96
26
67
87
41
78
60
11
69
1
50
61
6
55
74
52
87
68
69
83
50
46
35
58
3
98
87
76
51
71
3
0
49
22
87
43
1
0
54
70
53
56
31
59
64
57
12
51
25
81
35
27
79
22
86
34
72
25
11
76
96
14
28
98
89
67
41
90
19
47
12
73
56
95
84
20
52
96
23
29
29
10
8
61
33
94
95
57
71
58
85
20
25
13
18
14
33
11
56
52
10
68
25
66
63
10
38
67
58
62
96
40
72
4
1
57
51
48
67
22
59
52
42
84
18
12
50
51
75
6
55
86
74
81
4
37
43
43
4
53
57
52
45
29
8
98
39
59
47
6
34
58
58
28
94
28
93
44
79
68
50
35
54
24
68
59
13
63
54
69
68
11
21
14
92
81
12
31
41
11
89
27
21
48
7
15
28
0
59
8
21
61
95
75
85
15
86
50
30
92
71
98
3
44
64
96
26
29
79
19
92
69
46
14
69
5
29
97
6
41
5
27
2
52
54
40
19
93
90
49
85
62
0
89
6
64
37
32
45
16
3
38
85
49
52
54
7
33
52
13
74
9
92
77
62
98
17
81
91
59
83
29
21
83
18
80
99
7
64
45
23
68
83
9
69
87
15
76
20
67
41
95
29
85
24
43
84
41
76
27
0
59
56
74
94
26
6
94
33
22
91
9
42
26
18
12
13
85
40
33
5
34
80
34
71
4
29
55
97
5
35
98
17
91
24
11
70
30
57
55
52
48
64
47
74
34
11
39
20
51
25
25
37
5
11
9
62
40
16
59
97
51
9
14
95
33
78
17
15
35
72
20
36
37
67
10
71
78
50
91
81
27
68
19
32
31
80
46
23
96
6
21
0
15
87
95
1
65
12
16
53
84
36
89
21
