744
84
95
99
54
33
88
85
87
20
22
17
14
90
75
78
97
3
51
80
86
66
19
70
21
82
73
72
18
52
15
88
88
62
87
42
96
75
27
35
47
1
52
61
91
80
91
89
35
43
21
73
61
40
43
34
74
17
59
93
21
74
33
9
88
20
3
36
47
82
24
95
84
76
8
75
8
0
16
43
95
37
68
8
77
64
42
52
81
1
97
54
27
30
15
68
2
70
4
49
52
80
96
88
57
5
16
17
57
84
13
4
22
81
12
51
45
54
55
78
8
4
84
87
86
99
55
88
69
12
90
74
92
38
14
1
95
30
71
52
67
84
56
89
17
20
92
63
27
48
93
87
4
78
74
91
29
82
31
51
46
73
77
90
12
91
44
7
74
15
12
93
51
20
82
68
41
26
83
68
26
77
7
31
7
81
74
88
63
5
39
61
31
68
52
43
12
96
2
38
63
14
31
14
87
65
82
80
91
18
0
18
47
7
1
54
88
75
94
4
32
86
65
63
54
69
58
18
65
61
56
28
27
87
94
14
4
77
46
96
47
46
66
94
53
67
0
42
94
94
98
26
80
15
42
87
85
0
5
2
61
14
83
41
53
77
7
58
6
54
54
53
0
72
47
54
39
47
48
33
94
98
11
26
13
53
65
98
54
23
1
67
37
36
60
42
13
68
0
20
74
6
25
26
78
73
80
69
72
80
54
66
78
66
45
92
71
10
42
77
33
95
45
22
31
57
65
45
77
65
17
51
72
42
78
2
67
10
72
40
91
26
58
21
44
3
65
16
66
8
93
99
3
90
22
87
48
87
84
25
4
1
29
28
95
59
31
15
69
3
55
12
81
65
34
26
21
51
42
87
59
87
38
15
78
12
2
78
51
86
55
56
39
36
84
86
95
67
1
65
22
8
29
4
74
15
82
47
67
76
34
78
63
72
93
93
85
47
71
36
33
79
44
24
15
81
11
11
48
12
28
23
21
57
79
47
25
61
94
92
89
28
70
52
52
16
98
89
63
21
78
49
0
74
73
68
55
84
31
56
97
59
79
70
68
58
17
45
71
11
37
60
91
60
64
95
28
62
85
91
36
15
40
36
89
66
56
45
50
87
53
99
98
32
21
67
42
38
64
65
1
2
77
44
14
41
40
42
56
77
85
44
92
78
32
33
44
89
78
94
76
83
46
75
15
67
94
9
58
58
74
11
12
51
56
78
45
96
72
53
73
58
97
17
36
29
50
80
18
81
26
47
64
24
74
32
44
20
41
2
30
68
65
43
71
21
73
68
17
46
21
42
4
70
59
92
52
62
24
22
43
2
69
7
27
95
91
23
15
33
77
46
53
42
41
24
64
14
93
81
60
66
76
64
37
87
8
89
49
32
11
92
35
33
52
14
28
43
37
96
28
14
42
81
56
83
58
20
49
51
54
10
17
30
26
6
17
35
95
67
19
59
11
54
44
15
68
72
11
5
68
39
71
62
73
28
97
31
0
47
34
54
9
51
36
35
10
6
22
57
25
42
16
36
48
60
4
17
85
15
74
5
6
46
68
79
26
65
62
26
64
96
33
73
0
21
61
10
27
83
67
52
77
36
41
26
96
97
95
33
12
21
39
70
19
7
50
97
24
12
24
89
61
9
14
61
30
75
71
10
11
38
62
88
74
55
66
23
52
13
56
16
35
95
87
