643
14
24
46
97
87
58
49
20
63
32
4
81
20
89
44
33
46
23
65
65
92
8
60
39
0
22
74
20
72
30
62
38
6
8
35
94
18
37
14
81
69
18
62
42
59
58
75
5
81
93
70
25
1
30
64
53
5
39
26
77
69
88
15
75
48
2
69
66
39
35
47
61
5
61
3
64
19
30
69
52
23
92
78
77
74
94
30
79
33
56
8
2
44
75
30
44
78
51
10
69
87
9
30
44
22
33
9
93
64
30
46
39
22
76
16
49
22
47
80
56
3
89
10
0
16
40
44
94
44
55
64
31
16
46
27
39
80
36
32
96
19
30
35
41
58
52
42
81
99
23
89
54
64
99
54
80
92
99
27
36
6
43
19
22
89
46
61
69
35
94
17
54
24
53
47
35
57
90
16
56
13
5
62
77
56
17
9
48
16
36
36
22
79
55
96
69
54
58
90
89
52
60
43
28
13
90
63
70
32
31
78
45
36
40
74
93
9
84
93
25
20
30
99
52
37
96
73
91
6
63
32
10
23
75
38
88
18
54
58
50
85
88
48
74
29
22
19
38
58
64
16
31
46
67
83
84
15
56
27
21
71
60
31
47
87
22
35
57
28
46
60
13
86
8
39
67
82
10
58
41
75
74
24
21
93
7
5
61
63
85
34
86
97
18
33
36
92
21
94
20
67
6
85
5
14
25
73
48
35
31
41
62
57
65
84
2
24
41
63
39
26
50
26
75
68
11
12
60
32
58
80
51
64
17
57
30
94
30
30
30
61
72
44
18
89
28
20
14
22
36
53
0
86
31
76
54
43
40
66
75
98
98
27
14
15
84
96
10
66
26
92
79
50
36
49
40
17
69
6
39
57
59
39
43
43
67
49
86
7
67
61
57
65
40
71
33
76
67
95
42
94
39
21
96
27
22
36
44
92
42
35
1
54
27
97
97
94
46
35
54
66
96
11
31
89
83
16
65
2
11
60
48
50
33
45
78
56
81
74
0
76
10
1
82
37
98
31
83
97
66
37
15
62
49
46
3
84
15
69
86
26
81
35
29
14
80
7
22
13
33
22
41
43
76
23
32
26
54
68
75
20
5
90
35
6
89
38
90
4
59
29
82
40
64
11
7
96
70
29
61
4
4
3
99
32
26
84
58
33
52
86
53
9
76
40
16
65
31
58
21
90
87
4
83
3
67
90
51
38
71
13
94
27
68
45
59
94
29
70
79
33
56
85
43
84
25
11
50
56
69
23
99
9
27
82
64
95
24
16
85
47
81
79
75
49
24
86
43
6
56
75
39
64
60
34
49
85
45
51
94
67
74
93
76
54
27
40
1
3
8
86
50
89
17
77
38
93
16
34
99
24
9
91
89
69
25
90
6
23
41
52
90
67
45
18
21
24
10
22
27
19
60
30
60
77
59
99
71
27
85
22
52
94
13
93
15
39
83
73
14
24
26
4
