716
47
41
32
37
25
19
20
76
42
89
70
5
50
19
23
20
4
65
58
78
25
89
98
62
45
72
91
15
32
68
14
32
9
98
21
35
70
41
63
12
30
85
69
80
5
93
52
61
58
62
39
36
3
89
50
1
61
93
68
46
61
82
78
71
81
51
58
51
92
73
15
75
58
36
7
63
81
12
76
92
74
16
80
30
5
30
31
19
76
51
17
37
34
47
60
67
98
18
70
90
91
85
17
2
73
25
17
55
37
94
99
63
10
79
93
67
9
76
38
85
28
55
75
14
54
35
81
52
6
51
95
49
88
12
51
13
37
69
20
26
63
19
42
25
98
87
44
60
64
35
97
44
90
24
10
45
60
91
49
66
94
44
67
34
57
19
99
46
40
20
25
3
39
67
80
90
54
76
2
70
11
99
66
2
24
76
99
36
19
48
54
65
45
21
51
2
92
51
0
32
71
77
87
62
44
67
4
51
44
6
73
55
58
92
9
34
68
60
22
40
61
28
5
6
49
57
60
94
60
12
26
83
90
66
97
86
85
2
37
29
60
63
37
70
55
98
56
75
11
78
15
72
6
73
30
8
82
42
2
42
54
80
77
44
46
74
83
32
28
72
13
89
35
2
11
42
53
68
18
64
98
85
88
5
10
70
65
92
12
19
86
66
51
63
63
50
90
46
82
18
18
47
7
6
2
19
48
55
39
66
71
37
4
11
94
14
81
59
59
93
30
45
11
82
61
74
32
51
72
66
69
43
65
29
49
67
0
97
74
39
16
97
76
72
8
71
86
41
82
45
86
13
43
98
47
4
24
31
7
49
97
76
92
14
57
93
82
57
90
8
48
58
6
25
30
66
48
17
8
82
14
46
95
57
96
94
13
21
25
20
22
74
49
14
89
6
7
23
16
49
31
64
60
89
41
90
56
89
59
16
72
26
62
19
83
59
66
97
32
91
69
6
18
18
72
59
77
31
82
93
80
65
9
92
55
51
83
63
92
94
79
16
72
93
36
56
4
2
5
88
45
26
94
63
45
66
74
74
49
56
67
30
22
28
74
29
79
57
92
24
4
23
40
76
16
28
84
73
82
41
61
28
68
8
43
65
26
18
39
76
26
58
58
48
86
32
29
18
42
21
94
98
44
34
74
13
63
11
86
45
4
47
25
72
7
69
89
34
39
28
62
65
38
20
66
25
52
95
95
46
69
89
44
13
75
71
26
38
34
12
36
38
12
61
11
19
82
0
5
73
81
67
91
19
39
57
96
44
4
43
90
73
84
35
39
60
58
65
50
92
30
86
30
42
0
93
13
34
46
71
8
79
38
99
98
78
8
47
22
64
90
64
90
75
51
29
87
9
46
37
53
76
76
36
70
76
29
36
62
27
7
70
6
97
21
57
75
81
56
49
98
98
14
88
73
65
17
60
27
63
50
80
92
26
16
62
2
98
50
64
77
57
87
36
55
60
45
82
94
1
84
92
99
98
80
25
15
49
37
94
12
87
27
56
65
95
71
19
93
21
36
23
31
23
11
86
35
56
20
81
9
4
73
8
54
5
85
22
54
75
16
19
14
43
27
80
39
98
99
84
20
35
59
51
10
70
89
98
26
61
79
35
18
5
96
72
