623
58
44
52
83
32
3
50
69
42
67
56
37
99
38
52
99
91
52
46
73
91
33
91
17
49
84
4
58
26
21
91
84
17
96
19
2
99
69
23
93
88
32
82
87
70
34
39
13
38
85
87
29
70
78
99
71
15
55
30
41
28
73
77
98
69
97
0
21
66
75
66
55
7
49
94
77
35
85
91
74
70
30
55
93
60
6
64
75
62
46
68
42
72
46
40
93
43
92
14
61
68
33
68
75
34
15
5
69
0
48
95
23
78
51
16
38
57
32
66
71
31
86
14
3
32
54
96
27
99
63
41
67
96
9
94
82
24
99
51
77
47
47
0
25
50
68
16
7
0
34
31
83
20
45
86
53
51
35
32
50
98
73
69
46
83
64
28
59
15
79
36
63
78
36
40
28
4
8
88
57
42
19
40
63
16
79
68
67
14
0
70
12
74
91
58
9
7
38
20
23
69
57
86
48
45
78
28
2
87
16
11
29
35
51
44
3
30
12
23
44
13
45
8
39
36
18
48
44
56
68
67
26
77
5
26
75
83
54
77
22
71
88
4
58
91
48
62
74
13
85
70
26
30
79
17
18
97
17
62
6
37
81
32
15
38
10
90
74
64
19
96
87
59
52
46
50
53
60
24
66
97
95
44
79
26
61
97
23
78
12
81
15
45
65
82
84
75
72
10
92
43
6
79
2
11
77
5
64
89
81
30
86
76
74
17
2
87
67
78
65
31
11
80
76
77
63
12
4
87
22
96
83
81
76
37
92
5
42
8
95
24
38
81
52
64
51
7
51
18
37
16
49
48
48
77
25
63
90
82
51
64
78
86
45
6
23
89
12
66
97
7
90
87
40
94
51
91
1
54
9
38
22
10
87
71
88
64
34
78
46
37
42
77
23
40
83
47
29
95
65
27
2
7
14
43
1
18
86
3
72
96
93
95
58
80
18
46
97
52
76
95
42
71
72
17
11
56
16
92
51
81
71
6
88
38
1
42
56
87
97
80
35
90
75
94
23
45
40
20
50
17
67
92
40
40
9
51
48
78
95
51
59
67
57
0
5
10
42
13
98
39
93
33
81
21
27
4
66
20
76
16
89
44
60
29
84
22
80
84
0
27
35
11
94
45
11
51
55
5
64
53
96
10
39
78
31
18
34
49
38
11
18
27
55
78
56
91
52
88
75
52
16
62
16
62
7
27
14
63
85
30
68
33
40
7
63
23
26
98
73
64
9
91
44
16
21
52
7
74
41
34
78
9
96
94
23
4
74
89
19
11
20
87
44
12
95
8
36
73
58
9
89
19
52
33
35
73
38
94
99
31
28
78
92
24
72
15
80
98
5
99
9
77
87
54
89
34
14
25
59
72
86
48
91
38
34
78
64
72
72
15
3
0
93
47
76
18
62
57
16
19
56
78
