212
20
90
92
49
60
47
94
10
55
39
19
30
69
62
0
30
57
6
13
86
5
19
31
70
62
66
43
99
97
12
87
69
54
79
18
14
78
64
25
86
3
96
16
25
10
68
7
67
74
20
5
31
91
36
2
6
54
97
5
3
10
44
72
64
76
43
79
6
7
56
92
63
4
8
40
14
28
47
33
55
19
38
86
10
26
40
68
80
38
74
84
0
70
8
16
98
3
47
5
11
3
49
26
59
10
66
25
38
65
58
93
84
48
32
46
74
24
15
7
62
41
43
14
63
3
31
62
7
78
19
70
34
20
96
93
30
14
71
21
79
29
66
15
78
50
61
4
75
76
63
89
69
6
4
33
10
87
47
17
17
66
39
51
38
35
97
69
1
68
42
80
49
60
95
79
11
8
84
38
37
99
27
6
58
83
91
68
70
90
37
88
56
76
91
47
63
88
68
64
8
10
96
58
22
43
89
33
3
73
71
40
25
