737
12
97
41
50
0
85
39
12
42
78
13
56
72
34
55
25
73
95
50
1
0
8
3
27
66
58
95
3
39
73
15
51
22
8
53
22
94
92
34
88
70
99
97
94
33
52
72
59
48
22
12
48
83
15
27
49
74
22
5
65
47
72
16
69
81
21
92
27
13
78
15
36
78
12
82
63
65
54
22
65
77
87
13
60
2
40
61
28
14
18
93
62
91
61
83
72
82
75
51
48
54
66
36
32
79
18
47
96
73
70
61
2
9
26
14
11
18
75
92
32
94
85
46
37
47
30
61
81
5
12
29
11
78
17
95
9
36
43
5
61
65
18
63
74
96
29
37
14
4
29
47
50
67
45
87
66
75
48
47
33
60
29
96
91
46
92
0
34
35
58
95
0
76
10
26
73
39
63
39
96
93
38
46
60
84
86
26
11
34
25
44
47
54
41
38
53
85
38
87
20
48
35
72
77
45
98
50
37
61
41
85
6
80
83
66
64
69
44
75
56
70
72
3
76
65
41
29
50
31
69
22
80
4
46
57
1
44
59
38
57
52
75
64
32
59
82
48
80
79
76
36
1
48
91
77
13
84
59
15
68
28
37
0
32
83
57
33
79
68
24
88
20
99
4
5
10
87
53
91
18
29
79
19
77
23
96
42
7
55
9
27
35
98
27
67
33
84
53
64
4
77
53
77
28
57
82
39
96
87
82
14
17
13
33
46
36
82
41
96
89
50
23
25
49
51
92
34
87
45
99
44
74
52
21
3
9
55
94
6
42
76
72
59
41
6
58
78
88
99
26
77
49
49
54
50
52
99
85
40
96
84
84
71
88
57
26
97
64
20
55
6
48
28
18
89
86
76
19
26
75
45
55
76
47
10
27
99
9
64
91
57
0
27
28
88
36
54
37
0
26
93
59
26
73
77
16
11
5
87
37
32
85
44
8
84
54
87
35
15
3
27
73
3
6
53
91
43
60
29
95
38
74
54
65
99
83
33
62
88
20
51
72
57
95
33
41
2
72
77
17
76
56
42
31
62
48
23
57
8
4
53
46
30
7
11
81
43
96
43
83
17
94
56
26
41
41
68
43
13
97
13
41
5
55
73
19
3
48
77
63
52
82
62
34
41
25
67
84
22
10
68
91
56
76
17
97
17
37
93
82
86
6
24
91
61
97
11
17
45
40
32
49
22
94
35
63
20
2
48
42
64
68
33
72
44
2
69
61
40
14
95
26
20
19
70
34
16
81
51
13
21
35
14
95
30
49
58
50
3
6
44
67
74
29
39
70
31
61
83
23
75
79
2
96
98
72
30
67
5
33
32
78
68
47
73
98
96
31
0
0
90
44
19
64
25
59
87
57
20
70
32
47
49
34
43
0
6
25
67
63
58
99
41
79
46
14
77
95
46
30
47
88
26
66
52
52
77
91
61
97
62
93
45
11
28
40
63
86
66
30
50
76
82
91
55
80
6
85
75
4
15
74
92
41
41
96
45
18
88
6
68
2
0
65
65
28
5
29
66
23
59
16
0
41
8
55
74
66
40
49
22
7
24
14
49
17
62
94
87
2
53
7
4
53
72
70
33
30
99
99
5
10
68
5
4
76
13
78
94
53
27
16
61
3
82
62
72
96
8
12
99
61
19
55
66
44
25
51
26
76
3
31
87
71
37
91
99
