821
7
50
56
87
18
12
3
60
37
54
42
58
14
84
34
62
6
67
77
3
23
73
40
94
88
57
78
88
66
20
31
74
70
40
13
41
52
16
53
41
22
95
0
37
79
34
51
37
53
28
40
76
53
32
22
41
41
53
82
60
73
65
34
44
5
99
37
10
16
90
51
90
37
51
79
68
37
30
5
91
10
97
19
64
81
42
57
22
95
39
82
68
57
68
64
14
68
53
24
36
43
76
78
32
79
58
0
17
88
5
60
99
54
79
15
35
21
72
10
16
64
44
37
21
13
1
87
33
55
12
21
50
40
99
83
19
57
35
36
98
41
96
97
47
28
12
83
49
36
45
18
0
89
55
73
2
8
61
87
15
25
60
66
65
60
1
84
69
36
73
67
29
21
16
77
49
80
12
51
17
57
69
69
46
76
95
1
84
56
40
0
33
1
18
98
61
19
34
82
7
59
2
37
33
18
66
34
51
78
85
20
87
6
41
33
82
36
86
67
44
27
19
77
80
37
27
41
56
14
75
63
25
77
52
58
48
18
45
99
48
30
71
35
37
12
21
71
49
7
38
93
86
9
23
66
46
50
59
2
16
35
18
42
64
22
52
12
41
97
63
41
28
34
77
17
99
98
88
48
57
79
93
96
88
16
62
35
19
74
89
35
61
59
77
25
82
30
90
75
27
53
16
7
40
45
24
39
43
65
87
53
96
32
49
84
49
63
71
68
89
13
3
50
72
33
28
6
15
18
81
42
23
98
50
63
43
26
2
39
43
41
44
39
74
45
24
75
8
47
43
98
60
98
0
33
83
28
39
98
46
73
41
22
23
43
85
66
21
88
57
65
81
53
4
55
98
80
30
7
80
25
57
40
24
9
25
59
38
17
58
36
90
99
58
13
94
96
31
67
84
41
32
65
94
89
73
93
21
55
52
1
81
61
94
57
70
19
16
8
88
74
97
78
25
7
43
71
3
75
39
39
16
71
57
10
12
82
55
86
37
7
87
18
68
33
27
39
5
44
99
93
70
48
72
96
8
67
67
11
42
58
3
10
30
60
73
94
42
28
80
79
88
20
50
56
53
77
47
10
73
99
4
44
47
28
92
7
95
11
19
90
70
22
52
52
34
25
98
28
6
79
59
46
51
61
54
56
39
2
67
64
53
71
8
52
99
52
60
46
64
31
36
86
5
89
38
39
66
88
19
24
67
78
70
70
40
25
27
31
79
94
95
84
17
56
36
68
60
96
66
24
79
3
62
84
44
52
75
62
41
94
87
60
25
57
31
17
34
58
48
65
4
95
49
73
51
86
93
12
34
59
88
66
62
3
50
58
55
26
21
96
72
8
57
97
17
88
14
4
98
14
21
54
62
71
27
65
9
72
77
95
31
18
61
94
73
12
4
28
90
25
77
14
85
34
12
55
74
78
11
24
45
32
78
7
3
57
72
64
29
2
60
60
72
21
6
45
85
11
73
27
88
50
42
26
36
6
81
62
84
92
86
81
24
16
88
80
25
13
44
54
15
4
67
39
78
25
84
15
88
9
43
29
12
85
55
48
91
88
63
27
80
49
61
56
18
1
36
43
14
81
50
81
37
69
20
15
94
56
31
35
66
26
64
30
11
71
30
54
59
93
33
91
95
94
47
13
96
84
56
62
17
58
44
6
27
16
22
74
73
5
61
91
31
77
21
94
48
51
48
59
45
81
50
40
28
97
5
24
33
13
86
2
72
82
9
51
99
83
77
24
40
38
15
71
67
36
17
15
39
65
74
36
98
24
76
78
74
33
2
59
47
41
62
71
23
71
22
74
6
52
98
46
42
13
69
10
1
86
77
93
3
52
29
53
28
58
32
54
91
86
