279
32
16
9
29
82
21
97
91
17
59
30
57
82
93
77
27
18
84
47
79
11
2
3
74
46
35
51
59
67
35
44
99
52
6
29
34
79
26
25
96
37
7
5
19
0
34
98
70
18
97
49
81
51
5
55
97
92
59
57
59
94
53
58
98
11
39
33
90
17
10
38
54
18
43
25
70
77
24
41
48
73
42
29
25
47
37
22
39
96
31
98
42
37
9
41
48
48
26
91
18
88
29
72
58
25
50
29
2
26
22
2
99
64
32
76
12
69
51
51
17
82
50
11
71
11
52
20
59
30
63
77
19
92
2
77
17
4
58
72
30
80
74
81
45
58
58
57
27
9
60
96
43
62
8
67
73
12
39
85
43
2
14
14
94
68
91
64
72
50
88
54
82
62
36
27
21
46
36
0
7
97
49
2
11
57
69
85
21
8
70
64
10
36
30
57
5
22
73
77
24
61
32
6
23
20
86
96
66
22
97
25
71
98
27
83
55
97
20
28
57
42
45
68
78
75
77
83
97
50
13
73
11
45
80
86
17
18
83
83
40
32
60
64
30
87
99
37
36
19
17
94
13
62
14
91
38
43
27
87
93
40
61
56
37
93
94
54
11
29
89
3
61
1
67
43
88
66
32
77
