347
37
7
44
5
46
52
90
71
38
4
71
11
20
72
65
34
46
89
90
71
98
37
34
88
30
67
1
91
73
14
45
11
73
90
68
19
42
59
42
80
15
65
92
88
89
57
22
35
99
12
6
97
1
40
37
83
59
38
74
84
4
20
95
77
62
16
48
4
27
42
36
42
7
28
82
96
38
57
83
37
21
89
86
23
81
24
6
92
14
33
77
19
5
24
96
67
40
45
23
67
87
59
62
47
88
44
95
78
1
79
15
23
20
1
98
54
77
4
46
92
89
23
11
94
48
59
13
88
4
36
8
44
96
70
43
36
14
38
66
68
17
81
91
38
34
89
44
64
45
90
8
87
66
19
81
14
30
47
54
87
35
62
31
31
84
74
19
99
64
85
67
82
18
10
72
5
51
16
69
48
58
77
35
24
48
69
90
78
16
45
17
51
59
48
35
44
74
6
95
91
92
14
25
62
24
97
67
27
65
88
75
75
17
11
0
65
80
90
96
48
87
13
99
99
14
34
43
40
41
90
31
85
4
56
99
80
5
19
59
22
7
34
98
25
97
98
42
29
40
90
77
28
56
77
27
22
63
22
62
56
64
46
41
20
2
93
52
60
12
11
82
19
97
32
96
95
82
91
24
23
33
2
3
89
31
82
63
94
4
26
51
20
24
44
40
78
37
92
38
49
55
73
21
52
57
69
99
40
12
76
15
46
30
18
87
61
0
51
7
56
29
58
76
53
55
68
83
92
12
22
94
67
47
67
71
4
88
23
96
53
99
11
51
29
29
38
42
