836
74
69
2
7
19
83
24
47
89
60
99
24
14
1
37
39
8
9
1
58
93
61
50
15
41
1
77
30
93
14
32
68
83
34
27
3
70
3
2
59
63
1
35
30
54
72
69
62
33
22
21
79
36
23
94
77
24
23
7
17
89
91
37
25
78
65
80
48
20
82
59
84
83
95
66
37
67
35
0
53
10
73
32
46
96
78
75
20
54
82
89
43
74
27
68
52
44
48
52
64
30
11
0
65
6
66
3
26
54
55
79
64
80
63
62
28
41
37
0
95
71
89
91
97
68
59
1
12
60
53
29
42
65
29
60
23
48
63
1
2
70
80
18
2
43
32
30
37
69
30
32
40
19
23
38
40
35
39
52
47
45
81
41
62
63
1
85
63
16
39
65
86
19
35
88
15
67
70
52
88
0
36
80
72
12
70
12
99
62
16
46
7
50
87
69
13
41
6
76
57
45
93
44
17
80
84
32
99
7
36
87
59
24
19
31
36
90
95
35
52
12
33
59
14
73
80
27
14
86
55
71
84
0
67
1
80
4
85
31
63
73
70
22
97
89
54
86
79
1
73
83
65
59
94
79
84
74
58
98
13
65
21
49
65
41
2
97
97
39
28
60
12
98
82
61
40
88
99
71
42
25
55
59
84
1
39
68
76
49
18
41
15
39
90
32
32
92
82
81
31
62
41
95
13
76
8
53
16
8
24
58
33
31
18
69
33
9
37
61
58
55
2
25
46
44
10
31
88
44
12
71
6
54
18
19
82
26
24
98
86
1
57
71
32
27
40
17
36
77
78
46
84
32
24
83
28
86
14
16
30
26
87
36
80
5
8
14
84
32
13
70
33
22
42
18
49
82
87
37
12
66
35
48
50
59
31
79
45
45
95
27
72
35
64
4
92
24
19
76
56
84
47
42
6
41
12
7
75
99
44
87
17
79
88
68
91
19
99
88
17
46
16
41
81
32
97
74
56
16
50
12
52
49
6
58
90
18
65
66
70
61
5
87
93
93
7
84
65
6
24
82
53
40
75
34
72
72
60
80
41
11
45
93
60
51
52
51
22
69
69
92
31
74
79
24
68
39
60
33
45
36
67
98
77
42
85
1
14
45
82
55
56
27
49
69
30
53
72
52
74
41
96
5
15
28
81
83
67
93
68
12
30
35
63
59
77
48
12
44
93
46
51
2
25
0
23
56
5
95
60
80
88
57
37
3
37
71
39
4
64
59
68
46
95
31
5
24
79
70
68
25
16
20
27
42
72
2
98
30
97
10
62
37
67
99
40
56
70
31
60
87
91
81
33
38
12
91
62
44
61
83
69
77
55
48
19
79
50
69
61
99
80
23
36
99
75
28
56
97
12
68
84
55
49
70
93
14
61
7
58
22
42
79
51
97
27
23
29
29
44
90
80
24
66
16
76
41
96
84
38
60
4
75
15
54
45
8
68
6
16
78
80
10
57
83
8
84
6
89
65
51
31
45
27
97
13
55
90
9
39
29
70
44
56
85
50
1
46
18
7
14
48
39
24
5
22
84
41
81
73
6
32
57
51
11
6
64
67
97
25
6
78
95
2
34
33
52
35
31
22
94
45
70
85
21
75
7
6
16
88
31
74
72
40
25
84
47
41
51
44
67
9
22
14
12
8
47
64
95
30
87
89
75
9
74
49
85
33
55
53
74
38
28
98
79
5
82
26
47
85
22
14
47
96
28
11
4
28
75
99
58
14
40
86
24
66
35
61
99
42
14
25
32
94
24
11
0
58
89
47
96
11
13
95
7
41
6
63
69
81
14
80
48
54
66
24
72
53
85
24
47
99
49
79
46
25
43
46
84
32
45
32
96
58
27
55
99
33
19
21
66
33
53
66
40
71
90
12
24
75
36
23
27
38
2
73
