341
92
47
14
8
43
59
83
80
31
16
53
90
68
92
27
5
1
17
34
19
67
35
82
30
12
24
27
28
68
40
15
12
40
82
20
83
41
55
16
72
24
69
62
92
61
90
98
62
59
84
34
26
20
16
9
32
92
88
61
60
81
76
72
21
58
44
56
51
0
72
23
24
41
38
68
55
28
18
69
39
3
3
18
23
72
79
55
64
67
68
77
48
97
49
21
7
46
78
59
46
50
34
22
92
72
90
99
0
61
68
92
64
72
10
39
96
89
94
12
8
15
89
57
12
91
30
19
37
8
30
35
59
65
57
3
37
99
54
90
60
22
82
76
46
44
15
42
33
62
55
93
77
44
50
89
87
33
60
24
41
91
11
52
8
20
7
45
20
61
35
32
84
69
61
30
13
76
73
98
38
80
92
67
24
94
8
12
27
69
88
21
12
0
73
72
72
81
17
92
42
5
77
26
26
38
9
92
66
34
90
57
14
34
24
90
81
33
54
8
54
43
29
18
95
55
90
67
36
59
12
30
64
41
9
91
31
18
83
97
52
25
54
66
12
31
8
93
64
63
1
70
6
83
88
53
90
78
72
26
37
84
56
54
77
65
97
8
35
32
6
87
57
12
5
69
43
14
62
59
77
16
29
35
51
17
40
41
95
12
19
85
49
27
39
26
45
36
35
80
68
41
20
77
5
77
99
49
91
13
8
20
81
38
7
84
55
99
77
3
12
96
40
13
76
31
39
21
19
26
53
39
19
73
16
25
51
67
74
94
81
34
