785
88
41
40
9
16
38
31
27
32
72
91
96
93
13
20
60
63
6
34
29
98
21
35
93
73
22
62
97
24
45
60
65
86
52
26
54
91
57
82
75
82
73
72
27
38
44
88
2
50
22
83
49
43
18
42
16
92
56
66
69
1
26
34
39
78
60
94
21
69
28
97
51
53
21
79
92
17
19
46
67
41
29
16
37
99
11
53
91
19
19
60
73
97
46
12
28
6
58
49
28
86
98
31
40
71
10
84
88
81
30
56
23
11
24
12
10
87
17
53
59
37
66
32
86
12
44
14
71
55
16
99
41
66
30
33
38
93
17
78
74
99
86
49
10
11
61
20
50
79
26
9
68
92
41
54
4
38
21
75
93
89
26
86
55
57
20
45
50
89
76
76
89
62
26
99
73
87
72
76
66
98
37
34
90
79
41
46
69
14
74
62
3
0
0
10
9
72
8
11
62
84
88
3
46
14
54
72
53
26
0
20
76
37
6
18
68
99
65
37
13
91
51
68
91
52
79
1
76
39
12
38
75
52
93
21
66
48
45
72
26
45
92
3
35
50
21
3
50
38
41
15
29
44
84
73
96
15
26
73
54
38
63
29
43
9
2
61
57
0
33
35
97
77
38
32
28
12
36
30
50
29
45
32
73
81
5
22
96
31
47
2
21
62
83
64
71
86
78
28
38
11
64
35
89
54
20
69
66
56
51
69
37
96
53
10
78
58
84
26
41
31
29
62
94
12
79
17
50
57
46
88
68
62
76
9
68
96
30
87
4
81
8
93
30
61
3
8
19
40
86
12
71
15
74
17
28
5
35
30
62
33
71
83
47
47
44
15
95
75
54
51
56
62
44
38
23
99
98
94
39
85
6
63
0
33
32
80
38
19
11
53
52
82
88
51
81
32
19
28
59
73
79
68
36
23
6
59
22
5
6
62
90
12
77
42
97
9
23
36
29
86
41
33
20
29
85
1
13
4
29
25
29
60
93
65
83
51
77
5
8
35
19
98
47
48
93
97
58
16
33
39
54
26
72
74
7
9
27
72
65
8
97
95
68
42
12
51
46
89
8
54
24
80
5
24
28
98
21
38
66
6
77
20
84
50
46
91
11
25
15
77
33
13
24
1
7
36
4
53
78
64
8
54
44
13
30
25
63
3
63
29
61
93
1
45
95
47
88
6
72
4
35
57
69
59
10
76
48
14
30
26
78
90
80
75
3
63
52
66
66
67
47
28
60
48
25
7
47
14
14
71
70
1
28
39
61
90
15
9
4
97
87
34
87
19
61
42
82
65
60
49
33
7
29
45
7
54
5
54
20
19
77
90
72
57
29
33
47
97
94
3
46
81
38
34
53
51
28
35
17
89
36
2
48
65
99
56
72
4
62
92
75
40
35
48
49
16
33
97
13
80
0
60
13
90
46
66
94
26
2
11
67
90
65
16
8
64
24
80
21
86
24
96
78
11
44
28
28
30
77
41
10
29
53
23
72
51
90
66
78
44
29
97
34
94
13
42
10
37
74
31
76
51
28
54
62
24
34
90
6
63
84
16
93
89
92
65
41
82
31
71
78
60
68
64
6
34
59
68
71
85
0
99
36
80
6
51
56
40
93
63
4
77
31
49
67
23
14
60
57
97
83
35
9
51
52
67
85
11
35
9
96
87
60
85
67
66
36
76
59
81
39
15
59
70
64
78
46
30
90
3
27
73
91
88
24
43
55
62
6
90
23
2
78
83
39
97
2
75
73
61
57
64
76
68
35
40
98
33
22
88
36
1
61
27
