558
67
3
69
76
46
32
8
54
86
17
49
10
45
31
16
6
83
10
73
30
51
91
8
24
69
0
14
64
74
13
19
93
68
40
69
15
72
29
69
10
46
70
20
92
54
88
50
37
99
23
68
50
14
28
74
36
80
40
0
55
5
19
48
73
59
70
40
83
99
62
93
98
32
65
42
38
6
92
76
5
15
96
7
82
76
33
18
56
73
18
63
30
90
12
3
1
34
96
85
85
58
30
83
42
96
25
81
2
17
9
59
85
57
66
67
33
51
85
41
76
55
5
6
45
69
61
99
55
57
84
40
67
14
24
10
62
1
43
16
71
4
75
56
13
93
75
98
44
12
39
20
67
96
78
65
65
40
64
20
97
0
13
17
14
37
27
29
90
22
45
61
78
73
69
91
66
44
89
63
56
80
83
76
77
62
93
94
54
9
67
3
9
80
20
75
17
99
4
59
21
2
21
51
75
42
94
93
87
35
56
95
16
92
23
45
54
16
39
60
25
6
63
86
86
84
14
55
83
18
67
57
20
40
8
47
82
3
41
21
38
97
69
6
89
92
51
95
61
43
55
38
1
19
25
40
3
39
47
38
9
14
95
82
54
4
29
89
59
70
10
49
20
79
8
9
24
11
57
85
54
12
23
8
83
48
48
38
39
47
77
49
62
24
31
68
80
12
57
39
83
20
41
55
51
49
64
75
60
73
60
67
86
84
75
21
32
75
60
24
22
89
73
36
13
56
57
94
68
66
85
3
86
26
58
38
27
75
13
40
48
26
7
86
10
34
8
94
61
20
18
83
9
91
72
74
99
29
20
68
95
6
71
34
84
82
24
64
57
89
4
5
15
11
92
25
97
52
72
58
72
90
93
81
34
17
7
33
46
28
53
94
86
77
80
22
59
4
86
68
93
90
73
61
53
17
86
50
69
10
60
41
1
6
74
87
23
34
20
22
62
26
68
48
3
48
70
14
52
9
82
97
99
55
58
5
25
97
7
94
7
68
88
60
74
62
47
49
48
20
71
10
46
39
10
49
87
33
63
91
42
45
41
93
52
99
98
77
48
6
24
8
26
12
68
52
26
16
1
75
36
73
37
82
64
48
83
52
33
98
95
27
95
36
20
99
88
71
29
36
77
53
44
55
17
65
59
95
81
60
22
69
85
60
3
2
60
38
6
45
36
1
72
83
90
92
82
78
63
11
66
92
16
63
47
85
28
6
81
61
19
3
30
56
15
85
58
75
23
64
20
59
66
44
94
8
37
76
38
