292
59
90
72
47
64
89
77
8
52
92
14
64
47
76
1
49
98
93
78
28
78
85
13
62
33
83
63
3
65
70
59
24
61
31
72
77
72
1
37
24
94
4
40
41
32
41
43
30
86
21
10
16
59
23
79
92
59
94
47
76
65
6
53
78
89
77
7
62
78
44
86
24
48
79
18
32
20
61
63
59
34
73
75
45
49
6
38
60
1
85
36
18
92
41
96
81
18
3
95
49
99
82
73
0
13
91
32
33
4
95
44
91
21
20
88
70
78
26
30
31
64
66
49
8
60
97
41
78
52
37
27
52
71
53
4
84
96
88
69
53
84
14
96
5
86
84
27
64
63
57
96
27
75
97
35
35
95
76
66
47
13
93
51
36
98
55
20
95
44
90
0
80
4
96
37
42
80
64
6
43
73
54
22
48
52
57
84
99
86
50
46
51
95
98
88
46
53
60
41
49
50
41
29
6
89
18
48
69
82
7
65
55
61
87
56
65
45
92
64
83
42
63
34
89
61
74
35
66
35
28
68
85
21
49
44
10
68
92
80
2
99
45
10
61
84
66
78
29
58
95
64
52
58
99
93
71
73
29
37
60
9
57
98
31
7
42
41
75
34
73
77
34
70
87
47
55
5
77
36
63
72
1
67
30
52
61
1
77
42
91
38
51
