453
69
17
15
13
87
24
99
70
12
70
96
93
21
36
49
48
31
63
65
59
34
0
21
7
31
13
15
28
18
23
41
39
41
8
52
28
84
3
51
96
26
99
89
47
35
91
47
66
6
65
25
40
17
46
0
0
59
15
28
29
39
69
68
32
29
72
60
14
76
63
62
54
62
4
53
98
95
1
16
1
18
42
93
35
40
45
36
52
61
64
81
0
86
50
32
15
22
44
81
50
8
44
4
22
0
58
72
95
11
89
48
29
83
93
64
75
39
52
27
52
17
9
4
55
11
88
22
33
32
4
36
92
0
40
67
0
50
39
47
61
80
47
42
15
92
59
91
83
11
70
35
80
31
39
35
42
27
58
76
12
62
12
56
14
4
23
66
55
15
13
68
47
12
11
63
4
22
6
88
33
28
75
14
60
15
1
2
94
59
78
58
73
42
15
87
47
90
53
54
57
18
22
5
30
85
20
87
7
26
75
93
6
2
59
66
17
60
69
64
20
99
74
45
94
41
33
41
32
38
47
89
9
69
46
39
7
66
26
14
44
53
59
51
56
18
17
25
79
38
41
51
90
16
96
84
57
81
77
41
72
24
83
81
45
29
72
52
96
51
19
92
56
78
43
12
49
13
90
28
3
31
31
93
99
79
77
57
61
54
50
85
30
33
18
76
15
90
80
63
93
51
55
50
82
51
62
31
64
4
11
67
36
94
13
87
73
90
44
86
97
47
71
79
80
89
7
95
32
88
58
25
91
66
27
73
17
42
56
81
46
19
0
34
13
13
22
87
56
18
73
5
65
45
84
46
86
92
93
70
32
4
96
23
22
75
49
39
17
57
72
64
77
24
98
90
90
20
77
46
39
3
3
4
0
87
2
86
31
48
57
63
4
5
39
26
80
88
17
98
97
89
14
74
13
12
65
55
85
94
53
76
97
56
32
97
96
35
36
27
35
45
43
91
2
34
17
34
74
86
84
71
75
98
46
40
63
63
96
0
57
49
76
7
58
8
56
54
95
44
33
30
89
28
