887
65
15
48
69
30
37
75
72
38
3
65
92
12
50
0
65
50
33
70
76
46
36
67
67
91
68
97
67
55
93
56
72
8
56
41
38
93
68
62
83
71
79
75
84
81
28
1
32
61
71
8
7
59
28
26
51
48
76
70
3
21
78
75
29
34
69
19
80
89
33
63
61
12
91
97
94
19
98
78
32
21
38
91
80
66
70
83
14
46
6
69
67
84
97
48
71
18
67
51
7
0
66
68
64
9
17
10
28
67
88
12
88
27
4
21
45
74
56
12
72
62
33
91
99
82
91
70
0
58
73
8
10
91
28
26
1
46
37
29
65
77
94
6
56
50
27
2
76
35
66
48
98
99
91
97
82
82
19
82
92
92
42
54
83
71
80
36
69
69
18
86
47
12
92
3
62
71
57
38
7
23
38
57
23
29
6
57
63
25
91
7
69
34
61
52
57
93
41
26
63
59
64
10
71
57
65
33
80
23
23
87
46
61
96
21
42
2
78
5
27
70
12
96
56
25
1
13
18
42
91
81
1
55
43
24
64
9
57
45
32
80
84
30
93
81
52
35
83
82
40
63
4
4
11
60
29
12
25
99
6
16
33
59
72
76
83
36
37
92
33
21
24
18
52
17
99
56
4
34
90
96
49
95
0
61
7
81
25
33
81
84
1
66
43
25
42
79
14
80
23
47
1
48
65
5
17
16
13
22
3
4
70
52
51
71
13
10
4
91
43
37
75
97
3
70
74
98
49
88
78
25
88
31
73
5
37
42
22
2
16
77
6
87
29
57
10
95
68
14
38
63
4
13
12
7
35
87
5
37
27
35
62
15
19
87
21
56
29
95
10
98
24
17
85
53
26
47
0
46
13
38
62
17
3
74
77
39
13
34
76
41
70
90
8
89
77
81
97
6
76
7
56
0
76
93
6
55
40
6
1
54
97
15
23
52
42
52
91
55
87
19
48
9
9
57
50
38
38
99
45
67
58
53
19
35
47
25
90
87
84
43
93
33
59
69
85
1
21
29
8
8
0
57
69
62
14
19
0
4
18
97
71
77
51
91
64
98
68
6
37
52
49
83
37
60
52
23
61
25
52
70
34
4
79
55
66
45
75
67
49
45
64
73
22
67
16
86
17
84
92
55
89
94
90
26
54
94
1
68
19
5
90
5
10
69
61
76
14
36
43
15
81
60
40
56
79
8
94
97
45
87
4
34
33
94
12
87
88
14
55
7
19
45
13
81
66
74
58
80
62
53
48
95
13
40
51
93
49
46
42
94
85
46
80
18
40
44
5
28
10
13
87
82
58
0
63
25
26
21
57
88
75
57
84
40
50
87
85
99
33
27
45
18
73
77
88
13
21
94
93
32
7
81
66
17
33
29
94
12
51
52
52
78
61
88
18
11
76
56
62
61
83
7
32
9
36
20
22
58
66
68
42
25
1
8
43
86
89
37
98
40
41
51
70
55
39
41
66
67
97
81
29
80
40
61
41
77
33
64
87
0
84
81
25
37
41
20
23
30
10
74
23
51
25
93
58
16
34
77
84
83
58
13
16
98
26
57
75
59
73
14
59
57
95
37
46
36
57
70
19
67
44
42
71
21
87
29
37
74
6
73
57
16
38
73
15
16
83
42
76
56
57
87
66
52
24
12
41
34
34
60
1
30
54
24
51
41
6
41
15
64
66
25
81
5
98
96
21
33
38
49
90
47
37
8
52
13
20
93
99
7
5
53
37
59
77
41
52
83
34
68
0
0
93
81
57
43
77
31
77
67
80
19
15
69
27
67
35
99
12
34
6
17
87
96
28
17
89
80
52
23
0
52
75
45
33
33
41
62
16
70
30
96
89
97
18
68
64
5
19
76
39
26
45
79
74
25
48
63
57
0
38
10
5
13
55
90
98
48
53
14
18
35
63
59
32
33
79
48
38
99
76
29
77
21
60
51
98
8
66
7
61
4
17
18
69
25
8
68
73
13
34
44
48
49
55
80
82
35
28
20
86
4
2
63
77
62
