423
47
94
0
50
72
44
63
19
39
14
55
50
98
23
54
91
80
3
79
70
72
63
42
38
14
77
94
8
58
27
56
57
21
8
59
94
53
23
65
92
89
72
95
87
47
49
30
28
5
9
98
77
73
92
68
87
21
14
47
80
41
3
89
62
63
49
8
68
24
25
13
13
98
8
52
45
9
34
73
14
43
23
44
68
16
64
55
37
78
54
69
19
9
59
33
73
8
42
41
32
67
54
97
17
14
1
63
24
35
88
38
78
12
82
47
28
46
54
17
76
61
87
95
70
98
29
43
6
23
85
90
42
91
87
12
6
40
75
30
75
15
20
5
27
55
4
7
53
11
25
30
72
64
25
42
62
6
86
20
81
23
10
76
14
49
88
72
89
15
54
16
30
75
21
58
30
26
17
35
37
94
65
61
58
43
3
72
1
89
92
35
64
54
11
31
55
99
3
44
14
58
12
44
85
34
54
67
12
72
2
1
18
20
62
29
15
17
1
16
59
46
51
23
0
62
54
8
13
10
52
27
20
17
24
5
3
78
24
67
2
78
68
73
98
82
2
13
51
55
82
10
1
33
34
54
48
40
62
61
50
66
41
22
83
65
27
38
95
3
5
50
82
25
23
32
59
25
46
11
80
28
21
34
13
55
88
61
48
2
23
98
20
16
73
4
81
0
94
76
56
0
78
38
25
1
70
85
78
68
96
59
96
69
45
10
77
85
23
25
87
98
75
7
14
48
63
95
1
58
24
57
10
54
47
35
56
69
72
34
38
20
45
86
90
90
48
67
27
72
92
14
70
19
74
37
68
37
84
69
47
8
78
57
63
25
45
71
94
69
57
32
90
55
71
32
97
19
99
25
43
43
39
66
62
65
3
82
3
87
3
2
48
81
12
63
6
9
34
53
78
43
37
20
98
8
4
96
80
3
21
23
98
12
89
13
78
44
47
33
32
51
87
80
