584
70
95
1
56
15
16
34
89
29
70
84
86
85
62
28
47
51
79
85
21
80
71
75
21
90
10
55
57
50
90
23
72
85
24
80
53
92
14
42
21
85
79
7
22
41
88
21
92
19
6
13
0
29
40
73
72
2
28
29
52
18
53
76
55
29
57
8
22
23
51
95
8
30
55
82
71
43
55
15
14
14
80
66
43
21
39
15
23
19
45
28
37
50
56
45
31
13
53
5
37
4
1
97
86
56
32
57
99
87
24
65
1
5
32
97
26
23
12
1
43
9
81
32
11
38
77
43
51
31
48
40
87
1
90
74
57
22
83
8
61
8
74
63
13
58
12
91
81
76
44
76
86
26
9
49
64
86
44
67
69
45
60
57
46
50
83
56
24
18
64
85
26
90
0
91
48
12
82
82
89
79
58
27
5
19
76
69
6
73
88
27
18
48
36
16
98
19
72
22
38
37
60
16
79
60
60
80
25
94
62
14
73
72
93
78
92
21
99
50
94
88
77
64
36
66
81
87
85
53
61
75
42
21
44
22
34
4
2
59
98
16
73
72
40
66
2
32
39
2
34
34
90
64
98
78
30
79
17
67
85
79
95
27
52
39
49
86
95
3
45
93
71
70
17
64
88
20
96
28
74
83
14
16
47
12
94
77
44
64
96
29
43
91
56
95
82
58
34
77
13
79
23
37
2
40
1
42
12
49
70
86
32
84
2
31
49
49
60
45
13
57
74
8
0
82
55
83
92
89
60
6
21
83
95
75
76
96
17
40
45
40
79
30
76
33
61
25
82
22
70
47
31
96
7
31
79
63
14
71
52
27
29
25
10
24
0
38
72
18
79
70
58
58
52
34
91
13
12
26
87
34
25
70
31
33
2
62
96
68
85
0
95
67
26
58
43
78
48
16
48
27
38
6
37
90
93
81
55
57
59
43
91
84
65
74
69
19
88
65
88
74
18
35
41
96
45
84
74
94
52
23
73
90
81
11
80
26
44
88
83
3
83
27
39
48
53
9
68
42
26
8
68
44
43
61
92
89
45
67
83
50
42
56
92
75
19
25
2
15
13
37
18
96
16
10
44
22
71
64
64
97
72
32
94
16
93
86
57
90
5
92
92
47
48
85
23
20
62
77
35
75
66
6
71
35
68
67
57
39
84
73
36
56
57
82
24
2
69
33
44
74
25
37
74
26
74
49
46
36
78
33
63
44
91
34
31
59
53
40
98
37
13
87
46
22
69
22
24
90
56
69
65
81
58
39
7
32
40
5
20
18
91
83
14
82
69
46
42
22
38
92
12
52
79
10
26
1
32
51
91
40
72
8
22
