557
38
59
1
65
51
46
50
56
43
50
73
23
86
30
22
63
14
87
48
70
94
66
29
4
46
31
60
33
8
17
13
47
76
67
64
27
13
14
35
8
16
60
83
3
43
5
66
9
93
66
79
39
32
61
95
78
92
55
12
0
72
77
99
0
44
63
80
9
77
67
17
94
28
52
49
23
10
67
32
3
33
64
94
17
77
89
47
21
45
59
21
69
89
73
70
85
36
2
95
66
69
64
12
49
17
13
24
27
80
9
82
65
73
76
82
2
17
29
23
14
41
96
84
82
69
6
67
58
8
62
76
29
27
88
79
96
1
3
23
33
12
5
50
37
33
84
91
50
65
14
17
58
63
53
40
84
59
8
94
19
22
70
48
1
10
79
97
63
83
20
96
47
77
98
37
62
82
28
65
48
95
82
58
58
35
99
94
46
7
41
17
81
11
65
83
22
97
80
85
32
53
34
79
82
84
16
45
67
97
10
67
92
44
25
2
79
76
48
77
83
89
94
65
1
11
0
75
8
80
12
40
33
98
72
16
83
40
13
2
37
23
21
29
19
98
83
50
75
32
27
10
21
73
27
74
84
27
49
45
8
14
37
93
12
9
61
47
50
74
49
39
49
22
21
68
21
4
70
96
36
97
58
10
70
86
84
7
13
86
4
73
0
41
19
64
3
80
12
53
7
13
44
8
36
65
29
9
70
99
57
58
97
15
68
19
53
5
78
67
91
82
92
91
76
11
55
79
44
19
32
3
33
28
11
21
94
40
30
16
40
39
74
89
54
95
60
8
0
39
27
91
73
71
34
49
83
89
28
79
61
12
82
46
41
93
67
87
86
49
3
26
88
77
67
94
24
27
2
24
18
81
15
92
53
49
93
88
91
74
67
52
38
1
98
79
46
17
18
32
66
21
10
6
51
77
0
75
57
3
0
75
36
67
19
89
69
65
29
60
39
48
64
77
49
62
9
96
31
27
80
97
1
91
3
4
20
3
31
77
58
83
5
95
51
76
36
20
41
66
32
32
14
96
10
16
10
71
64
41
50
44
90
3
87
93
7
60
48
39
89
59
22
46
54
25
23
42
97
16
8
29
49
75
25
11
43
87
34
59
28
84
55
18
88
43
63
47
55
12
86
44
71
61
43
77
38
66
19
36
34
80
17
83
7
95
46
50
82
80
9
11
17
64
81
57
59
45
4
14
57
43
11
80
56
54
57
94
72
28
82
6
8
0
42
15
95
40
17
77
73
78
40
90
43
22
47
54
