710
36
14
34
23
85
96
60
46
72
91
69
84
1
22
19
3
48
44
63
4
88
78
33
57
55
15
17
34
67
64
56
55
78
91
79
63
39
91
10
63
35
31
99
88
53
18
92
53
15
55
57
55
33
42
64
40
58
34
26
25
98
35
81
76
78
12
91
69
55
53
32
90
84
84
79
89
2
71
42
69
26
51
25
11
94
89
52
52
23
30
29
21
65
62
49
43
74
41
64
30
46
97
20
31
33
51
20
87
22
15
57
0
66
82
12
60
71
16
64
47
46
46
68
64
8
70
59
83
63
24
65
9
73
37
40
6
89
13
93
11
28
50
64
46
32
76
59
56
44
23
3
42
21
23
6
30
93
18
65
56
42
30
66
15
19
58
73
8
71
66
72
51
69
36
98
53
64
57
9
8
32
64
50
54
88
9
84
33
27
49
90
69
31
56
36
50
14
61
11
38
27
83
89
48
19
87
2
83
96
63
43
29
28
93
83
68
2
19
1
29
20
43
50
51
99
38
53
66
99
16
56
79
99
97
27
70
85
81
5
33
45
48
62
25
94
45
45
96
16
46
78
36
90
80
39
41
19
93
59
70
9
15
49
61
13
29
31
50
10
89
35
7
37
98
32
31
95
29
80
12
76
10
48
18
90
88
59
61
33
71
84
94
38
33
7
3
14
91
5
25
80
41
84
69
39
69
1
86
98
33
98
26
43
99
44
85
39
56
99
24
27
83
18
65
68
78
21
83
69
26
60
49
67
44
18
58
13
71
45
64
56
95
90
51
94
35
37
33
91
88
57
70
71
28
87
39
6
8
22
75
35
34
76
54
79
46
13
44
70
10
8
26
5
99
78
52
86
67
37
77
55
95
99
26
75
86
17
33
95
92
60
82
26
36
36
57
34
1
2
4
63
62
31
69
13
61
73
99
28
10
28
83
5
27
61
32
14
78
65
9
70
25
43
97
13
79
54
48
33
8
4
96
71
35
17
84
96
90
36
76
1
64
59
58
92
72
43
6
51
60
67
73
38
10
22
51
41
77
51
26
37
56
75
60
43
92
97
92
35
33
68
88
97
80
98
41
52
93
99
55
54
66
29
92
28
51
95
22
80
47
48
18
55
23
30
98
68
27
42
55
60
11
95
10
43
93
51
47
87
51
3
93
69
84
85
98
35
32
72
16
31
72
86
86
96
68
37
16
96
79
71
56
42
66
18
85
11
70
33
50
21
88
43
90
72
80
40
7
13
64
75
44
37
13
83
85
82
20
1
78
99
24
86
42
42
5
79
53
27
12
56
48
52
99
90
24
32
83
84
97
47
59
93
84
25
76
69
7
48
22
37
48
46
75
42
88
32
21
94
59
86
50
59
38
1
50
63
85
85
99
82
32
58
76
69
35
4
90
94
53
13
31
53
11
59
95
52
91
16
46
51
54
48
62
93
49
12
8
87
97
7
69
82
17
97
51
53
54
93
47
7
6
31
60
18
90
7
70
81
75
68
84
30
16
47
75
17
11
83
4
61
42
26
43
59
23
46
64
29
39
12
36
98
43
48
68
85
7
90
18
83
58
3
65
26
2
40
95
13
75
0
26
17
78
69
28
53
67
93
83
