301
52
22
39
90
50
27
95
47
93
62
84
16
55
2
93
12
16
22
28
70
25
27
91
79
55
15
11
24
63
59
49
15
33
40
57
83
68
53
82
61
67
19
29
74
73
22
86
41
44
67
12
70
94
3
1
2
18
65
26
33
24
27
48
10
68
57
45
36
62
80
49
29
99
79
3
24
53
42
65
50
9
77
72
55
32
25
57
50
90
35
83
67
63
83
77
83
93
22
71
55
2
72
37
53
3
40
77
57
82
95
7
43
24
79
99
57
4
56
59
47
92
95
14
7
78
91
42
23
65
13
79
20
85
68
25
89
8
55
98
43
50
5
38
74
36
37
31
92
46
43
39
90
38
5
49
68
96
91
92
14
4
23
34
89
91
59
30
51
14
28
46
16
85
85
91
73
74
74
66
20
69
57
62
7
63
11
76
11
2
20
25
6
43
11
48
86
71
30
37
37
59
84
54
44
21
97
18
95
23
36
68
93
45
30
0
60
42
28
24
44
48
49
3
91
61
51
29
84
81
67
21
92
3
27
89
24
24
59
71
48
47
39
41
92
70
93
5
64
22
29
8
70
78
63
14
91
66
43
75
0
62
49
92
17
76
81
93
1
92
65
1
39
56
94
84
26
87
89
90
61
18
51
84
48
14
50
40
81
93
67
81
8
68
25
25
45
59
19
98
51
36
