256
33
78
65
88
32
93
85
73
5
64
97
90
68
4
7
24
4
39
51
26
86
77
92
13
67
90
30
20
97
43
13
30
74
78
71
58
71
8
31
77
24
81
19
93
37
78
69
42
69
21
20
55
50
13
68
18
3
50
90
0
94
3
83
20
34
6
78
57
14
9
34
39
90
5
84
80
83
5
22
52
26
94
60
29
59
80
99
62
31
89
15
77
45
50
97
31
56
27
88
70
36
75
61
79
80
45
59
16
51
33
68
29
79
80
10
39
61
9
1
92
51
68
69
48
18
18
79
74
45
67
97
33
94
58
64
75
56
75
91
59
60
11
88
40
92
99
31
53
60
32
97
11
53
18
59
71
36
90
98
33
58
95
18
4
53
35
79
61
10
22
20
23
34
9
63
78
60
94
83
20
78
80
84
83
98
43
55
86
34
5
71
44
0
89
48
5
24
80
67
87
2
87
10
88
48
25
66
60
71
1
33
49
81
17
85
79
12
92
17
46
97
88
42
49
30
43
54
54
75
73
93
77
13
3
18
13
28
36
74
99
38
59
1
19
76
86
51
88
78
20
87
27
9
29
76
39
