571
36
35
10
11
80
8
85
62
47
14
68
47
63
44
7
56
10
9
41
70
77
12
27
67
43
17
81
95
64
37
90
52
24
0
16
4
8
1
18
8
67
39
7
30
83
15
86
46
76
27
68
5
40
95
72
35
12
6
82
29
43
72
81
67
73
97
23
33
50
42
41
17
81
1
47
16
16
86
62
44
65
82
49
57
78
21
45
42
79
27
71
74
0
5
93
25
2
17
58
53
11
52
22
92
53
70
60
21
8
75
17
25
57
66
83
35
39
28
30
19
55
53
93
7
58
87
32
13
56
43
18
67
47
40
11
0
62
71
73
70
46
90
48
56
8
31
91
47
11
73
18
66
27
12
26
85
51
58
50
59
1
68
26
48
9
89
0
23
60
25
46
59
15
94
15
23
25
58
23
88
84
41
6
11
5
32
48
8
91
99
67
44
19
45
93
80
34
45
4
47
71
50
58
38
44
73
14
21
83
37
9
67
78
15
30
84
48
31
92
91
82
12
35
1
57
28
82
92
26
38
91
97
88
49
35
84
74
49
5
57
38
66
77
17
33
59
53
33
90
45
24
24
9
60
26
67
40
60
11
66
98
2
15
38
51
3
22
25
4
79
34
43
97
63
60
30
23
65
64
65
10
88
90
20
0
68
39
41
28
50
7
78
52
75
16
55
78
38
80
82
69
66
25
66
30
37
48
5
2
12
22
65
53
12
37
53
80
76
46
60
78
6
38
30
81
54
85
59
44
17
41
65
35
19
83
17
56
32
22
59
96
45
76
49
9
13
55
90
41
1
2
19
59
41
49
40
47
86
51
44
55
93
9
90
64
93
8
20
25
82
31
21
27
7
23
37
72
30
79
13
83
81
32
43
22
33
83
22
19
87
66
74
32
27
17
96
20
25
68
97
7
0
71
87
59
46
76
32
76
55
45
59
88
30
2
63
63
38
85
83
25
51
9
9
30
78
5
51
3
73
0
63
73
71
2
85
69
78
69
45
33
14
57
73
96
11
36
60
1
21
95
26
24
56
87
55
35
92
58
38
66
58
53
91
82
55
28
51
33
97
97
18
64
6
92
60
17
80
20
19
2
15
97
78
24
85
33
59
77
91
97
95
2
3
39
84
58
67
35
44
65
84
14
29
90
58
89
60
39
62
79
93
29
76
71
53
61
5
12
91
48
62
38
50
65
77
34
75
45
22
71
62
58
38
43
1
96
84
61
87
46
92
80
28
68
52
81
82
9
46
25
57
60
63
8
25
93
94
52
90
68
76
52
79
14
95
32
10
31
45
98
