890
54
14
32
41
38
18
94
9
9
95
68
75
43
75
2
44
92
86
90
56
66
18
87
48
40
4
19
78
23
28
72
77
94
5
70
33
23
64
94
84
11
62
12
6
38
14
51
82
0
93
38
18
12
77
66
4
33
38
82
56
18
7
33
13
12
3
98
87
19
44
72
31
6
84
89
96
50
40
78
50
34
68
68
98
97
87
2
30
77
36
86
95
43
71
8
55
26
6
43
46
50
15
29
9
51
18
57
1
11
88
3
97
8
71
95
6
10
97
36
87
33
75
83
77
46
43
84
25
50
27
23
52
94
52
13
97
22
23
98
85
63
1
82
71
25
77
77
87
74
66
75
60
93
58
89
39
53
73
16
55
1
39
60
47
43
73
45
66
48
95
51
11
49
34
83
74
63
12
61
90
30
88
50
23
98
39
15
52
12
31
7
65
71
67
65
14
93
10
32
41
5
36
5
54
22
40
80
85
52
94
75
35
34
77
58
33
16
73
85
81
57
44
98
28
12
63
94
57
25
79
50
31
67
55
37
89
95
70
26
0
16
54
35
50
31
45
83
0
19
20
33
76
65
31
56
29
47
2
86
72
81
36
3
48
44
93
89
39
15
68
91
31
22
26
33
5
72
17
57
43
89
90
71
54
74
79
35
21
33
73
93
67
62
49
67
6
94
57
97
9
77
41
92
99
67
25
56
91
94
66
86
84
8
9
90
82
40
26
55
74
51
1
41
13
50
8
71
96
17
69
57
94
10
49
45
29
26
2
73
21
20
11
57
28
21
47
63
13
25
18
87
77
19
28
42
21
89
14
17
6
35
74
53
97
75
98
26
2
52
51
75
72
15
32
1
36
79
64
1
57
82
89
86
54
69
28
75
58
94
93
17
29
19
70
26
95
68
5
49
21
8
24
45
23
56
46
11
87
62
13
44
45
2
82
51
23
63
26
34
57
71
51
87
43
21
65
38
41
70
87
14
31
11
60
54
19
58
66
6
21
79
3
66
33
85
69
8
48
95
42
58
19
93
45
62
66
62
52
60
85
91
74
16
54
86
70
73
45
88
31
66
19
34
84
4
72
53
13
72
0
55
30
71
49
27
33
67
90
37
27
75
80
54
91
34
40
13
7
85
2
39
51
73
25
87
78
97
40
91
70
93
46
0
64
47
28
50
67
70
87
94
45
68
48
88
54
41
1
62
26
55
53
30
81
78
69
59
28
10
2
98
55
0
50
19
48
30
69
15
0
9
61
45
29
62
85
83
3
39
97
81
46
50
63
27
81
33
38
9
95
40
59
50
41
61
69
41
92
39
8
44
0
69
42
29
83
27
12
86
18
10
68
65
12
83
92
93
16
31
54
11
23
65
61
64
27
83
5
71
74
65
67
74
35
9
3
70
89
15
57
7
77
77
72
90
60
17
35
77
0
90
40
23
7
54
40
86
37
97
9
11
63
77
85
50
86
40
20
27
7
29
35
85
6
59
27
19
76
62
48
76
52
88
52
12
94
92
98
31
41
8
94
4
85
31
6
23
71
27
51
31
56
38
16
15
97
43
34
74
57
82
2
10
22
6
74
17
50
72
48
92
32
95
48
69
26
55
93
98
82
96
29
90
34
97
5
31
92
39
57
49
73
12
11
96
18
85
13
69
10
13
13
42
8
61
12
35
16
57
85
98
53
66
41
39
15
46
22
7
38
32
8
11
44
72
59
14
57
72
83
19
38
48
62
46
10
26
33
26
83
70
77
88
36
18
79
3
16
1
62
54
33
71
18
29
95
77
44
4
2
79
24
40
28
38
38
38
64
24
16
47
94
93
87
83
63
66
86
80
19
49
34
53
72
4
34
67
82
78
71
84
10
47
24
38
85
14
28
49
38
44
48
33
90
87
68
53
53
54
33
73
55
20
78
79
24
12
98
58
43
22
42
53
69
18
43
55
33
71
56
23
67
57
8
57
44
76
11
50
31
96
75
38
68
53
18
45
17
16
3
60
38
46
13
60
16
8
67
1
79
