392
42
70
83
92
39
62
23
71
43
32
53
62
52
76
83
92
37
20
36
75
69
84
78
72
0
97
17
26
38
46
68
80
69
51
24
8
66
47
31
9
31
36
72
35
12
7
28
50
80
16
77
1
0
7
73
53
4
42
31
42
88
99
74
57
3
98
17
69
98
48
30
29
85
54
65
97
14
93
99
46
61
76
47
13
83
72
66
39
14
97
81
54
49
55
12
52
6
29
73
4
30
55
33
15
10
50
64
76
95
64
22
56
92
69
70
76
41
88
15
7
38
49
61
87
56
73
91
62
55
64
18
85
19
4
52
81
54
16
57
50
80
79
58
73
48
80
1
41
69
68
48
7
69
10
46
26
35
37
40
90
1
59
27
72
63
79
54
17
48
11
19
28
43
30
53
43
10
6
85
31
27
85
90
96
47
36
22
83
25
63
25
26
74
5
51
37
84
5
6
32
68
78
13
11
8
18
55
70
25
40
2
52
77
92
0
25
81
23
60
6
38
85
85
64
90
36
1
27
41
59
11
61
37
76
73
97
95
28
68
72
20
22
76
97
14
76
22
95
51
82
54
41
20
39
5
62
75
58
41
68
70
53
29
7
81
2
57
28
82
25
0
2
47
28
0
13
57
74
61
60
57
15
2
29
54
59
91
29
70
33
49
40
38
78
99
19
33
56
48
15
33
0
70
80
81
70
46
38
44
7
98
53
22
52
82
76
64
26
57
34
11
58
26
49
36
25
20
21
34
68
89
67
21
59
0
2
81
46
92
25
5
90
31
27
95
65
55
11
91
12
97
2
70
23
3
58
0
24
32
86
44
73
6
65
32
6
67
13
4
11
90
9
54
73
36
49
39
91
60
82
55
9
37
77
84
40
87
84
64
19
23
9
