190
87
60
51
47
62
63
81
99
6
69
14
18
37
27
8
27
62
9
94
43
69
62
64
19
31
84
46
84
52
96
88
91
56
91
38
18
7
71
70
13
40
84
84
78
64
92
57
78
1
51
21
23
65
85
42
96
70
40
80
22
36
20
66
45
12
4
63
71
76
85
84
68
70
68
98
86
12
55
64
14
58
86
89
24
71
83
20
93
24
53
68
12
25
34
57
89
38
73
60
66
58
97
35
80
65
33
66
78
41
83
44
51
69
33
27
40
68
48
86
92
53
54
57
78
88
66
20
78
91
80
45
2
77
32
34
95
17
53
25
10
36
21
62
5
6
89
97
74
89
83
19
94
37
76
25
77
94
45
56
86
25
53
88
55
37
22
50
6
27
75
17
63
96
31
68
54
72
66
28
14
1
47
8
91
23
33
68
18
78
76
