565
84
1
91
56
31
26
47
36
1
9
16
34
60
37
4
5
86
25
16
7
51
17
86
84
75
30
80
82
70
29
40
6
82
83
62
66
61
62
2
63
71
19
49
31
8
53
88
94
30
4
53
82
21
91
66
97
21
98
79
91
28
71
97
62
54
12
28
16
74
31
31
97
2
80
28
10
86
68
56
16
73
9
50
94
0
17
43
73
15
74
65
95
97
14
58
52
26
38
20
52
69
3
49
23
35
29
85
21
98
41
38
23
2
40
69
54
9
13
28
25
39
45
72
37
59
82
41
38
21
13
90
42
16
92
66
51
21
51
73
71
93
63
94
47
3
64
2
13
77
30
90
68
75
14
5
86
97
98
24
70
11
67
12
27
11
30
31
32
82
4
56
27
19
50
74
74
14
76
87
43
58
29
12
85
44
69
72
93
68
48
15
31
67
27
59
78
58
42
63
92
98
19
71
17
69
45
91
36
74
31
31
32
12
95
18
8
65
42
53
85
90
68
68
10
48
79
88
6
21
3
50
19
22
21
88
44
18
32
32
44
15
63
29
27
59
99
88
76
41
41
13
83
10
33
93
58
13
34
16
34
37
18
54
12
91
94
8
9
26
92
6
41
7
35
69
18
34
57
94
27
50
59
10
60
93
56
70
58
42
38
92
31
56
98
95
47
93
55
9
19
47
67
61
55
2
82
73
88
91
20
15
41
31
77
54
76
33
76
34
27
67
79
59
23
77
54
23
22
10
84
94
9
51
7
16
5
89
90
93
32
62
8
25
45
85
31
74
71
8
8
98
27
39
57
2
69
64
25
91
74
61
85
35
64
92
52
69
33
94
62
17
8
22
43
53
60
26
79
31
86
40
81
13
79
39
16
48
55
93
40
81
55
77
16
71
22
68
41
7
62
55
77
70
78
20
76
38
98
55
21
85
95
2
98
27
93
66
75
48
60
67
29
67
97
46
38
71
66
31
78
29
87
55
51
17
27
79
7
78
35
28
63
82
30
13
9
24
80
37
24
92
4
54
59
53
52
97
24
18
81
3
47
68
10
51
37
90
30
44
68
17
72
83
52
54
96
61
30
28
50
55
20
7
9
79
60
61
29
85
31
62
40
79
30
2
82
19
92
64
63
12
82
87
95
34
41
44
47
72
72
98
79
45
57
88
76
17
1
5
54
32
19
46
63
49
49
97
68
93
62
83
58
44
70
5
30
12
49
77
36
74
27
15
19
84
55
95
54
8
53
60
40
72
7
56
74
8
53
94
1
15
78
11
11
48
