917
94
33
3
30
81
34
75
28
90
20
40
31
98
90
42
82
70
92
62
89
88
33
39
59
84
56
1
61
29
88
69
75
21
72
6
55
6
81
35
48
1
27
80
52
17
22
34
87
67
49
77
7
82
16
66
67
24
67
80
6
7
49
81
81
21
87
36
80
21
23
80
74
50
60
26
67
35
61
54
2
62
83
9
44
52
75
63
76
94
96
82
1
97
16
34
71
3
70
3
24
45
83
99
95
96
77
62
31
90
69
33
52
4
42
49
56
69
64
85
15
60
19
16
58
35
3
29
39
73
84
15
71
67
66
66
63
44
81
94
34
50
79
39
54
21
88
63
42
4
48
57
65
67
26
75
3
29
56
94
54
40
61
25
59
28
92
23
24
73
69
10
75
49
1
81
22
41
44
17
46
92
74
11
60
0
38
15
81
94
9
36
86
70
61
45
50
5
20
26
30
42
37
57
91
38
39
65
32
83
82
78
28
9
89
40
9
79
55
43
73
16
79
11
86
92
8
89
50
29
15
80
71
4
90
14
95
29
79
27
64
14
5
44
23
46
84
84
77
39
27
2
55
58
13
94
51
21
35
53
2
2
33
73
59
75
39
6
4
71
85
21
85
90
65
60
88
2
44
65
41
24
67
49
82
32
95
85
53
82
38
56
84
24
81
95
99
73
1
56
44
86
29
81
28
94
41
68
48
37
33
90
13
52
91
48
36
38
33
90
20
24
98
56
0
31
52
99
4
53
7
48
92
36
81
20
83
22
89
31
12
74
73
25
79
16
73
15
6
59
57
26
35
7
35
35
39
39
86
95
44
94
96
36
82
77
9
65
52
98
49
64
24
22
41
3
91
67
71
97
78
28
76
13
36
11
48
27
2
34
22
46
80
18
83
63
48
92
80
0
42
81
16
66
56
57
22
47
24
93
44
54
73
72
67
61
83
15
40
37
2
15
84
34
33
19
97
33
11
30
33
5
11
49
23
67
59
45
66
35
90
11
90
16
35
57
77
71
25
18
8
79
33
92
13
18
11
63
4
74
93
37
79
56
39
3
24
98
0
90
33
43
53
23
59
89
33
36
12
58
6
20
37
91
13
2
62
76
65
66
51
58
3
82
15
94
37
91
92
38
33
78
81
39
53
40
80
86
28
92
96
87
12
85
78
77
88
40
6
53
6
57
64
62
91
31
8
29
74
53
19
7
31
52
98
36
44
78
75
72
22
71
11
35
9
90
64
49
82
70
54
41
79
18
55
71
1
63
52
75
16
71
35
99
23
33
88
19
12
63
43
34
86
55
21
95
45
38
44
79
8
99
20
40
69
27
11
71
91
15
98
59
86
33
11
61
67
99
80
31
62
23
17
48
78
91
96
75
29
92
7
89
43
27
29
65
7
92
88
98
7
86
9
45
20
20
6
39
71
38
70
33
62
87
34
92
30
82
20
59
26
27
49
70
6
30
87
13
23
75
63
82
61
25
28
81
97
34
20
69
73
42
2
87
82
88
31
12
70
3
24
97
82
25
19
89
55
6
54
30
81
70
13
94
95
41
76
92
27
48
13
52
43
16
39
25
56
23
89
79
26
13
28
9
38
99
50
94
5
56
76
38
26
89
84
73
30
60
18
58
61
31
10
4
99
2
81
56
77
70
87
55
84
15
16
74
14
66
20
71
75
97
61
1
86
45
27
69
58
45
79
19
28
41
75
28
43
8
36
72
78
23
28
14
38
44
89
4
63
61
75
38
58
88
91
97
33
18
66
91
15
45
62
44
38
89
72
82
97
60
6
28
83
34
42
73
79
83
77
94
45
4
32
55
92
75
52
25
46
18
69
61
15
31
57
54
73
81
88
70
41
94
50
24
81
45
97
12
80
74
6
25
78
90
33
22
65
85
48
11
56
17
25
23
0
82
29
73
64
69
96
5
64
98
82
97
43
79
9
24
6
67
1
36
57
34
59
74
72
59
38
28
28
63
3
28
45
33
54
61
2
2
67
18
0
1
67
96
80
76
20
38
43
73
75
52
60
86
27
32
45
65
12
25
80
15
5
77
0
59
39
3
13
58
73
66
59
41
