998
70
45
29
3
26
31
15
36
7
67
14
64
35
66
47
33
72
50
41
88
94
87
21
71
98
27
17
34
61
66
2
84
11
31
87
37
15
54
73
22
74
39
39
9
6
86
95
30
88
88
18
82
76
40
6
26
19
23
61
32
89
63
16
52
47
56
89
62
62
14
36
36
53
75
98
11
14
93
42
2
33
12
37
61
4
43
88
23
66
1
56
7
16
24
59
15
32
48
77
95
14
66
83
67
41
81
31
55
26
73
10
60
37
47
73
42
42
13
17
8
14
25
67
83
50
26
98
82
26
28
29
40
94
13
59
87
94
42
43
73
15
5
85
5
4
58
99
46
72
16
6
38
42
73
73
44
51
72
78
77
52
8
69
46
73
80
33
19
23
28
92
90
33
77
95
89
36
94
35
60
63
41
50
57
66
24
1
17
96
31
46
0
91
67
46
64
48
31
84
23
60
28
13
45
6
61
35
94
7
22
6
70
64
56
27
82
32
80
0
80
12
98
80
3
66
26
68
66
58
4
41
70
32
54
67
90
67
54
84
75
77
42
45
93
99
25
75
31
5
27
12
69
26
92
73
44
71
93
62
81
97
3
51
81
9
70
72
77
25
8
52
2
51
49
95
50
26
22
33
84
50
97
53
28
42
26
24
13
19
86
94
68
89
97
50
98
19
22
27
44
30
79
98
33
81
45
83
59
68
69
43
70
66
97
50
8
23
74
73
95
60
19
63
1
68
13
99
88
87
27
84
70
58
83
3
91
28
39
51
96
8
46
18
26
43
68
87
67
42
60
62
54
32
77
55
0
91
7
40
78
86
25
0
96
8
4
40
36
43
43
85
3
89
55
81
33
24
68
52
18
81
66
25
13
43
80
65
34
39
6
65
77
31
65
74
91
21
66
79
16
9
16
71
98
72
53
83
48
21
35
66
54
1
91
67
45
24
85
79
15
91
96
93
74
14
67
65
87
33
44
4
94
61
75
92
85
80
76
33
54
63
51
8
65
95
28
10
19
13
41
34
4
90
27
30
4
46
95
91
31
91
47
25
4
75
70
89
55
98
74
9
61
26
18
78
21
98
40
92
11
82
78
67
24
6
97
28
4
44
71
88
87
71
65
92
46
87
33
53
85
8
63
99
86
33
77
7
31
18
51
94
52
29
61
76
87
10
56
92
54
79
32
41
50
97
85
96
85
71
50
22
31
65
21
17
50
51
76
33
21
27
27
73
56
40
1
96
50
57
40
56
36
72
49
39
69
35
35
6
58
37
29
89
54
2
58
4
5
34
37
26
13
16
51
21
56
52
17
6
9
57
62
98
29
12
37
51
99
24
9
57
14
90
98
68
93
56
25
98
90
14
77
55
31
28
76
87
81
94
94
42
3
8
40
85
72
29
36
71
6
97
80
20
88
78
40
33
34
65
31
76
80
8
31
11
37
60
50
70
54
96
12
9
5
5
94
77
86
82
1
92
80
81
64
68
12
5
1
98
22
84
75
2
45
58
65
34
18
16
4
24
12
68
34
69
25
80
47
12
63
48
4
95
81
69
15
93
26
68
92
48
52
19
3
49
77
68
83
48
36
39
72
1
60
58
22
85
91
69
97
54
69
54
1
3
75
16
48
1
84
92
1
88
11
4
38
41
25
73
41
61
65
65
14
25
76
37
10
67
58
60
21
80
14
74
83
41
90
83
42
74
76
95
62
39
0
52
80
25
78
73
38
43
39
5
20
15
42
82
82
52
42
55
32
8
29
67
49
71
51
43
45
79
39
59
18
39
64
51
16
42
24
54
37
63
11
57
30
53
39
12
58
82
19
90
42
48
10
92
19
13
87
16
92
26
28
10
17
92
61
85
86
38
92
23
53
3
80
84
57
19
48
67
53
68
57
96
68
19
40
40
32
27
56
24
6
36
87
23
80
0
9
66
38
53
89
44
56
21
28
65
93
76
32
46
44
42
94
65
61
34
5
46
14
13
70
20
50
9
43
82
62
4
49
52
57
90
96
66
64
24
31
57
53
64
55
49
58
50
14
19
36
71
65
50
85
88
70
87
97
66
69
59
22
18
12
32
61
60
98
25
85
81
34
90
97
89
39
55
91
6
75
28
77
92
30
62
80
1
1
30
19
71
41
41
41
5
73
54
66
23
79
3
5
13
45
2
55
84
58
46
42
85
74
20
77
57
34
10
58
36
92
29
59
85
70
52
43
96
7
61
19
86
64
76
52
61
79
7
45
89
5
40
74
80
60
3
37
