486
36
17
57
64
23
9
86
29
31
6
58
14
42
62
82
30
73
10
72
21
98
78
0
29
62
25
28
31
68
9
12
56
26
21
20
1
30
6
31
13
64
41
27
7
3
61
37
28
71
61
1
69
91
1
51
53
78
31
36
98
40
0
54
19
21
74
20
3
32
3
17
96
96
96
55
99
58
44
79
81
57
80
3
48
33
6
53
11
37
89
61
30
41
15
49
62
41
21
66
73
77
35
22
73
31
77
25
41
74
4
23
31
85
78
32
18
84
85
82
21
27
43
51
68
59
52
83
0
26
1
26
3
36
48
28
67
77
53
9
3
10
84
87
47
62
19
17
46
4
99
67
83
95
71
52
6
75
87
58
1
88
84
56
24
84
85
43
14
38
52
17
0
36
4
47
50
75
65
96
80
64
16
15
59
87
19
17
14
6
76
16
94
60
72
70
97
57
14
11
48
18
28
48
7
85
48
57
60
13
54
92
29
22
8
89
61
27
6
75
34
34
91
80
95
16
3
92
25
17
3
25
87
83
74
94
68
22
4
81
87
58
73
16
32
81
57
93
61
16
20
47
50
12
27
45
80
82
89
5
99
44
31
39
80
57
33
48
31
37
29
18
47
55
34
31
36
44
24
49
60
45
96
10
9
76
8
41
58
49
46
10
46
29
49
26
38
34
26
69
24
8
39
71
63
26
3
51
70
79
1
82
76
97
92
37
25
52
78
84
2
77
94
48
58
95
26
97
29
52
18
53
60
58
77
23
36
32
27
6
11
28
88
40
77
32
77
3
37
56
39
39
85
85
39
43
80
65
40
9
69
59
63
30
69
40
5
5
72
32
63
35
12
3
75
90
87
5
45
24
13
36
15
98
21
6
93
1
23
86
10
93
97
25
23
66
17
80
23
41
13
38
77
25
41
4
67
28
61
64
5
74
0
20
24
21
27
18
74
2
4
37
95
1
62
70
19
32
51
42
73
64
80
2
41
73
7
61
53
20
25
58
95
78
31
19
51
10
89
26
12
93
63
8
46
77
78
65
61
81
59
35
45
91
37
39
64
96
0
18
17
77
28
64
55
59
83
7
21
25
85
34
70
0
94
17
29
