456
69
62
77
71
45
17
60
50
26
81
7
55
16
4
23
6
78
84
73
5
11
32
57
28
59
75
67
54
7
98
75
28
60
52
52
57
21
12
59
48
45
66
55
62
70
30
20
1
15
45
58
26
77
15
6
88
43
25
43
2
24
18
31
36
22
83
94
44
47
5
44
45
72
99
7
94
82
79
47
97
24
6
75
53
73
81
42
68
6
85
71
82
55
2
19
77
37
65
73
84
70
17
29
94
69
88
41
3
67
88
0
43
46
27
97
20
60
39
40
18
24
11
1
79
13
72
8
50
89
34
87
11
51
68
58
72
9
99
75
28
39
27
72
86
54
69
58
66
8
98
85
84
10
38
15
75
62
75
78
3
9
65
14
13
85
72
85
94
23
13
75
63
40
47
1
47
68
59
65
28
9
50
12
71
40
79
99
2
54
77
5
16
94
72
29
79
44
14
26
68
79
53
83
72
52
84
19
20
95
84
48
56
87
12
28
27
43
27
82
49
56
87
65
50
59
94
81
56
61
59
76
92
12
11
64
64
95
35
84
42
72
84
98
59
48
78
38
43
5
20
93
13
60
10
63
71
5
45
27
18
4
55
10
69
66
75
33
13
10
70
55
82
6
6
93
7
84
32
50
42
4
43
55
16
54
19
88
11
16
67
81
72
23
91
41
41
18
27
55
81
97
62
15
55
68
61
62
53
45
13
95
49
8
2
66
14
73
6
77
89
73
58
14
48
2
7
90
72
86
97
5
83
59
21
91
28
82
53
33
79
18
80
28
27
82
46
41
56
52
71
45
78
29
11
26
83
71
68
56
57
65
61
93
77
34
84
5
68
37
90
47
56
70
28
35
52
74
28
8
79
99
6
57
29
69
35
12
40
4
20
98
69
34
91
46
68
75
3
37
64
93
84
20
15
12
55
68
39
84
28
70
35
34
27
64
56
14
29
96
18
1
94
88
35
37
86
4
12
42
93
29
87
29
1
3
42
9
23
33
45
51
3
80
38
82
97
94
96
78
42
15
79
89
55
15
26
