968
84
86
30
7
25
22
83
91
65
73
91
71
84
57
1
31
72
85
15
96
60
72
22
19
74
98
27
75
33
95
78
69
33
8
76
10
82
12
54
48
37
97
19
73
6
72
5
78
10
20
74
70
92
96
42
67
47
21
94
80
68
72
1
1
33
77
64
15
41
18
15
79
15
34
52
22
59
57
52
69
78
27
91
22
75
85
41
22
6
88
54
74
60
55
28
45
85
44
13
26
62
28
5
29
63
58
3
74
15
56
43
45
35
86
20
10
24
61
33
30
49
87
57
62
95
37
59
80
81
72
6
43
1
12
24
16
22
28
90
89
36
85
35
71
23
7
81
47
20
66
30
22
6
87
36
1
24
95
33
57
20
39
52
21
51
76
89
25
56
79
15
92
16
2
15
39
9
49
39
29
15
69
3
73
56
39
74
32
35
7
89
55
99
41
28
2
69
17
28
26
48
43
70
16
45
38
55
6
87
94
87
2
15
91
76
71
30
2
55
17
62
96
24
61
89
4
63
11
73
91
37
21
86
59
37
31
97
45
37
84
91
77
39
7
68
15
30
50
69
38
68
31
34
44
92
76
49
56
87
22
99
76
96
86
35
85
69
85
30
59
21
74
36
60
81
4
27
63
54
97
1
74
80
88
71
73
64
72
81
51
94
32
27
42
18
14
28
40
51
10
99
25
84
35
85
17
91
65
81
97
62
34
24
94
22
95
67
86
67
0
89
13
33
68
56
3
35
84
43
86
46
42
11
31
29
49
0
72
14
33
70
28
68
94
22
90
89
42
77
8
42
66
21
27
87
29
31
22
13
74
60
12
69
24
95
50
73
95
23
39
29
93
19
97
39
93
87
28
35
16
88
30
35
9
9
22
39
40
96
4
67
56
16
36
80
63
38
5
59
61
96
40
54
15
89
45
61
28
73
48
45
13
30
32
23
40
6
14
80
2
70
47
10
39
35
91
2
26
48
13
87
97
53
94
64
94
39
25
23
65
74
68
78
56
52
53
96
58
67
77
60
90
76
70
29
64
13
31
90
14
97
29
11
50
23
75
97
15
1
20
80
27
40
10
83
92
64
32
50
83
9
10
73
37
32
2
53
98
86
95
12
83
77
23
85
52
50
82
67
3
2
47
82
42
58
18
86
74
50
36
57
11
98
31
0
31
85
54
29
71
1
93
6
78
68
92
31
70
26
50
74
29
50
56
23
8
26
10
34
76
98
91
87
97
74
88
80
60
94
61
83
47
54
90
78
74
82
61
44
8
11
18
89
61
27
65
21
53
75
55
30
73
99
69
22
73
9
2
33
3
63
69
3
17
59
81
91
41
42
36
1
53
6
43
67
33
8
88
39
35
96
21
60
95
90
83
68
0
85
54
55
49
23
58
18
82
91
62
75
33
98
28
39
56
71
58
42
79
46
81
66
42
2
27
89
44
10
58
96
95
64
4
96
87
14
15
21
6
77
96
91
27
76
82
83
48
40
77
79
39
58
46
33
12
73
23
9
35
81
5
30
97
9
27
84
76
94
5
82
71
53
73
50
29
8
85
29
48
63
9
87
73
7
73
38
32
96
47
67
29
4
49
26
66
28
62
42
74
67
76
45
72
49
47
53
9
33
83
58
96
44
97
21
3
22
59
35
18
58
54
99
63
55
25
81
36
87
75
10
6
51
8
30
52
55
84
62
88
19
20
36
63
69
58
66
92
69
53
62
28
59
62
43
14
39
24
50
79
99
61
85
50
69
68
54
76
52
16
65
71
88
53
86
58
63
4
2
33
57
16
61
68
78
56
34
18
80
85
97
31
98
34
33
19
54
87
95
6
4
12
29
92
18
67
2
81
71
56
14
80
73
27
48
3
83
83
73
15
20
22
46
70
9
31
89
63
19
36
22
75
1
51
19
19
19
74
0
42
30
15
23
55
94
23
11
78
58
84
45
78
7
44
48
16
75
89
79
46
78
53
21
79
5
41
98
76
15
98
18
97
65
93
5
60
17
16
90
75
0
87
6
59
31
6
75
7
96
7
53
74
60
27
5
17
68
3
93
35
1
64
32
19
57
89
31
26
5
73
54
6
60
60
17
44
66
93
51
14
52
56
40
64
83
45
82
3
48
27
38
2
43
23
73
53
12
4
79
70
29
85
28
41
45
45
85
64
90
88
78
42
45
71
59
28
16
93
32
17
