776
38
91
84
9
30
74
96
48
88
54
73
25
2
7
58
77
98
4
9
50
99
19
76
18
18
55
96
94
17
55
57
7
98
93
68
29
67
65
29
7
19
2
33
73
9
43
3
60
47
12
10
98
31
86
17
1
94
65
96
63
73
5
70
71
99
39
52
18
56
81
26
27
83
11
0
45
6
3
57
5
68
67
4
99
6
21
1
52
38
49
67
11
6
37
83
5
28
35
24
36
17
2
63
52
13
64
49
71
19
6
76
87
26
80
39
84
53
92
88
92
41
55
3
47
44
38
5
25
26
81
61
95
83
25
47
48
89
49
19
60
7
95
48
33
28
39
69
81
31
57
73
72
64
29
71
9
67
28
34
93
9
95
88
44
20
88
44
61
89
63
74
96
11
22
82
91
13
51
72
44
61
98
68
25
27
91
86
46
20
72
92
29
68
32
74
40
20
18
54
9
34
28
58
97
2
40
88
15
91
60
11
4
10
79
82
37
70
68
36
90
93
28
72
61
60
98
53
33
16
59
94
2
87
52
99
41
92
39
56
36
0
19
40
10
98
74
0
21
95
36
63
88
64
35
1
76
85
6
61
2
66
56
56
53
8
8
47
53
47
3
89
47
23
81
10
73
8
62
46
3
98
10
43
14
97
44
42
83
50
4
37
68
60
93
22
20
1
69
73
49
24
14
48
99
96
10
25
56
72
71
59
22
33
2
36
83
98
31
66
0
35
55
69
47
48
43
67
2
64
93
3
40
7
3
92
55
14
17
11
86
40
22
61
74
24
49
57
74
80
75
75
67
30
96
14
30
39
34
32
3
27
87
95
34
91
87
42
5
4
53
43
45
76
4
71
52
54
80
79
86
55
6
54
37
2
68
67
41
2
52
96
81
39
91
68
82
79
10
39
35
15
83
32
91
39
55
96
45
35
75
32
42
33
38
31
35
6
51
28
61
3
76
42
94
67
62
29
98
72
68
86
88
3
18
31
95
26
79
40
13
6
24
56
39
62
39
74
21
90
2
34
45
30
28
40
98
91
69
48
63
89
86
51
93
5
35
88
83
14
80
96
21
57
4
12
19
44
87
92
34
41
26
80
72
55
72
22
46
93
22
9
82
9
13
27
66
0
67
49
66
48
45
87
5
2
52
76
46
39
69
32
32
95
64
56
2
36
30
48
81
53
10
16
14
75
43
80
75
63
81
41
11
78
81
68
80
33
96
26
24
17
11
8
13
75
65
67
64
47
16
97
0
26
13
14
53
57
46
28
20
79
21
83
58
2
3
38
87
51
17
11
69
28
72
82
3
37
49
19
84
17
17
37
95
30
3
48
39
2
28
11
81
50
46
39
4
1
78
92
53
95
55
22
75
79
56
30
16
57
50
53
75
67
42
22
49
97
71
41
99
51
52
81
1
51
72
58
52
2
2
5
97
9
79
24
89
35
55
57
93
5
10
20
24
4
42
25
2
65
66
1
17
71
34
70
22
7
28
26
9
30
32
59
40
11
35
29
99
90
86
92
47
49
64
71
5
6
49
7
72
15
61
89
86
47
59
60
54
40
87
16
70
71
27
62
34
62
43
33
53
82
77
0
83
41
24
88
48
25
96
72
40
9
13
79
56
24
39
11
64
78
79
87
49
6
1
36
20
45
69
25
27
47
78
10
88
2
98
88
27
46
60
19
55
73
50
12
50
42
75
14
20
6
1
22
64
3
58
84
0
27
10
79
26
88
89
67
42
39
55
21
38
68
92
45
93
