639
75
96
26
50
12
10
51
1
57
2
58
35
55
0
34
72
20
86
68
51
89
95
82
89
26
29
99
45
36
66
57
64
14
84
14
26
94
18
27
3
72
37
38
28
90
25
52
62
11
72
65
0
19
47
41
97
76
40
43
12
59
0
76
73
36
43
0
82
61
79
86
33
69
24
13
11
49
18
73
61
42
38
13
62
37
7
59
13
99
2
77
58
55
54
32
91
97
84
74
10
15
60
95
84
36
9
47
38
79
20
51
21
10
16
83
47
23
95
60
23
49
90
81
4
44
65
96
93
1
22
55
17
34
50
53
22
11
1
60
90
73
11
12
84
28
47
83
3
42
44
26
44
86
60
48
30
77
96
75
79
70
30
96
4
32
1
27
44
54
39
34
28
51
98
12
31
46
95
34
40
91
13
84
77
25
85
59
2
33
86
81
4
68
29
60
1
31
87
97
37
27
31
65
30
82
29
13
28
77
99
20
20
12
5
50
37
42
9
92
27
48
73
31
68
55
92
69
38
31
18
75
10
2
41
40
84
22
53
12
99
53
84
20
17
41
70
7
83
31
99
11
79
24
94
48
31
38
69
69
70
40
97
32
42
90
73
26
12
78
90
12
83
74
32
53
16
54
12
51
85
63
14
17
87
9
17
71
47
38
92
69
78
89
2
72
79
27
50
92
57
40
56
41
67
88
46
35
42
58
38
79
21
53
96
60
14
13
31
13
4
24
83
34
65
37
7
97
64
57
89
21
50
45
14
17
85
60
4
79
18
42
58
91
47
7
52
61
72
83
75
76
59
10
11
77
47
18
74
11
27
15
84
77
12
51
46
97
11
50
28
82
45
86
73
44
93
25
6
66
61
33
94
72
43
5
1
90
75
75
53
3
42
89
32
54
40
79
3
4
81
31
38
78
70
11
23
15
89
29
33
2
14
28
26
57
85
28
99
13
55
4
68
98
93
0
4
86
79
8
90
61
91
28
39
13
91
62
29
32
43
14
34
57
94
13
66
80
41
65
45
96
21
13
46
15
13
51
53
45
11
95
58
54
23
97
68
66
12
49
99
7
63
85
17
58
98
83
90
91
1
35
88
22
0
86
89
13
37
42
10
0
37
68
55
12
18
75
31
82
24
82
89
87
67
58
97
18
94
39
9
95
74
97
69
26
36
11
40
73
5
2
74
43
71
81
7
89
56
38
71
80
20
12
19
40
23
69
58
17
8
67
64
35
17
85
61
53
96
53
78
2
56
4
97
27
85
4
68
93
95
91
73
67
55
45
59
78
14
17
95
74
37
11
9
6
97
71
11
93
24
41
47
80
46
44
59
83
1
27
77
48
70
2
15
26
99
75
56
65
44
4
40
33
15
49
39
12
20
2
6
45
44
53
77
90
50
37
25
51
16
2
51
39
57
18
17
56
93
73
22
90
77
14
23
93
63
15
5
36
