921
88
99
81
1
52
56
72
6
29
39
61
32
80
43
96
43
2
17
59
38
66
93
14
56
2
86
63
27
76
45
65
64
44
46
66
49
2
90
55
84
29
68
16
9
63
12
4
65
81
63
56
47
57
22
55
11
9
70
91
85
15
56
1
12
55
19
61
9
9
16
93
90
36
61
51
0
25
56
65
6
19
73
6
28
96
61
40
57
32
83
42
47
39
95
59
94
15
72
56
24
88
49
67
77
63
18
77
88
74
42
95
46
16
1
74
64
14
66
21
46
49
15
46
41
10
57
87
25
30
43
2
70
93
69
47
8
87
24
96
14
19
91
12
87
44
86
51
59
5
24
57
6
39
3
47
49
13
35
27
43
78
29
65
23
98
65
31
37
89
28
3
60
71
15
99
68
54
50
79
59
74
36
65
65
92
65
15
5
0
94
0
30
23
65
6
21
30
37
10
72
17
14
84
41
29
84
9
83
34
40
94
61
76
60
78
68
77
45
25
77
39
25
59
62
43
65
35
73
55
46
97
72
60
82
65
41
66
26
77
52
66
71
65
95
83
44
15
60
41
41
37
81
66
49
43
61
14
79
35
69
77
84
94
89
66
11
30
84
38
7
89
56
31
54
51
14
50
67
75
92
60
64
73
78
13
68
40
28
99
75
49
76
11
95
65
78
7
48
14
97
7
3
53
38
10
5
53
60
24
80
4
84
44
29
62
58
98
2
38
49
29
39
26
41
35
43
71
42
43
85
39
51
41
44
41
51
1
94
63
77
74
68
61
71
49
76
81
99
30
19
49
12
10
27
5
45
70
76
39
66
13
30
17
54
75
58
5
28
5
21
6
31
41
19
2
90
95
35
90
78
54
91
90
65
18
47
62
40
75
2
6
88
84
75
95
11
34
52
40
91
73
46
74
14
65
77
5
13
64
47
43
19
38
85
36
8
32
98
48
7
52
7
95
37
82
42
48
68
95
40
11
68
86
86
35
4
15
92
69
79
39
12
50
29
97
86
37
81
37
37
88
41
96
35
30
31
30
31
51
25
71
63
45
10
1
80
66
16
72
35
47
63
99
98
92
48
36
81
81
25
19
69
67
67
56
49
98
86
32
50
63
4
65
9
66
66
89
84
34
14
71
81
77
70
79
22
70
68
3
51
93
74
72
12
42
28
62
92
67
94
42
30
50
59
91
68
25
81
52
59
47
23
93
24
45
72
46
15
92
2
66
86
76
90
50
70
19
12
63
38
59
57
20
61
17
12
82
42
45
34
54
92
10
47
68
55
71
67
71
64
69
89
2
97
80
52
68
51
17
31
41
76
88
61
89
5
25
71
0
70
58
6
14
68
5
35
75
76
2
98
92
23
88
94
20
20
47
88
23
64
19
16
92
60
29
81
65
55
5
17
77
15
23
44
83
28
79
58
57
81
57
49
56
97
44
76
69
91
65
44
55
36
60
47
96
41
80
14
96
37
31
26
52
7
70
35
35
49
46
92
82
55
94
38
4
38
66
73
29
31
17
36
20
29
35
16
70
15
30
19
5
14
45
57
21
67
45
56
68
43
1
2
98
95
92
2
85
58
27
66
42
44
2
62
25
37
30
47
4
13
66
9
27
63
19
48
30
64
56
50
59
9
52
57
4
44
11
41
3
38
7
45
82
9
59
59
98
89
6
55
2
73
16
81
88
35
29
71
51
86
21
10
95
74
19
52
70
30
45
25
68
53
22
2
14
81
61
13
23
68
20
77
93
36
59
81
24
88
4
27
26
26
90
74
52
9
78
22
40
23
0
8
76
22
63
91
4
24
56
79
44
76
56
37
64
67
71
40
8
75
68
34
53
58
8
57
19
38
32
59
62
32
20
38
54
83
81
10
59
37
89
4
65
98
93
82
17
16
22
25
44
42
60
49
52
20
7
24
59
39
83
21
71
55
11
25
90
93
88
50
82
29
6
48
27
51
82
45
68
56
22
64
51
82
13
3
55
20
79
66
59
63
39
82
70
50
60
13
95
48
63
78
77
21
78
57
72
60
54
92
16
76
8
19
11
22
23
66
94
2
84
6
17
23
88
40
25
48
53
21
96
