974
51
18
8
59
38
43
59
0
6
68
87
22
88
95
34
78
74
46
47
89
62
86
50
48
9
0
32
45
2
51
87
6
70
47
65
8
42
76
60
48
44
0
70
85
47
56
63
21
2
63
11
16
1
13
65
10
13
49
7
16
52
46
74
22
93
39
83
35
15
95
83
11
95
5
48
42
62
12
64
16
27
75
33
28
40
50
91
54
99
50
22
3
97
96
26
90
87
61
26
2
56
61
65
52
19
14
46
81
78
10
49
5
37
82
85
78
32
76
32
83
27
54
87
24
2
65
66
89
78
92
43
34
54
8
38
73
74
37
6
4
47
7
9
37
90
95
15
74
23
99
58
50
5
97
26
7
62
93
48
92
37
91
78
91
51
69
16
78
6
74
82
53
34
44
90
24
91
57
98
14
8
8
17
13
57
43
72
71
88
20
63
26
63
42
69
15
11
38
45
17
64
27
22
98
71
65
22
62
74
73
29
83
33
46
96
91
41
21
62
30
93
26
56
57
20
77
24
31
15
69
0
80
48
74
30
20
39
53
34
14
78
63
49
11
61
97
54
3
18
17
33
12
95
41
69
15
18
45
46
86
14
98
18
62
72
48
34
64
53
21
30
31
36
79
95
98
76
49
1
95
66
86
59
61
27
28
28
97
25
26
35
39
24
53
53
49
2
40
13
55
13
43
39
49
22
34
99
50
35
52
45
54
38
56
67
17
84
96
67
9
22
2
0
47
8
6
96
10
98
61
17
11
4
8
12
78
94
64
28
30
68
26
84
7
82
51
76
19
47
95
80
22
50
33
69
58
91
17
68
89
78
37
52
34
46
16
64
40
32
44
70
1
22
6
60
57
10
36
76
9
84
8
31
34
93
52
92
84
69
60
73
99
49
77
85
95
94
49
88
78
46
58
79
68
17
39
25
27
76
53
36
12
62
20
46
55
72
38
40
94
50
65
45
99
95
31
47
41
32
35
19
78
45
99
99
62
38
24
41
66
78
30
78
92
50
24
99
74
14
91
20
16
57
66
16
4
49
15
45
33
50
64
64
47
63
63
62
54
87
3
20
17
85
51
61
87
27
61
62
42
52
34
58
61
0
26
65
49
41
10
35
43
27
99
43
42
62
5
96
1
60
69
71
46
20
32
33
99
93
47
41
98
82
52
59
34
30
77
36
24
87
71
67
14
70
62
57
84
67
5
85
28
74
56
74
46
89
59
46
34
59
39
32
93
91
44
27
74
21
15
98
60
86
17
27
8
80
36
92
47
41
78
75
68
86
1
14
27
13
60
62
72
0
46
17
43
90
96
17
63
12
67
76
50
85
3
59
17
39
3
64
32
81
92
0
20
45
15
47
58
27
9
82
79
8
99
75
50
48
92
66
60
12
42
10
97
45
21
14
36
25
30
68
58
74
69
78
20
36
78
30
15
39
65
95
47
16
70
98
64
14
64
24
26
6
87
75
3
8
89
39
85
72
7
96
98
28
74
70
64
52
1
80
92
18
27
91
34
97
41
51
11
57
27
38
63
14
13
18
75
55
57
12
79
65
8
77
45
35
48
10
39
1
42
31
19
69
75
5
18
16
56
29
74
84
19
89
50
85
8
25
92
65
90
23
82
98
0
28
33
0
90
73
53
84
56
72
53
31
30
71
0
38
52
74
74
72
15
25
9
23
2
53
41
92
76
23
43
76
3
76
29
45
1
82
29
58
7
82
41
37
5
41
27
58
67
2
82
83
79
43
6
33
96
99
78
72
75
21
0
78
49
29
24
51
64
53
9
71
88
2
60
93
44
39
3
11
41
37
94
72
80
53
6
76
52
36
0
27
57
1
58
6
82
34
9
46
39
18
69
27
21
81
73
17
21
28
80
14
66
27
87
46
80
45
75
84
81
75
64
90
28
74
96
63
8
6
61
47
76
31
27
49
12
0
18
33
28
99
48
46
26
87
45
58
32
20
94
65
47
58
55
28
84
51
91
92
9
52
92
38
35
19
87
48
19
6
33
99
57
33
46
83
72
43
41
4
63
87
21
62
46
76
90
82
80
33
75
41
38
67
79
73
86
19
73
57
77
59
8
34
44
6
17
17
49
10
73
64
97
95
79
95
71
21
78
3
55
5
45
45
24
24
18
10
95
92
19
72
3
79
58
47
86
27
64
87
89
38
4
87
33
83
34
56
4
64
12
11
21
57
56
45
33
