509
6
11
65
44
95
59
14
2
69
86
14
34
34
73
67
50
53
50
15
66
31
1
75
16
89
52
51
87
3
81
55
9
44
20
53
92
31
19
94
53
57
61
39
91
34
6
93
40
9
8
6
40
10
34
8
99
86
59
86
41
40
41
50
85
14
56
29
97
27
23
2
85
36
41
76
71
48
70
63
9
78
69
49
88
55
58
88
93
69
26
34
10
20
37
47
34
45
76
83
72
51
86
57
88
79
34
11
79
56
74
88
34
95
90
75
51
0
15
96
69
41
31
79
61
20
78
47
65
6
83
89
10
21
47
98
0
33
61
80
89
35
20
75
30
10
2
33
10
17
30
80
11
13
11
72
85
42
72
2
48
55
91
58
76
90
8
28
23
69
60
64
56
81
92
39
43
94
72
54
64
54
86
75
19
49
99
56
91
71
58
92
78
50
2
54
40
11
35
16
32
95
80
89
28
24
28
72
19
52
78
83
59
16
58
30
65
9
87
9
81
45
1
59
47
3
66
40
66
1
8
51
48
40
40
77
65
20
49
84
24
79
19
83
95
29
14
60
38
53
21
71
98
22
31
98
78
49
38
96
50
46
47
98
38
39
75
3
11
76
39
36
55
58
71
50
39
37
63
78
90
84
49
41
59
32
39
89
81
29
85
83
27
85
82
65
76
9
69
88
38
8
76
93
19
47
96
58
85
11
36
27
95
38
68
6
22
7
95
4
36
33
87
63
70
21
81
46
83
50
86
21
10
62
14
29
62
62
40
99
73
28
26
21
66
95
79
89
2
27
45
91
60
32
6
82
6
87
28
89
89
67
10
52
29
76
33
91
39
73
90
64
2
17
37
20
64
17
61
66
44
6
9
56
91
16
38
49
55
18
38
97
85
0
49
67
76
82
58
67
56
1
84
10
70
21
82
34
90
44
52
86
2
14
42
45
30
32
94
37
51
84
34
88
84
35
55
13
18
66
80
26
67
64
88
89
38
70
75
28
66
27
67
69
41
9
66
23
94
61
13
97
45
99
85
82
35
41
95
5
59
27
31
78
44
71
67
82
41
42
62
8
21
29
29
15
91
95
90
37
8
3
34
54
3
19
88
90
12
83
95
23
10
78
1
6
49
20
88
90
14
3
50
36
84
79
3
75
27
45
