380
2
33
62
19
51
61
2
26
50
54
96
76
19
41
43
71
91
2
4
68
33
22
93
83
55
36
49
52
98
2
29
0
87
43
71
39
5
26
17
7
80
13
83
99
6
79
71
49
81
27
69
15
1
63
50
56
51
51
8
49
6
90
1
93
33
72
84
90
98
1
98
79
67
33
30
73
12
53
75
94
32
44
61
33
59
63
90
10
67
50
11
73
40
12
66
26
85
51
68
35
4
18
14
71
52
45
97
16
50
72
62
83
68
23
16
80
39
6
42
6
57
54
31
49
18
49
75
3
0
96
39
5
14
5
28
18
2
25
35
53
49
97
36
18
73
4
50
12
11
92
70
20
46
53
69
65
2
97
20
55
93
11
12
59
17
40
78
19
66
13
24
15
62
12
85
35
17
35
99
80
28
21
0
26
74
21
43
29
18
64
84
63
27
96
75
44
36
53
16
54
18
92
22
32
5
7
20
22
43
19
2
23
93
54
1
19
75
45
48
46
61
84
61
40
80
36
37
69
41
53
75
11
97
97
44
2
5
64
76
0
35
30
75
28
84
28
0
60
25
0
6
86
85
67
27
17
56
64
38
97
69
14
9
18
63
5
21
68
21
97
20
56
28
47
37
64
76
37
24
1
37
82
40
74
2
19
92
58
35
30
7
56
96
68
74
60
73
95
80
94
45
1
3
25
0
92
89
28
29
66
30
18
48
22
45
2
41
37
60
76
19
20
84
16
88
58
76
62
6
8
8
3
61
63
28
62
55
69
90
36
35
72
7
36
94
52
38
87
89
51
15
60
71
99
76
11
58
4
25
16
13
86
19
74
49
99
88
5
68
79
93
56
3
0
92
98
52
82
85
93
