213
51
99
83
34
42
3
5
33
92
45
41
20
36
88
83
77
56
99
85
18
47
95
41
90
85
74
93
10
98
86
35
1
85
18
35
27
21
92
12
13
89
54
33
26
42
68
3
99
19
40
17
66
88
10
56
73
85
2
35
35
88
71
88
25
41
75
4
15
68
17
80
9
71
66
35
65
86
90
64
6
31
34
72
71
44
81
44
81
83
31
68
23
2
8
0
96
84
4
63
4
21
43
13
44
9
1
10
96
91
26
2
74
12
26
45
9
7
41
42
42
73
63
17
27
71
17
23
55
22
86
59
95
82
73
92
91
74
2
39
17
80
93
92
45
72
89
54
31
31
48
74
4
11
43
31
83
61
7
38
35
45
50
30
27
75
74
71
1
28
62
18
9
8
62
6
80
52
60
11
83
8
37
39
72
81
22
55
42
29
45
29
27
47
59
6
22
86
29
23
14
92
94
23
52
56
29
32
8
41
95
43
2
33
