339
2
96
30
4
37
84
44
70
89
59
41
58
66
78
27
93
65
56
88
40
15
50
64
42
56
42
59
0
87
48
52
89
44
35
46
81
19
42
4
60
53
97
18
20
75
98
65
93
6
6
33
21
56
49
63
65
92
74
65
31
23
70
73
19
57
71
53
76
13
57
36
66
6
6
38
33
56
4
26
62
62
12
84
70
13
99
35
5
74
53
89
49
75
62
68
32
33
21
8
46
30
96
64
88
54
55
22
11
11
0
73
73
12
9
43
26
61
31
83
87
36
72
88
11
34
56
95
19
30
55
17
12
51
34
53
5
89
75
68
52
27
94
25
40
55
20
18
16
3
53
55
39
26
43
2
12
52
97
32
34
4
1
98
55
35
51
13
24
78
33
28
6
27
53
98
83
26
68
51
29
21
7
69
47
2
23
12
6
21
96
40
25
97
39
33
33
42
98
9
21
31
38
79
11
43
77
46
69
45
97
51
18
56
20
18
11
43
30
17
16
26
10
94
23
1
79
8
43
29
18
64
12
8
95
23
51
72
21
73
69
71
24
88
27
96
6
90
91
88
60
8
14
70
54
89
71
85
98
14
14
68
31
26
76
26
2
27
51
23
52
72
94
76
12
74
72
70
64
64
58
24
24
24
46
78
14
17
63
64
84
77
32
67
55
8
45
57
87
48
33
40
21
27
68
85
1
41
56
18
5
66
94
81
91
41
59
5
10
74
21
46
3
53
13
58
13
11
68
52
59
1
44
32
80
13
18
34
54
74
