258
84
61
2
96
68
77
91
95
95
61
77
7
22
40
78
67
96
12
95
1
50
20
86
8
82
94
69
82
10
4
58
47
65
60
43
85
37
86
80
85
47
9
44
21
2
22
89
98
86
84
51
88
56
89
97
91
36
18
73
46
74
31
45
91
44
40
76
81
78
8
18
77
18
14
99
20
36
88
70
75
24
74
63
80
63
12
71
51
82
96
50
56
80
95
47
24
36
23
57
66
84
28
44
2
42
43
74
31
83
44
6
7
18
21
87
34
34
11
85
16
59
87
25
39
83
24
15
71
0
25
37
84
53
81
38
95
76
12
26
59
56
84
66
27
6
6
13
92
17
50
8
28
38
85
68
21
10
35
44
10
60
81
46
13
15
84
61
91
96
87
3
4
24
69
31
30
75
44
22
44
47
82
73
85
68
93
58
30
28
2
92
41
35
38
54
2
22
15
94
18
55
97
22
79
18
6
61
46
2
83
90
49
65
15
34
85
60
92
67
89
46
59
82
82
97
36
84
19
4
30
89
11
79
64
90
50
70
51
96
72
86
38
74
3
54
8
41
14
53
8
55
99
68
89
33
17
26
70
