610
90
91
48
1
91
3
32
91
28
21
81
47
22
14
34
7
53
39
63
38
18
12
48
69
17
77
51
76
32
89
13
22
32
61
75
23
16
59
66
97
80
47
96
55
61
31
62
66
70
77
57
40
90
5
9
7
34
13
35
66
54
0
89
86
61
16
61
29
76
27
26
8
26
23
15
39
54
29
5
24
7
14
17
49
20
26
8
6
91
43
73
45
43
14
31
56
30
92
85
58
71
12
67
97
87
34
36
41
64
42
17
23
56
34
72
28
13
80
35
4
23
60
50
18
74
33
26
56
78
11
67
49
75
34
47
62
68
83
55
84
77
73
7
86
59
79
66
72
59
53
29
34
13
79
4
39
64
30
48
42
42
15
92
69
1
91
84
21
74
39
6
4
12
13
90
24
45
8
96
56
62
25
91
75
56
47
67
21
78
15
15
72
82
59
41
83
50
25
56
77
65
62
81
29
28
23
53
73
83
2
29
45
79
72
73
36
20
40
9
98
7
76
70
41
36
63
76
38
41
32
15
58
95
48
87
75
23
93
48
7
95
29
4
26
2
77
14
74
69
75
72
76
52
94
69
40
9
45
78
50
78
46
8
25
94
48
0
70
41
0
29
88
81
33
14
83
11
29
57
80
56
81
9
8
27
78
48
37
76
79
39
6
25
48
31
71
96
83
41
89
35
70
29
16
4
43
52
67
24
61
47
81
43
8
41
22
39
42
11
15
21
51
21
46
51
4
17
47
39
59
88
74
81
17
90
37
12
42
4
89
4
4
70
99
12
63
73
3
5
85
18
26
36
91
24
87
95
42
86
34
53
26
60
86
43
51
24
55
45
28
96
1
32
18
0
97
82
74
0
87
11
71
66
99
62
90
38
10
84
76
96
37
2
57
76
97
60
0
4
5
28
1
7
13
19
59
62
1
85
62
41
48
85
7
47
48
49
85
10
34
13
6
23
15
15
99
12
75
99
17
81
80
18
40
45
37
51
59
91
89
21
32
37
59
91
37
7
92
74
69
26
88
75
2
3
91
1
68
18
53
37
51
85
55
43
82
44
95
41
87
36
14
19
25
73
62
62
32
55
37
53
33
25
81
35
80
24
89
48
42
94
85
94
31
92
37
13
89
84
6
76
20
72
48
46
98
62
60
82
17
97
36
51
74
17
38
55
41
27
55
83
73
93
29
4
37
67
69
78
3
75
55
76
0
55
22
98
17
34
80
87
32
16
90
58
85
28
65
26
8
21
10
81
66
91
38
55
58
7
34
14
35
41
90
87
96
64
85
65
98
17
52
82
86
42
41
71
23
6
98
83
79
60
16
97
51
54
53
62
14
39
76
1
80
18
88
28
82
73
93
32
42
46
15
28
40
56
0
15
62
