205
70
55
4
9
6
98
81
2
94
27
93
42
23
24
60
35
26
55
84
40
26
11
88
83
46
46
11
40
98
91
85
68
98
89
77
4
88
11
58
34
38
51
28
61
27
88
48
53
95
85
46
74
96
86
57
42
33
68
34
31
11
20
52
9
9
29
65
49
92
23
84
82
27
12
95
54
53
44
60
0
81
58
74
77
44
31
71
77
0
57
61
63
77
13
73
39
94
90
88
39
14
24
21
41
37
17
47
42
13
7
42
94
17
17
23
62
0
46
91
52
3
52
16
33
65
41
72
12
31
12
51
97
37
24
90
74
93
38
68
6
97
10
52
15
79
27
29
80
73
20
84
77
73
0
10
90
93
34
54
25
46
5
22
83
30
13
9
75
3
77
82
0
40
86
67
19
14
96
51
39
17
36
16
42
88
78
84
82
12
39
7
59
96
81
94
78
46
4
54
1
33
88
2
73
74
