181
9
36
57
15
52
58
48
94
68
44
15
74
14
69
82
48
28
39
83
74
87
97
13
84
99
21
83
29
7
57
99
16
94
8
83
46
66
83
92
86
27
60
61
42
29
95
90
9
34
26
83
74
23
48
10
74
69
93
4
76
51
3
44
97
63
27
95
29
62
87
15
90
47
28
32
28
75
74
38
62
52
73
36
27
22
46
2
91
91
6
20
42
61
64
91
24
44
86
5
6
74
72
96
73
1
80
54
28
7
44
90
59
69
26
87
91
24
41
35
68
47
7
10
60
71
54
36
67
40
41
74
66
13
22
92
66
3
46
95
10
42
85
21
11
64
60
55
40
1
42
8
48
49
71
60
72
25
96
40
17
37
66
84
3
88
76
69
43
74
16
5
16
54
27
27
70
87
82
62
41
24
