364
75
26
28
16
87
12
86
82
37
7
87
73
23
51
96
50
61
93
46
90
7
79
11
50
91
41
29
80
44
14
93
20
93
21
88
80
85
75
15
74
34
2
0
57
53
96
59
66
41
58
56
48
37
67
99
28
60
80
61
4
94
54
76
87
27
17
20
12
44
35
39
78
89
39
88
42
87
99
8
28
57
16
29
95
35
28
23
95
8
84
99
54
90
76
94
17
93
14
82
89
1
21
67
90
12
7
84
99
7
44
79
64
60
8
59
95
88
35
42
96
71
41
3
62
69
97
79
14
63
61
3
16
34
23
6
46
30
42
97
89
38
29
54
98
89
65
45
78
52
87
26
24
80
29
86
2
78
17
68
41
31
24
57
17
47
15
64
29
9
13
19
47
42
73
45
32
90
42
62
43
81
88
67
62
70
5
64
48
74
84
42
57
8
51
75
55
19
91
85
28
4
56
76
47
81
73
31
71
16
93
66
97
33
85
11
55
42
27
56
69
12
98
26
20
1
53
28
20
96
65
1
1
21
77
0
2
2
83
25
18
76
44
68
61
29
31
17
72
59
73
41
23
23
19
43
24
25
23
97
21
88
98
22
61
27
74
15
29
57
93
0
85
37
68
47
66
99
16
90
10
41
83
33
64
55
29
40
80
52
89
1
93
87
76
54
66
2
70
96
60
63
96
97
0
16
96
18
67
12
61
78
5
96
63
69
51
92
62
83
45
51
37
38
91
13
44
57
15
14
53
27
29
1
77
81
17
73
52
37
38
13
15
43
61
30
65
13
23
27
48
20
30
85
10
21
50
54
31
18
21
36
45
2
38
