777
43
57
43
85
84
10
57
90
63
79
6
66
89
91
18
17
53
97
95
93
38
62
87
30
70
8
68
38
52
13
83
95
23
27
32
59
37
90
2
0
21
8
19
11
99
89
80
4
87
75
97
77
90
84
7
60
44
75
50
97
41
33
44
16
60
29
75
49
71
77
2
44
86
21
55
37
10
87
42
49
15
91
27
5
76
34
65
72
62
67
69
55
0
66
71
13
47
98
62
18
76
64
62
14
37
70
3
0
57
97
49
72
89
28
77
65
15
94
37
77
61
59
84
62
77
7
27
24
5
89
42
33
6
56
99
95
26
3
95
36
0
97
8
89
77
38
6
92
32
96
21
46
7
5
60
84
12
87
8
70
28
2
3
86
10
55
82
37
58
77
73
10
26
33
52
4
71
58
48
56
6
70
54
13
75
14
97
40
53
57
62
81
11
65
68
22
72
2
11
30
31
36
93
58
21
45
14
93
3
62
1
62
32
55
75
60
21
25
52
26
34
14
59
46
31
79
20
4
81
83
86
13
71
79
23
92
24
37
37
80
51
90
42
36
97
17
48
18
94
0
44
29
14
4
27
97
83
99
1
17
82
88
30
5
19
53
49
44
42
87
76
93
29
70
29
27
87
77
45
34
29
42
63
95
98
90
93
33
89
46
50
23
86
32
80
6
85
29
2
27
16
78
73
98
48
2
25
87
32
22
73
61
64
36
57
14
78
2
48
19
48
50
94
35
83
74
41
20
4
95
0
72
25
73
70
73
75
95
12
59
18
86
21
34
74
30
49
53
32
49
24
80
51
19
67
86
93
8
7
97
55
7
70
80
80
40
53
7
88
18
67
6
56
40
40
82
22
41
35
6
90
60
38
94
31
6
80
24
66
87
22
22
94
44
2
26
36
8
34
24
78
53
30
34
45
23
16
19
64
4
25
7
16
63
1
47
21
81
71
88
69
45
10
15
41
64
42
78
72
28
2
2
33
33
36
30
8
5
1
72
61
26
79
77
41
32
76
15
14
99
3
35
97
65
50
38
81
44
16
6
24
19
8
9
4
45
91
12
2
92
36
63
70
68
92
64
0
20
79
14
71
34
1
68
51
4
7
32
48
75
90
25
94
99
86
50
96
78
62
98
70
51
13
93
19
57
57
19
77
88
86
48
22
87
69
25
91
76
9
92
3
0
69
98
99
55
0
95
33
15
45
56
66
10
49
85
67
6
4
96
46
42
96
20
82
17
45
73
93
54
17
49
6
86
47
5
94
47
52
27
62
49
35
80
59
84
65
78
42
22
26
88
64
75
8
98
92
5
24
38
60
41
87
18
80
86
24
74
85
28
53
0
78
89
80
89
73
46
20
68
20
46
8
36
21
17
35
66
22
59
4
34
52
91
53
32
29
29
58
14
9
12
14
87
53
95
29
78
93
49
46
13
47
55
49
21
24
36
87
98
95
43
85
48
86
38
32
15
19
91
29
28
55
96
68
8
91
49
86
36
98
85
49
97
92
50
18
16
87
5
14
34
48
99
82
34
89
15
1
60
58
31
89
13
27
9
73
70
58
59
58
8
96
59
5
88
9
24
4
48
81
71
83
82
22
17
68
12
84
70
24
94
1
65
7
80
74
32
2
84
44
60
92
40
19
50
29
80
26
85
81
7
56
16
89
31
33
58
95
70
80
19
64
81
85
24
13
11
56
67
96
0
79
40
41
50
42
22
82
68
7
63
76
16
79
17
99
65
27
94
35
7
13
99
40
50
23
