893
18
90
23
54
93
74
22
51
61
72
72
47
91
73
26
95
41
44
48
82
57
65
79
74
82
83
91
77
82
26
15
0
68
91
7
62
65
29
65
78
2
38
26
45
63
4
93
4
0
93
86
9
58
66
35
93
1
26
70
35
52
37
36
21
28
95
35
46
24
0
24
78
90
2
76
54
6
69
10
6
62
49
15
73
67
50
66
68
76
88
3
81
77
91
2
6
86
89
52
63
41
28
41
84
31
69
38
37
38
0
44
53
49
11
78
16
62
96
36
38
36
92
71
13
83
73
19
22
14
23
85
56
52
78
40
83
48
30
20
38
82
16
91
32
28
21
0
42
17
37
80
53
29
52
67
64
77
38
86
44
62
23
0
66
2
92
49
2
22
21
40
4
90
84
88
70
5
41
12
75
78
44
80
59
48
47
75
78
38
14
22
52
37
22
18
91
14
19
93
88
92
86
44
34
70
85
4
27
26
16
2
56
13
83
67
61
82
42
39
72
56
61
24
46
35
94
89
1
65
35
41
58
21
86
44
43
71
49
70
49
17
25
5
82
60
72
44
94
14
35
67
23
97
43
21
84
90
10
86
55
97
27
65
70
65
10
13
88
11
36
37
28
13
42
63
73
14
7
19
81
42
38
56
91
34
77
76
24
39
14
79
37
41
45
7
59
7
73
47
18
9
85
98
74
27
61
47
94
20
18
75
63
57
83
6
91
60
82
67
51
48
46
40
90
43
0
49
50
73
96
20
34
33
19
8
61
32
7
55
53
77
82
16
86
65
74
77
77
9
96
80
57
95
21
99
38
73
48
41
46
97
13
32
82
32
92
43
65
99
50
18
28
84
86
15
1
12
44
30
21
41
11
79
36
84
78
26
57
79
19
55
28
33
87
10
17
79
6
34
30
56
4
58
93
90
25
94
55
70
77
76
11
88
55
99
24
34
25
81
65
97
36
93
30
75
3
47
6
9
82
88
18
86
98
11
29
24
57
84
94
34
12
57
74
68
56
50
54
81
31
19
30
19
12
60
46
15
60
52
77
94
40
95
80
39
58
61
15
15
97
9
2
10
66
28
30
22
79
84
55
62
3
86
34
67
98
80
82
58
85
11
52
25
6
85
16
64
98
31
32
48
92
86
58
10
14
40
32
93
24
40
8
79
78
42
46
76
22
80
87
7
92
91
85
50
76
53
67
27
37
99
75
29
37
85
40
51
25
24
97
49
16
5
80
46
47
26
75
21
6
62
29
98
53
66
49
82
71
16
61
8
67
36
90
4
73
82
7
98
58
56
99
27
61
79
73
60
57
48
82
63
62
63
14
68
81
15
2
52
83
63
13
2
51
55
58
24
89
65
74
47
22
25
74
35
56
0
48
13
48
82
28
11
97
94
79
78
9
81
82
92
44
47
46
47
2
4
71
91
22
97
91
96
74
17
31
30
17
31
95
66
13
23
77
62
18
8
92
79
89
27
24
85
74
70
84
29
27
7
72
49
4
63
45
78
81
28
60
98
60
55
16
25
30
45
88
0
53
80
80
94
7
56
31
34
26
15
63
53
22
35
54
78
51
99
8
32
28
68
82
40
75
99
17
6
96
5
58
2
38
38
48
97
46
80
31
73
47
46
78
22
34
33
0
85
84
9
17
64
29
51
4
5
2
22
63
99
79
21
53
69
12
1
67
58
81
50
83
81
49
14
3
83
99
3
68
83
64
37
0
94
40
4
51
43
78
14
94
10
87
47
79
51
48
98
62
82
49
45
63
50
11
66
33
62
21
53
98
86
90
98
80
30
2
83
25
33
97
71
43
36
70
22
88
19
21
50
53
22
47
68
72
59
86
57
21
7
10
19
93
52
17
25
82
72
8
60
5
57
31
0
94
2
22
82
73
95
32
78
17
79
46
41
90
84
98
12
91
8
83
37
60
53
14
95
25
75
7
82
32
90
82
78
44
56
60
69
52
44
47
21
76
45
63
66
29
61
30
73
22
66
10
34
19
24
81
96
99
88
30
84
31
12
