955
91
1
29
70
14
29
64
28
20
18
95
50
32
40
17
76
14
69
80
36
30
54
88
98
8
58
26
57
72
46
97
15
99
79
86
13
60
2
93
80
20
89
30
4
81
0
32
47
21
65
83
4
19
72
2
27
82
81
84
6
79
34
22
78
65
60
44
25
62
37
6
35
78
88
39
60
40
24
59
62
89
43
18
8
67
72
88
49
53
72
7
84
58
29
15
23
41
59
49
56
48
7
91
27
47
82
39
88
6
98
2
95
93
72
56
60
44
44
61
50
68
69
34
27
50
49
2
92
60
51
48
9
10
91
88
10
73
79
50
32
77
52
79
71
76
35
83
20
31
45
70
0
14
57
79
64
6
81
8
19
85
8
28
95
99
16
5
25
95
55
57
24
59
88
47
35
24
83
8
7
28
78
7
42
87
86
58
94
68
19
65
53
27
93
0
27
61
58
52
8
65
61
84
77
49
32
64
25
67
72
33
95
3
92
89
90
79
99
36
99
18
1
4
46
46
56
73
7
14
77
67
32
90
52
9
39
36
73
65
3
98
50
50
53
42
39
43
73
38
32
72
57
85
28
55
32
85
80
91
99
57
11
31
47
63
92
38
51
66
55
54
16
5
4
69
48
95
64
21
85
48
46
94
34
74
49
18
59
29
61
11
38
72
42
37
35
35
28
86
53
83
92
69
89
48
90
89
43
6
62
29
55
60
75
41
35
25
59
46
6
20
57
45
45
0
34
80
87
62
19
92
46
63
13
87
64
3
28
7
9
90
88
16
3
64
57
38
41
16
84
47
89
94
44
34
46
79
66
33
41
37
25
39
1
38
26
65
93
54
24
54
97
65
71
0
81
28
90
74
45
26
21
86
20
18
20
66
97
86
51
90
76
28
30
77
18
56
94
11
63
70
66
12
87
89
64
68
17
6
94
14
32
16
0
5
86
20
71
83
59
75
73
87
3
55
64
22
64
10
33
79
32
51
91
20
40
7
40
10
13
35
24
45
3
25
50
89
97
74
24
8
49
49
95
52
5
11
26
69
21
12
48
54
63
91
26
56
98
66
66
63
53
42
8
56
67
11
97
65
37
21
25
86
23
21
90
28
32
17
49
6
29
49
12
44
92
38
52
90
56
70
53
10
13
13
18
80
76
68
97
13
89
23
51
12
96
42
92
28
11
41
86
92
42
98
88
34
88
41
24
45
63
29
7
76
95
77
9
71
45
58
85
87
33
36
99
29
30
44
10
93
85
96
85
80
47
74
14
35
67
91
32
30
72
39
59
67
69
68
39
14
78
76
1
12
64
53
41
47
97
3
40
34
0
26
14
47
0
81
34
19
72
67
49
44
6
8
12
27
28
3
42
7
31
95
19
95
48
12
42
97
16
35
84
68
61
98
15
13
79
49
32
3
68
33
48
27
42
12
54
22
67
48
29
50
44
0
45
44
13
40
42
29
75
26
49
88
76
16
1
8
17
85
11
86
18
11
13
12
75
67
35
94
16
64
44
12
65
42
56
30
34
50
11
61
28
60
49
57
76
2
65
93
87
28
31
57
92
44
70
19
12
57
14
80
21
58
92
38
0
0
20
34
51
31
95
79
91
96
88
19
98
53
65
37
34
96
95
78
41
17
97
5
74
11
37
47
22
29
38
22
29
58
9
32
90
56
64
33
53
52
53
3
58
70
93
44
66
88
22
59
57
19
64
31
83
53
78
5
82
16
79
64
75
88
96
17
97
12
50
2
65
55
57
75
25
50
19
44
90
93
3
47
12
20
78
95
73
9
52
8
77
32
72
4
20
20
21
69
85
72
71
2
79
29
77
5
31
48
49
22
41
4
69
5
24
0
53
50
9
5
58
86
37
82
43
10
2
64
79
39
88
3
41
68
84
18
25
15
18
26
37
59
30
59
65
7
59
70
57
68
75
15
6
13
97
1
23
51
66
54
91
6
57
32
26
93
3
51
61
21
77
98
33
60
9
50
67
68
20
24
88
95
39
47
8
88
48
83
39
14
38
30
73
47
63
99
41
18
51
2
39
80
52
72
40
62
22
59
82
94
83
71
90
74
18
50
62
66
34
2
33
72
32
58
71
47
57
12
65
60
66
57
41
71
81
33
33
56
93
67
50
76
38
40
51
8
91
13
27
77
67
12
49
0
