913
34
36
76
20
21
51
12
85
18
8
51
60
61
22
83
55
11
31
6
79
59
22
10
24
78
8
25
82
98
6
99
84
94
76
56
15
79
69
52
49
29
3
10
90
77
45
45
89
29
51
68
88
26
30
13
56
38
90
39
88
96
90
72
42
18
29
9
98
98
61
47
27
64
9
70
94
7
67
83
36
19
51
24
45
34
37
53
72
27
92
61
75
83
33
17
53
14
26
51
12
39
51
92
56
12
14
50
19
81
33
55
52
36
32
49
70
21
3
43
49
95
4
76
30
89
46
84
4
24
87
68
64
90
12
20
3
26
70
74
8
55
82
12
91
14
62
62
35
65
57
36
12
13
65
43
2
11
79
58
35
18
79
51
9
91
71
64
70
93
90
30
48
72
42
92
38
4
54
26
69
63
62
34
76
79
77
78
90
8
89
78
26
68
81
87
11
53
3
81
98
94
63
99
18
6
91
57
62
45
35
84
60
49
18
36
29
47
66
71
7
55
49
33
23
83
73
87
36
28
68
86
22
84
85
93
90
76
2
4
73
37
88
33
86
58
21
15
5
88
87
64
43
88
50
19
71
23
6
59
51
26
98
26
10
83
19
52
12
21
9
37
10
49
23
96
8
44
64
65
32
3
30
28
43
80
47
15
55
5
26
6
31
24
84
94
60
3
98
24
76
7
13
86
57
36
35
17
33
51
82
65
54
12
93
97
44
92
64
99
97
91
58
81
67
42
27
79
98
25
55
26
85
69
65
42
5
52
59
90
3
93
56
57
58
1
54
2
46
71
54
95
62
12
76
81
6
55
13
56
81
68
35
18
37
52
60
95
4
71
85
7
64
93
64
22
47
70
77
93
41
31
40
55
95
69
89
53
24
2
62
57
70
97
75
60
49
87
55
53
58
92
12
75
38
28
49
85
98
26
30
92
9
70
99
4
91
88
10
16
90
72
25
13
21
1
73
22
40
80
27
99
24
39
26
62
67
75
99
17
2
81
9
11
4
9
68
95
97
30
11
40
54
89
5
75
90
30
49
30
62
76
81
86
15
7
1
34
35
0
51
37
82
61
0
86
22
20
81
71
50
45
63
56
34
68
31
76
98
80
58
60
8
92
99
23
51
0
9
86
0
61
75
34
74
76
20
96
48
54
19
51
51
83
7
37
51
91
13
2
23
23
14
32
15
13
55
19
65
65
5
66
78
81
52
52
9
73
0
57
79
19
8
82
2
68
19
6
59
84
8
82
7
74
14
75
40
22
94
5
39
99
23
17
32
76
21
41
1
21
51
32
40
11
14
95
79
33
1
90
17
61
25
76
35
39
3
75
13
49
81
52
1
4
21
33
32
42
75
33
63
26
65
56
37
79
51
69
64
52
59
33
13
84
10
0
76
65
76
41
15
9
94
16
65
67
49
98
10
76
83
25
54
49
33
44
80
84
65
97
88
24
30
53
61
40
54
89
6
30
30
73
91
76
89
56
44
90
54
6
19
90
83
73
91
17
69
71
53
34
68
42
11
51
95
24
91
1
13
49
83
95
74
74
72
63
31
68
54
37
26
25
27
9
98
18
78
20
42
32
54
62
26
17
13
73
41
57
75
6
58
58
54
33
33
26
48
16
46
2
53
72
27
33
33
78
3
12
98
45
44
4
60
22
74
73
95
67
82
70
74
41
81
28
26
66
6
74
82
4
29
35
76
8
20
9
38
24
73
88
69
69
93
81
91
19
7
39
86
89
9
60
82
42
40
8
8
98
35
90
54
64
78
30
24
98
92
63
22
17
51
44
87
96
25
78
15
32
17
2
22
79
14
56
73
7
17
82
5
52
24
60
68
2
42
92
53
86
55
75
4
7
71
43
55
97
73
71
29
43
73
3
74
39
60
47
46
77
81
4
81
6
16
49
60
58
93
13
97
49
41
53
8
12
96
63
9
69
86
91
64
11
94
38
51
6
86
97
35
67
53
16
25
69
17
86
80
63
51
77
12
44
82
72
57
78
87
18
99
26
9
64
37
56
2
88
14
40
38
50
60
91
18
37
13
88
23
93
51
27
70
15
71
52
