746
32
60
73
45
0
21
28
51
91
64
42
21
80
27
53
60
63
58
18
4
73
27
40
26
4
19
91
48
60
67
22
92
80
95
89
80
16
70
83
59
34
26
32
66
5
38
26
68
48
96
25
21
75
65
47
32
36
90
80
48
9
54
93
89
50
82
21
18
4
5
30
90
83
62
56
88
0
35
9
48
31
86
21
7
3
20
39
39
10
71
39
20
26
32
61
28
67
83
98
23
40
28
14
23
43
70
63
95
5
24
96
89
10
17
48
13
90
39
4
0
10
96
72
88
28
34
16
47
69
67
71
9
95
85
84
90
7
99
86
65
24
82
54
34
51
2
0
41
41
56
94
3
52
18
92
33
4
60
80
25
27
3
34
75
40
70
17
48
70
3
13
94
37
19
80
41
73
32
34
14
89
80
69
41
99
61
74
55
74
7
81
53
10
67
28
3
38
98
51
60
1
16
6
91
87
38
84
60
71
18
26
12
51
95
5
2
9
32
57
83
39
90
36
1
58
17
4
48
15
7
8
68
75
66
11
62
4
95
22
27
66
48
39
17
44
45
71
5
77
28
88
68
19
76
21
29
45
78
77
60
37
37
81
13
3
92
75
59
88
98
39
6
98
30
23
94
27
94
99
56
74
87
24
45
16
98
74
61
76
3
74
13
40
55
26
95
47
54
7
87
4
46
93
2
28
16
97
56
62
96
12
89
36
89
86
4
87
13
65
15
16
39
28
9
94
7
56
94
61
15
81
17
13
75
19
42
43
68
98
6
17
10
47
53
99
33
9
38
46
74
53
15
66
82
76
60
41
32
54
54
0
36
71
13
63
42
55
6
11
5
64
28
68
11
33
67
97
42
58
95
16
11
10
82
45
38
95
86
71
1
92
23
89
63
36
52
6
44
59
17
49
23
97
17
87
30
37
84
72
95
79
40
6
42
75
52
80
70
90
3
23
83
78
13
98
15
17
56
59
76
25
8
52
22
78
39
52
15
75
76
62
6
17
68
48
92
72
81
14
15
36
37
98
15
2
48
82
20
5
41
48
30
1
0
53
79
91
57
46
66
34
8
73
3
29
73
95
1
54
61
68
43
98
18
10
53
67
92
73
72
85
21
54
86
74
7
18
65
17
64
32
51
25
5
54
54
78
1
7
85
62
76
80
12
94
42
65
61
34
90
85
19
12
92
57
38
51
75
3
68
92
35
71
17
92
25
71
23
78
30
60
92
6
92
5
53
34
70
66
68
61
4
39
25
96
96
63
47
24
66
16
16
54
87
85
98
65
8
21
95
38
33
88
97
25
93
50
59
15
16
79
28
20
18
53
16
67
68
64
91
87
32
7
93
19
92
91
36
0
65
32
90
98
20
87
76
65
37
35
80
6
67
9
26
85
14
95
52
83
11
95
22
43
54
15
14
98
6
51
50
23
35
41
22
7
28
50
72
18
85
4
24
4
13
50
90
80
97
94
63
8
42
85
51
96
52
18
95
58
21
45
34
56
86
56
15
67
6
87
85
43
91
9
48
57
11
90
37
9
36
52
17
78
89
21
75
41
39
22
51
60
67
85
68
6
93
83
73
51
22
58
95
13
67
95
22
30
37
11
39
73
63
57
4
52
30
31
45
69
53
97
81
72
34
49
30
28
32
3
79
54
13
26
19
32
21
94
63
10
5
2
36
69
11
40
73
