470
26
22
79
98
10
37
78
14
81
47
7
16
1
17
93
39
58
51
25
53
62
43
15
90
90
32
47
37
39
74
25
65
96
4
63
58
94
94
24
27
41
84
43
94
1
36
85
59
40
62
65
2
5
80
44
95
65
43
84
4
18
9
69
66
66
84
77
12
78
1
39
71
85
34
17
86
71
2
46
11
16
11
65
73
43
10
21
8
53
5
12
23
15
33
42
33
18
19
45
48
20
36
72
6
70
41
44
93
44
42
56
12
53
22
86
49
84
7
57
89
12
22
13
79
55
7
12
25
26
9
74
98
97
98
56
68
39
53
61
35
95
18
48
49
92
34
50
76
41
7
17
53
29
82
33
37
89
97
62
67
59
88
18
56
86
26
76
26
79
38
13
75
8
61
76
52
95
26
80
88
33
97
94
15
80
79
52
21
76
66
89
35
55
59
92
93
85
68
71
65
58
85
40
18
46
16
70
94
42
2
34
27
0
28
42
32
7
46
53
36
13
94
71
20
53
15
13
39
36
85
56
46
22
96
17
68
64
39
14
58
42
49
37
42
29
80
26
37
78
79
73
43
26
96
15
79
64
29
70
0
66
78
98
88
26
15
8
90
55
23
0
97
24
38
91
53
70
17
90
48
48
15
44
74
64
59
6
28
40
28
80
58
7
30
46
33
46
7
76
1
30
76
50
6
66
41
59
36
10
2
37
10
69
81
85
33
92
43
13
33
23
45
91
30
76
90
16
22
97
92
75
79
20
25
85
87
18
96
75
80
98
12
90
68
93
27
53
38
70
67
71
94
64
14
76
40
56
92
14
5
36
89
84
9
66
21
48
36
18
23
16
68
36
7
88
81
34
42
19
57
61
42
51
25
9
27
66
65
72
80
71
60
22
7
69
88
81
17
77
99
93
93
19
29
0
8
62
87
50
82
44
63
76
95
88
85
74
6
51
98
87
74
59
61
81
80
1
62
50
78
13
43
72
85
24
24
93
86
11
95
20
55
58
97
2
98
82
77
5
33
27
44
59
86
5
41
19
58
55
69
37
21
64
61
6
88
85
99
26
49
