521
53
33
60
45
2
43
22
80
48
99
71
40
35
45
15
86
39
28
54
23
23
21
29
51
45
75
30
25
8
55
99
62
89
59
59
43
54
82
75
2
33
46
43
69
92
10
55
83
38
62
6
13
83
88
64
80
63
94
58
71
2
57
85
43
17
97
38
23
79
13
26
64
60
21
33
4
83
41
39
73
55
46
87
38
34
51
70
49
98
80
72
0
38
58
95
7
7
33
30
38
46
8
2
58
81
88
14
64
29
54
90
84
52
77
74
38
28
96
87
26
77
11
78
67
21
73
74
28
58
56
66
5
17
69
15
50
57
82
15
38
88
57
74
40
34
0
30
62
48
69
41
77
80
71
44
2
97
70
30
55
79
97
12
96
18
28
98
27
62
65
65
50
22
91
42
56
91
72
71
39
93
12
17
73
35
13
75
32
84
58
88
15
7
0
11
25
80
61
52
42
27
69
44
49
60
38
6
3
10
77
42
55
41
11
29
76
77
56
9
61
14
97
28
73
49
39
98
30
0
2
24
79
71
21
29
83
59
35
86
22
64
81
77
5
44
58
81
21
15
42
34
81
91
62
55
41
53
53
23
6
8
99
85
79
20
14
63
32
1
1
54
65
82
31
70
79
42
4
0
57
46
35
38
90
49
93
31
3
99
6
61
7
5
46
38
78
61
53
10
14
55
64
80
89
47
50
68
89
6
21
46
5
8
37
95
57
82
78
12
33
84
73
40
89
20
31
67
33
84
77
47
91
93
79
33
41
82
53
82
88
74
81
93
34
18
40
92
52
18
56
86
2
30
78
44
2
9
11
87
94
41
86
37
34
66
70
27
48
24
10
88
50
91
34
85
61
74
29
13
45
85
51
47
67
30
91
21
39
55
8
85
96
47
23
82
13
45
10
13
21
72
1
24
63
35
9
76
10
90
41
55
27
93
54
95
23
98
68
14
5
29
0
53
76
75
35
41
72
97
54
94
69
55
18
32
91
79
60
53
69
2
60
96
95
66
43
70
64
12
84
69
93
84
74
69
11
10
10
84
7
16
78
77
71
48
61
14
27
22
19
48
76
31
44
71
98
40
41
14
4
77
36
97
14
10
18
25
20
80
61
80
96
91
9
19
39
70
34
18
44
5
66
20
37
11
43
87
51
36
1
55
14
37
4
80
0
22
57
72
2
19
