705
11
97
2
8
94
8
60
98
55
72
21
60
30
19
21
35
98
21
63
84
0
86
62
98
91
43
84
99
99
66
47
62
64
1
70
58
61
82
8
17
54
81
29
85
0
50
72
50
71
35
35
24
21
49
74
12
44
58
63
43
24
62
58
88
15
80
98
77
63
6
46
69
87
75
6
39
77
30
90
0
66
77
24
39
26
98
4
22
8
19
66
33
82
76
73
97
56
72
26
71
30
72
93
18
47
99
9
76
82
51
77
48
28
1
39
6
52
43
29
12
15
47
45
97
23
71
46
31
43
73
3
25
45
96
95
45
47
5
73
29
56
50
29
37
4
21
95
8
16
24
20
31
23
18
80
98
89
27
30
84
0
85
9
97
33
5
94
32
62
68
14
18
70
95
7
74
16
3
82
33
79
55
16
55
73
97
53
14
24
35
98
76
72
59
25
5
16
72
38
30
40
52
1
10
47
8
37
16
11
19
1
43
74
17
98
99
14
51
13
90
39
63
18
11
75
44
17
91
16
7
22
8
11
75
70
58
83
7
26
47
79
27
90
5
45
88
5
11
91
70
54
30
86
24
42
61
68
11
4
36
18
78
96
29
53
67
39
37
26
66
84
5
45
26
63
42
14
20
6
57
42
60
88
28
84
82
89
5
93
94
93
63
72
42
44
78
9
35
15
87
1
51
45
99
77
8
41
43
80
47
0
22
59
40
51
44
22
40
1
67
86
46
30
11
88
26
89
49
62
56
37
15
59
34
14
36
42
56
31
74
55
83
96
15
24
47
11
98
40
12
66
78
58
48
89
99
75
30
48
37
38
37
52
97
71
19
85
65
75
68
39
30
52
88
97
76
87
8
74
27
20
92
58
31
41
99
82
68
82
30
5
20
20
9
18
43
28
55
9
55
24
0
38
76
40
35
4
28
44
30
7
16
23
65
47
16
65
29
84
47
12
41
67
84
50
37
27
31
45
88
86
69
41
76
97
81
12
53
9
8
83
17
24
6
82
24
74
99
5
58
46
69
99
66
53
2
55
81
33
52
69
71
21
10
48
70
44
60
23
53
68
7
22
44
65
5
68
40
56
74
50
55
43
50
21
97
4
28
30
37
81
51
8
54
14
56
25
58
68
0
11
88
59
86
33
25
43
1
17
99
75
67
54
71
69
27
20
73
8
50
62
89
1
71
95
15
79
72
25
0
73
89
88
32
75
21
9
18
75
78
17
2
98
72
73
67
51
93
93
59
43
55
0
97
78
96
64
10
20
90
10
45
79
98
30
54
72
39
72
47
70
41
49
68
65
23
35
17
68
80
28
64
36
29
61
66
77
25
76
97
67
86
95
46
37
25
0
61
16
24
8
86
66
9
54
83
84
42
0
53
22
29
69
10
10
30
29
39
7
5
88
75
44
83
73
33
8
26
94
25
50
54
11
68
63
18
52
48
60
4
53
34
85
22
97
47
4
26
86
63
83
75
90
79
58
64
12
19
90
58
96
92
12
59
13
28
77
65
28
89
21
33
24
7
7
21
54
11
99
41
26
82
68
17
62
78
33
26
49
75
85
45
67
49
5
80
77
82
97
57
72
19
90
48
78
