363
81
42
56
84
29
10
8
55
43
78
14
17
28
31
11
48
16
95
47
36
70
43
63
12
59
20
13
66
68
46
15
1
40
72
86
70
34
46
77
77
24
92
46
52
23
57
53
91
4
0
79
26
95
94
39
54
66
4
20
35
2
88
88
42
60
74
12
46
72
90
75
96
34
21
1
9
79
54
0
35
54
31
62
49
26
1
55
92
57
28
79
59
16
68
1
76
94
14
74
19
56
49
15
90
70
68
51
1
22
51
37
76
34
99
77
60
52
33
5
9
13
36
20
29
4
21
57
51
87
31
70
95
80
37
85
50
6
36
52
80
39
41
9
74
92
86
86
96
71
43
57
84
80
77
13
36
98
22
39
38
53
9
33
33
99
71
36
57
59
40
37
99
81
46
25
25
85
63
21
8
7
78
45
39
55
10
75
5
33
15
95
86
76
81
72
27
52
8
84
11
0
74
62
33
20
39
58
57
3
31
18
62
9
63
1
16
73
76
73
6
43
21
45
20
2
17
47
54
77
84
17
29
58
80
62
30
19
72
88
74
3
6
36
64
21
89
32
94
66
57
53
61
78
98
81
80
67
81
86
96
65
4
25
23
84
39
53
55
63
93
30
66
51
18
82
72
8
14
19
26
71
72
87
2
22
21
34
41
2
21
37
19
25
14
42
61
5
47
16
68
93
98
86
44
17
68
69
25
34
88
3
57
60
90
59
34
63
94
75
65
67
64
36
44
30
78
5
35
78
73
55
71
72
41
15
41
9
84
18
95
24
21
52
84
63
64
70
27
10
97
44
77
61
81
21
91
11
78
78
89
51
33
60
