210
96
0
39
96
54
58
42
84
6
54
10
56
55
53
92
6
84
23
66
82
11
14
30
2
6
82
99
14
53
34
17
50
35
57
98
41
15
92
25
21
47
87
30
2
40
22
60
76
45
27
11
9
93
41
11
99
75
10
13
81
97
83
31
32
40
81
73
7
73
50
81
20
37
11
75
29
85
87
58
82
66
69
91
59
62
2
59
90
65
24
71
62
7
54
46
99
35
19
7
8
21
88
81
58
99
8
39
36
95
97
18
62
66
10
73
81
64
32
23
29
9
94
43
16
0
89
16
35
60
75
95
81
63
28
91
14
36
31
50
84
28
68
98
47
30
71
80
95
56
3
76
65
49
20
33
49
9
49
84
22
76
31
3
39
60
47
5
48
78
55
32
58
76
82
57
58
54
37
53
62
40
82
27
89
54
60
38
15
62
74
37
38
58
93
30
70
40
35
18
70
43
3
28
71
85
86
29
91
23
35
