949
65
16
11
91
91
42
82
33
39
71
53
24
59
17
73
88
79
36
2
27
19
1
47
96
3
58
24
84
98
79
93
64
47
4
55
91
98
37
24
37
8
29
14
68
98
39
8
78
75
10
5
46
12
53
43
15
63
67
51
61
98
44
25
45
1
32
88
99
69
64
89
30
93
3
50
92
42
58
70
70
20
75
16
32
80
11
99
43
78
50
57
28
47
34
26
48
67
14
99
88
79
88
18
24
43
20
68
38
30
38
8
51
66
76
83
98
88
35
94
18
85
51
47
32
85
73
32
52
39
32
41
70
72
11
47
16
84
15
6
66
54
66
17
72
42
53
70
30
88
64
49
25
67
96
10
53
21
42
57
12
26
50
35
99
14
82
67
98
97
73
16
3
39
34
75
81
39
98
12
79
14
13
56
82
9
66
87
82
61
44
94
87
47
81
38
61
63
5
11
61
30
27
16
69
13
44
3
4
42
67
35
8
80
92
90
41
58
77
23
19
74
69
59
21
51
97
34
66
3
45
27
33
24
44
55
90
40
10
94
82
77
30
90
9
22
33
50
32
62
25
4
88
46
63
61
49
60
95
16
15
92
95
1
69
91
8
59
31
18
53
65
47
35
8
56
57
41
58
42
55
35
46
44
81
61
5
83
21
53
51
89
45
46
90
14
38
50
25
21
68
79
87
15
66
95
23
76
88
33
18
43
68
64
39
1
77
45
36
98
98
87
39
95
34
81
62
24
31
87
45
51
18
84
18
85
79
41
61
19
26
79
15
94
95
54
48
72
99
84
22
49
72
14
97
58
95
59
82
79
98
27
30
17
12
49
2
43
42
15
63
69
94
30
15
41
84
63
65
36
0
39
85
72
53
34
30
1
93
12
80
44
91
62
61
55
11
15
51
6
30
66
75
76
96
42
17
80
6
34
16
6
73
54
30
79
88
12
80
34
76
12
78
67
74
91
75
38
6
26
96
36
92
71
64
88
65
33
20
71
67
37
29
92
43
11
23
31
23
55
17
99
67
47
19
94
38
46
84
96
72
80
32
16
3
48
56
68
81
76
92
48
65
21
93
8
85
16
92
8
72
9
60
91
9
31
85
47
77
21
44
1
1
28
17
56
77
73
25
58
1
17
59
67
90
52
27
27
20
19
36
92
81
48
84
90
79
21
89
8
43
85
9
96
66
26
53
43
51
78
53
4
47
64
71
89
68
51
17
89
70
5
81
3
53
17
93
84
39
35
92
82
20
1
30
86
79
83
81
30
13
87
86
12
51
10
2
20
61
71
61
83
76
94
87
81
12
32
65
3
67
57
37
40
10
67
78
89
51
60
71
16
47
57
29
50
67
31
22
80
2
83
64
78
78
3
11
42
35
76
45
55
85
34
95
95
1
25
36
4
85
7
21
84
16
50
87
36
81
9
16
35
45
32
65
75
35
76
17
71
52
14
78
37
48
25
84
49
50
20
6
88
79
27
72
95
77
11
83
58
21
0
93
18
84
58
93
20
34
62
43
38
76
73
27
76
98
11
77
48
83
83
88
62
10
13
9
87
24
93
97
97
45
42
15
81
52
8
1
38
22
96
76
50
69
55
26
67
66
56
68
1
39
56
15
2
69
25
41
94
70
39
91
15
33
59
96
86
19
50
24
42
98
53
92
68
8
71
87
27
27
7
28
18
64
44
72
85
21
14
31
91
5
75
58
38
34
6
76
53
56
1
95
55
6
40
75
14
11
62
93
38
70
74
8
86
70
81
71
91
47
3
34
52
78
92
42
64
98
19
17
7
72
65
14
78
5
89
44
16
3
38
6
25
12
66
63
34
47
35
25
94
90
59
98
20
3
41
84
1
12
53
60
84
18
74
62
75
15
58
43
71
96
1
48
60
68
12
94
67
99
71
14
89
82
12
61
85
5
97
39
17
50
99
53
21
26
67
48
93
26
92
64
74
93
13
87
13
25
33
33
76
5
47
17
39
11
78
25
69
27
16
38
29
67
92
2
93
59
51
39
85
43
3
12
88
68
99
54
45
32
87
21
89
34
38
29
97
68
6
66
95
22
5
77
89
97
79
35
8
30
74
46
25
29
58
14
50
57
20
47
89
7
69
31
93
59
60
90
80
66
57
27
40
14
4
81
11
84
68
