269
21
46
83
54
1
27
19
52
51
66
20
86
79
75
64
28
12
63
85
23
72
72
57
71
27
14
9
5
7
75
50
80
73
86
34
75
13
53
79
64
71
51
2
2
79
66
30
91
29
67
14
1
39
72
24
66
38
33
72
97
8
74
77
34
60
63
9
25
16
40
89
87
91
91
41
70
57
71
14
38
90
28
39
30
52
16
48
90
49
72
39
10
47
16
44
59
79
5
85
47
45
26
86
88
18
27
59
27
50
73
66
41
53
57
23
6
25
71
48
75
96
88
85
95
56
29
54
36
34
91
35
31
18
22
19
88
1
78
67
4
3
85
45
57
95
20
15
20
43
63
95
39
3
32
34
60
61
41
48
47
84
83
78
54
57
98
42
11
28
62
15
84
47
12
41
94
32
8
15
75
23
62
15
27
95
1
87
8
94
35
8
79
70
86
33
28
36
28
39
65
42
6
49
89
18
42
36
50
50
51
25
73
65
92
52
12
46
39
21
40
26
29
71
97
67
5
77
56
85
68
21
27
74
22
68
44
16
4
94
18
7
71
43
73
16
96
85
62
87
58
54
14
39
26
63
59
83
92
15
20
12
88
47
38
10
67
82
78
24
