424
32
99
95
91
60
81
44
91
24
33
11
23
94
16
71
74
71
92
97
22
4
39
87
34
83
34
67
67
85
55
99
70
6
94
61
67
75
57
10
0
42
21
75
36
89
46
10
13
38
60
87
94
51
74
81
34
8
48
2
46
55
1
16
14
48
77
33
23
86
43
75
28
16
50
65
58
96
27
71
86
87
58
33
38
84
14
25
92
14
79
38
70
80
6
36
28
35
69
4
21
12
79
2
80
30
67
38
26
46
61
65
34
19
98
24
3
12
49
48
26
28
38
48
61
45
84
41
32
5
45
54
69
25
8
50
7
75
40
85
73
2
50
7
21
0
84
77
12
85
77
91
66
67
91
27
64
28
20
97
33
18
51
55
43
59
57
2
86
97
87
59
99
90
19
73
90
55
2
55
40
31
98
58
98
89
85
63
17
58
60
3
76
63
10
71
74
67
73
12
16
12
23
16
2
94
41
93
49
43
0
42
74
98
0
24
87
38
87
57
96
99
12
24
62
22
95
88
89
20
0
5
32
24
73
35
70
14
80
20
9
80
14
35
78
14
60
17
4
47
74
52
47
86
76
61
8
23
50
49
43
2
7
76
78
32
63
49
47
95
21
8
27
35
44
5
1
4
22
6
3
49
58
50
35
35
64
96
10
66
97
54
68
4
82
99
37
97
48
36
92
69
44
19
56
88
76
57
44
50
15
48
99
74
50
87
61
14
35
71
32
32
77
53
89
59
52
78
56
0
14
0
21
10
19
29
99
47
86
95
98
54
43
97
28
94
36
41
60
71
64
93
4
42
46
45
1
50
23
10
2
37
10
23
47
82
4
98
29
42
46
27
96
89
77
76
35
13
17
96
37
82
41
41
76
39
38
29
89
61
39
91
98
2
66
97
36
70
48
65
12
94
45
61
35
22
37
71
87
55
19
24
89
60
17
65
51
55
46
92
68
86
35
66
40
