344
50
53
60
54
10
1
46
20
86
20
71
8
34
40
48
58
38
45
54
28
96
57
97
37
46
59
3
38
98
36
76
48
89
36
54
51
37
0
71
75
20
94
36
7
86
84
65
24
29
72
53
25
29
2
63
75
13
18
13
11
6
90
11
47
78
17
99
68
17
22
43
89
17
79
96
3
63
14
80
44
86
85
22
15
39
37
91
52
55
56
15
61
98
26
8
77
95
59
97
64
82
40
53
51
20
2
54
35
68
86
32
54
23
54
69
62
91
12
14
46
21
29
59
71
7
67
48
2
27
45
18
61
38
72
12
10
26
18
97
94
57
29
0
80
83
21
43
74
34
9
72
7
39
31
78
98
51
79
53
30
76
71
91
14
95
55
76
73
25
74
67
34
3
19
15
39
41
10
65
27
19
38
34
10
21
64
61
72
43
14
2
72
37
45
86
33
52
15
6
30
89
26
64
44
45
31
83
86
41
49
13
13
39
99
23
60
64
84
85
59
50
39
31
88
85
70
73
89
85
79
19
74
57
84
70
55
67
54
41
9
55
7
22
94
58
97
6
22
34
91
34
84
83
65
24
68
35
97
9
72
29
29
98
86
65
69
93
32
75
35
93
30
94
15
76
52
65
34
27
99
78
61
35
61
78
12
81
66
9
90
38
90
71
37
29
88
58
22
73
33
9
66
15
3
34
43
8
99
77
35
50
7
48
85
68
26
97
1
92
59
44
83
49
15
20
30
4
30
53
29
63
62
95
30
18
81
73
26
80
2
61
82
10
61
