647
30
15
77
33
97
84
91
77
33
24
53
87
90
80
18
47
56
40
82
7
31
80
47
44
79
90
23
2
97
72
85
28
39
62
61
88
98
52
17
84
29
71
71
71
51
41
71
59
33
5
66
65
85
66
61
65
8
84
19
5
8
5
33
47
19
94
35
70
99
53
54
80
76
77
51
27
18
22
87
51
28
5
68
13
23
29
30
31
65
2
37
73
7
22
72
26
69
8
48
68
13
2
48
89
79
51
68
49
26
7
1
54
65
21
19
88
3
2
72
68
4
9
94
63
83
66
41
52
26
90
20
39
92
20
28
24
72
97
73
98
56
26
4
21
48
75
10
3
77
34
23
33
43
17
96
26
36
90
31
62
80
51
2
72
24
30
48
96
79
22
46
88
48
2
9
48
77
71
3
7
5
27
92
0
96
89
79
32
79
10
95
11
13
97
83
37
79
32
85
11
6
83
99
6
85
8
7
63
32
10
22
37
89
14
90
86
55
69
18
86
79
13
97
92
62
33
82
42
17
67
53
23
51
4
29
88
64
88
3
96
99
25
86
88
92
76
26
47
45
45
34
76
58
31
20
73
64
2
15
81
22
20
56
25
76
38
13
40
26
17
89
77
94
75
18
86
3
44
34
0
89
68
76
0
51
96
73
68
51
40
1
73
12
58
98
88
96
63
28
74
80
69
52
75
44
70
13
99
14
47
99
56
67
75
8
71
24
33
39
75
73
40
48
37
50
98
25
98
61
5
73
94
75
25
21
71
95
34
71
61
82
70
69
1
98
77
72
22
62
63
97
87
56
97
24
58
47
49
57
8
7
30
54
82
55
75
5
2
10
76
15
44
99
85
97
97
14
22
19
77
85
68
64
93
17
89
52
16
90
9
76
97
91
31
31
98
6
37
0
68
65
67
12
64
4
10
13
19
84
32
96
69
52
12
63
21
53
67
37
96
76
14
93
67
45
77
17
3
66
69
72
31
36
36
48
41
98
61
60
82
46
8
4
98
72
19
72
26
86
9
22
62
75
67
81
72
96
50
76
62
19
0
94
55
36
42
48
87
55
60
69
1
68
73
0
93
92
24
71
30
33
45
44
61
12
25
33
61
75
61
23
94
61
69
2
50
63
50
37
19
11
6
20
31
32
72
24
76
96
47
7
82
92
51
43
57
29
76
18
56
38
93
3
51
63
5
1
78
7
38
97
18
97
18
2
29
90
78
5
39
26
64
21
70
16
64
27
45
40
97
1
30
91
4
82
6
61
35
84
69
74
82
39
71
52
41
52
94
20
9
33
98
74
54
68
90
18
96
87
11
45
40
93
36
97
27
94
58
63
31
79
89
13
19
12
17
12
64
11
32
73
97
30
47
3
99
89
74
47
28
37
92
69
30
81
66
10
27
24
25
58
56
14
23
75
26
40
87
42
4
72
15
53
54
15
56
5
56
30
52
85
67
97
54
50
30
20
