431
83
64
11
42
90
82
91
38
66
25
56
59
9
10
70
56
60
24
2
62
76
35
42
37
25
83
56
96
98
16
66
34
80
77
76
23
60
67
61
78
44
69
37
6
79
8
62
91
84
16
6
61
3
48
50
29
83
58
77
82
74
43
68
7
21
96
30
33
15
43
11
11
12
49
17
43
9
32
34
93
0
92
6
4
40
9
85
24
67
62
58
94
57
78
1
30
74
31
63
41
74
27
52
38
28
22
81
37
6
67
82
6
60
41
62
0
50
47
76
69
61
86
63
19
64
64
49
90
95
65
31
21
92
36
59
72
58
40
9
64
60
43
22
20
84
85
72
86
84
49
56
46
35
19
17
52
36
18
42
83
83
74
5
27
10
16
99
20
9
60
36
69
56
58
89
40
95
13
79
80
62
35
78
50
6
47
2
94
65
44
78
1
70
35
80
32
51
32
4
60
92
40
81
48
51
70
41
46
36
20
78
50
7
8
0
65
55
54
60
73
51
90
26
21
25
6
6
76
38
10
89
83
3
70
83
6
93
24
4
29
96
83
79
55
43
32
21
51
86
33
24
89
23
50
63
48
8
69
76
47
31
17
82
86
40
65
92
33
42
97
14
38
32
45
94
75
77
67
78
16
0
2
5
75
4
20
75
65
41
51
12
73
21
46
11
61
11
4
46
53
53
60
44
37
57
90
64
35
57
43
3
9
45
60
36
2
81
11
67
22
14
31
47
35
77
59
48
40
15
94
46
68
6
90
5
64
80
69
99
89
12
54
50
10
14
86
64
47
97
31
22
11
62
69
99
91
80
47
31
95
42
77
15
48
19
72
64
51
42
15
92
6
69
42
68
36
80
32
83
29
15
57
93
77
27
44
20
59
91
4
7
85
33
22
86
53
95
50
4
89
66
49
47
87
43
68
23
24
0
59
5
16
16
98
45
95
42
18
7
86
22
14
71
55
36
57
8
83
60
65
24
