224
85
74
1
49
58
96
81
16
82
37
40
77
89
54
75
98
36
65
65
28
96
39
40
16
89
19
81
86
47
0
0
32
26
54
81
85
50
14
1
84
3
93
13
92
47
88
42
35
54
59
63
2
51
55
18
40
74
51
79
73
51
79
5
78
85
38
15
87
4
16
71
7
9
36
0
8
25
94
43
31
54
58
33
5
14
3
97
40
55
76
14
58
8
71
88
93
62
3
33
66
71
56
74
80
93
26
40
70
20
83
1
26
94
86
31
8
41
81
0
48
9
14
7
17
38
95
63
52
51
96
18
22
52
44
55
97
70
95
67
43
31
20
69
25
6
53
85
0
34
85
48
43
52
55
13
42
3
76
94
6
24
64
28
28
9
83
26
31
31
45
74
62
66
96
39
24
49
24
24
35
61
73
78
13
80
43
7
35
71
1
41
95
18
70
76
27
5
54
10
36
99
37
50
65
33
89
42
34
65
66
69
27
91
99
92
72
95
0
59
66
53
1
62
71
