510
64
35
1
98
41
56
70
29
46
34
64
41
58
27
19
59
33
20
32
74
10
46
77
13
34
61
44
37
89
71
35
53
7
36
4
48
92
74
30
90
8
94
83
18
73
54
30
7
74
62
81
36
8
10
49
43
71
46
32
12
17
67
18
76
55
22
25
99
96
7
41
56
1
24
27
75
78
57
34
52
71
67
41
79
77
42
74
0
88
59
13
6
26
31
34
34
5
11
33
1
18
27
9
72
51
36
99
82
45
33
86
16
0
27
48
77
70
74
77
58
33
42
16
12
25
51
46
30
62
31
83
81
58
45
5
62
81
4
44
79
37
30
47
89
58
95
18
28
70
47
38
3
90
55
67
67
58
13
98
72
97
33
53
7
78
10
69
12
14
13
91
3
44
38
92
2
86
10
82
8
58
20
63
0
27
31
67
85
44
17
10
93
51
63
1
81
74
70
93
40
84
36
44
28
27
36
82
65
99
64
73
57
36
36
9
16
67
76
53
64
46
63
57
97
79
10
30
5
81
24
45
17
12
89
97
39
78
79
56
77
95
29
86
31
18
95
47
85
23
1
1
69
64
11
18
43
21
49
48
54
25
94
71
37
35
68
29
13
47
37
90
42
67
76
26
85
23
25
22
47
26
24
16
43
35
87
38
8
88
87
63
13
33
34
2
20
55
83
34
54
21
76
49
40
5
75
25
28
0
99
27
79
23
96
74
10
83
12
71
71
51
34
36
36
20
90
57
75
74
43
82
47
19
31
87
76
58
64
57
10
63
84
89
39
80
15
49
15
28
20
86
31
6
74
68
79
65
77
6
91
20
88
38
91
19
77
68
77
41
25
88
56
61
29
95
42
97
97
9
77
17
96
8
76
22
76
55
39
53
61
30
25
2
20
17
73
97
37
51
38
14
91
47
75
72
42
69
21
39
79
98
9
27
7
85
49
35
92
89
89
5
19
66
7
40
83
33
89
20
84
80
34
27
27
62
51
69
31
73
9
10
71
70
37
30
55
87
66
99
28
7
56
99
73
16
91
9
49
81
29
85
61
16
12
40
78
15
9
61
40
70
72
64
40
9
94
47
48
60
98
76
19
55
76
93
71
19
2
20
0
83
5
13
51
69
53
81
84
15
43
77
37
15
41
30
76
35
77
25
48
