545
78
94
90
6
28
61
56
94
42
9
62
78
83
30
26
59
33
40
83
51
28
61
16
93
25
68
1
20
42
7
46
72
2
88
79
82
49
35
77
91
96
91
21
79
73
47
90
6
40
73
9
68
35
26
13
12
94
15
33
37
22
31
9
76
19
40
59
21
75
88
64
23
31
86
55
4
33
45
10
25
71
72
94
58
98
59
70
92
74
55
81
49
86
43
77
58
83
88
31
11
76
95
34
59
33
41
63
19
39
26
44
10
98
90
20
96
50
90
40
76
98
22
77
84
65
55
94
48
43
25
11
72
73
98
31
6
39
47
25
78
73
22
40
71
12
60
19
62
3
59
39
1
81
68
37
98
23
32
47
19
9
10
43
82
8
26
41
48
73
18
26
46
40
19
69
53
79
40
67
82
0
58
35
33
27
73
32
2
57
79
21
66
89
16
1
50
43
94
98
16
12
76
15
5
95
36
58
75
77
77
9
77
36
97
10
15
70
42
17
27
73
91
45
15
7
98
65
50
92
15
67
5
91
34
10
87
70
20
14
47
49
75
76
37
72
39
52
94
33
70
73
59
13
19
74
20
69
91
71
62
6
90
19
49
76
81
88
46
53
2
46
2
78
74
40
2
13
92
97
99
14
70
58
79
41
84
0
11
75
23
73
33
13
92
34
41
25
23
87
78
25
85
80
55
12
20
10
77
65
7
76
31
77
34
11
19
70
11
82
97
86
55
30
51
99
17
92
24
40
31
2
17
17
82
25
81
55
35
58
72
42
87
3
71
73
66
42
44
29
24
41
15
31
24
66
30
41
58
6
81
90
8
98
59
43
75
40
50
10
50
22
52
37
77
76
11
96
18
55
25
95
96
93
26
20
11
9
13
70
15
94
12
76
45
23
71
20
15
73
83
65
47
87
55
76
63
66
72
34
73
50
81
21
43
7
94
6
68
7
76
36
54
40
64
51
15
35
71
30
60
6
96
7
94
51
83
57
69
8
43
42
58
24
63
53
84
9
59
52
17
88
88
71
80
4
22
96
91
45
26
51
52
74
58
98
77
94
55
98
2
51
40
12
75
56
17
11
65
76
64
34
16
4
5
97
9
79
93
0
77
71
4
29
46
14
27
75
60
34
74
14
37
14
26
13
22
43
24
40
72
40
26
88
97
32
85
58
63
30
58
40
2
14
21
0
29
0
75
89
35
49
4
72
16
82
37
90
78
14
30
50
6
57
90
3
