353
15
63
38
86
42
47
27
75
92
11
53
22
13
94
3
80
82
58
14
3
94
22
89
77
37
5
44
16
3
57
7
70
72
46
8
15
45
35
42
37
99
95
11
64
41
15
44
24
25
11
79
19
85
68
48
22
74
92
38
29
1
97
99
74
43
7
41
89
95
83
78
46
30
90
10
71
57
6
95
82
69
75
53
54
95
53
28
69
98
18
50
99
16
1
25
11
9
18
52
56
53
31
2
83
21
64
55
78
70
2
12
40
29
17
46
25
70
75
94
68
93
97
20
61
98
97
73
59
16
25
15
69
8
69
5
81
85
60
59
56
62
23
48
92
40
94
69
63
21
15
31
67
12
3
28
11
1
53
70
69
31
38
90
39
59
95
21
45
55
32
53
70
8
53
14
0
99
35
63
21
50
47
40
63
2
20
26
3
74
96
24
57
86
15
48
46
62
21
43
70
6
48
92
14
1
6
66
52
41
30
73
43
29
65
6
31
86
32
87
12
81
63
69
67
78
69
65
93
91
60
63
97
60
55
63
61
13
29
14
6
11
39
49
92
57
56
24
43
40
63
55
21
26
76
41
57
45
58
50
88
19
13
37
31
68
0
93
33
82
59
39
93
50
88
38
7
96
62
2
37
77
57
10
55
85
3
12
83
62
14
71
33
79
9
64
99
9
9
32
43
20
71
89
23
60
27
30
56
41
33
45
18
42
8
73
80
11
38
63
25
52
34
10
84
43
27
83
5
36
16
48
9
39
89
32
51
16
14
60
57
99
5
27
42
65
53
22
77
91
85
54
95
71
