855
64
43
50
62
76
1
55
7
30
16
57
17
48
71
40
33
73
81
84
32
1
26
31
62
66
43
7
51
32
19
84
96
15
86
11
91
40
18
50
22
86
59
40
35
82
32
68
7
14
4
40
67
82
71
81
49
66
89
52
50
60
88
46
27
74
9
70
66
79
21
89
66
32
81
53
67
65
21
74
79
77
14
98
60
37
80
9
55
21
13
5
81
1
4
61
27
13
31
94
93
4
35
11
37
16
64
4
33
37
78
13
14
45
63
74
82
43
35
90
64
48
95
98
49
99
59
77
65
90
23
10
47
58
73
84
26
37
40
59
74
70
24
88
15
88
15
50
83
50
40
48
99
87
98
0
39
9
77
56
51
52
18
98
10
91
82
88
28
74
48
54
45
72
94
60
12
9
62
96
60
54
96
11
42
94
11
33
55
41
89
6
93
7
5
56
98
87
44
78
14
92
84
59
17
78
71
81
40
86
77
52
40
25
63
34
71
26
67
26
67
56
33
61
15
38
17
65
77
61
95
91
6
79
50
75
10
74
56
50
60
34
2
0
11
65
87
83
43
54
9
11
63
42
24
78
32
93
44
10
6
91
53
12
71
4
87
81
30
44
83
90
30
85
42
41
2
29
76
45
36
86
8
99
80
32
77
65
25
73
75
32
65
28
96
88
84
84
21
14
80
4
56
62
41
51
55
95
32
32
92
68
70
1
67
2
85
97
67
63
22
42
95
87
23
43
27
59
27
0
26
59
4
82
21
97
85
77
44
18
61
37
86
31
90
54
33
75
3
1
38
25
95
85
65
18
29
92
78
8
93
4
20
49
38
41
99
24
70
43
94
31
32
80
62
74
86
96
50
89
49
40
15
44
78
32
15
7
76
45
67
69
49
87
71
39
81
22
15
51
17
9
83
50
90
97
24
28
45
26
18
94
19
85
91
97
69
6
56
45
51
23
67
52
63
38
43
44
12
59
95
29
68
30
31
10
80
8
91
25
86
9
72
5
46
15
54
15
21
10
12
24
86
79
76
49
69
19
45
81
30
92
63
51
23
94
61
55
54
52
32
41
13
4
98
11
71
53
78
92
15
91
68
1
70
96
2
92
68
47
73
98
40
88
49
15
35
63
70
89
67
2
82
33
59
81
44
82
86
75
27
1
18
95
55
40
92
57
32
12
57
58
10
49
46
12
64
81
27
86
71
94
40
5
27
51
86
24
34
72
99
61
26
17
8
81
9
0
90
42
12
47
0
75
96
46
87
12
80
14
98
3
60
39
8
88
42
95
12
76
19
63
89
45
32
98
78
41
50
69
83
63
68
35
90
65
34
29
77
14
95
28
69
55
19
77
95
61
24
59
90
44
22
79
41
6
77
72
48
80
41
83
43
9
71
85
26
5
14
56
71
9
84
40
16
55
17
12
16
94
71
58
38
46
38
31
52
67
3
52
47
96
36
42
58
7
79
36
64
93
92
87
54
28
27
71
83
96
35
52
90
58
10
80
4
0
64
9
20
19
61
19
16
49
14
26
8
93
62
24
39
7
11
93
87
90
16
71
39
51
75
29
62
37
62
18
90
26
27
10
97
41
81
65
42
95
91
51
41
6
27
80
13
39
73
0
29
42
23
68
45
50
50
7
88
64
26
78
42
5
40
39
98
73
5
41
21
48
44
62
54
71
42
19
10
67
72
92
61
95
12
7
98
14
14
86
78
92
16
20
98
8
60
48
33
17
89
54
65
33
16
72
57
10
91
19
30
63
11
91
11
76
98
9
90
65
47
69
9
15
41
7
23
1
56
8
70
97
63
36
83
31
60
40
94
51
11
24
67
23
67
78
51
18
39
41
35
86
62
44
1
4
4
76
57
12
84
28
9
47
16
44
31
76
84
25
27
96
1
46
71
20
24
74
38
63
15
73
1
78
70
54
82
74
30
39
