920
23
22
72
60
82
21
90
43
12
89
41
26
17
49
22
83
47
37
66
4
77
95
36
35
21
45
47
89
85
64
72
60
86
44
20
20
17
10
64
29
52
57
55
69
6
78
52
5
15
70
10
44
17
98
80
39
43
79
28
80
95
52
92
34
48
13
54
18
75
70
47
27
27
55
49
85
33
53
91
0
76
1
96
93
99
28
84
95
59
64
27
55
16
20
41
17
85
47
35
12
18
34
92
97
89
41
83
74
46
74
26
22
27
23
16
78
51
0
25
11
65
5
18
33
77
59
2
62
6
89
26
76
24
18
74
65
11
9
40
58
35
18
80
14
41
48
92
45
49
70
56
66
75
26
51
4
37
54
66
95
43
44
72
19
63
98
85
74
7
77
84
94
95
65
8
37
13
0
82
14
22
90
32
49
16
84
53
5
90
71
0
85
16
72
5
31
22
90
57
81
19
42
75
14
7
83
51
72
36
85
39
58
27
71
60
95
55
13
0
97
37
1
83
5
25
88
36
48
30
93
29
49
87
5
63
46
40
67
19
76
4
58
35
32
81
95
27
89
60
80
86
49
33
69
54
58
57
90
58
39
36
88
88
23
45
4
70
85
71
41
62
75
51
49
7
32
96
87
21
8
19
60
58
52
29
12
10
39
55
21
78
91
9
67
66
6
71
88
43
94
29
57
69
80
6
29
65
54
68
38
63
39
98
73
91
80
37
53
19
92
74
97
35
35
16
2
93
39
42
37
33
72
94
55
4
53
84
69
7
4
60
22
43
58
95
86
38
33
39
9
77
66
7
13
1
75
67
95
15
9
32
48
33
78
55
38
31
91
59
39
95
19
13
90
78
9
76
68
94
16
78
23
34
37
36
35
12
55
82
27
17
66
28
50
45
83
40
76
75
0
67
22
19
33
13
49
42
41
70
88
9
48
11
43
37
0
79
49
7
13
29
24
80
9
27
77
44
67
5
19
19
73
94
39
6
59
40
0
0
10
40
62
10
3
5
47
55
36
49
63
50
78
39
82
87
18
59
31
38
64
3
57
89
49
96
47
8
37
99
60
99
39
22
10
95
80
57
50
68
6
65
70
36
57
52
75
75
63
7
13
28
62
23
69
11
71
17
71
8
68
31
60
60
6
70
55
38
79
57
6
38
23
77
74
32
81
50
7
45
9
73
25
71
96
46
82
67
63
5
28
84
88
40
44
46
10
99
84
89
56
43
79
31
72
54
63
53
56
23
50
65
96
75
88
44
74
22
63
89
27
43
73
15
83
17
62
45
16
98
87
25
41
66
8
13
72
72
19
28
95
69
45
43
97
33
39
71
7
54
60
34
50
34
2
33
3
64
31
72
14
18
97
56
84
57
21
9
29
40
89
76
62
35
71
11
20
62
34
28
17
46
14
19
32
16
4
36
32
35
8
47
53
57
55
90
14
76
99
96
69
88
24
83
75
96
94
48
58
80
76
27
26
90
46
59
59
51
47
91
38
7
38
92
64
93
34
30
22
85
78
91
25
3
26
1
51
72
49
61
52
77
41
78
19
39
89
78
90
36
22
81
43
60
73
59
6
59
42
80
44
72
71
69
27
49
22
78
21
23
92
73
0
33
3
72
72
45
50
15
81
72
96
77
85
21
88
43
80
82
23
76
55
46
45
82
95
68
13
16
43
5
41
44
90
96
16
14
41
18
81
23
43
29
52
28
50
92
23
82
27
46
58
34
92
56
16
39
76
81
7
19
38
48
15
80
44
31
95
86
2
28
61
45
58
65
25
60
9
48
43
36
46
53
70
38
9
39
29
37
72
36
57
11
36
72
43
80
56
90
18
58
19
31
55
29
96
32
89
58
80
84
94
26
38
17
16
99
8
45
37
80
33
46
43
69
18
87
1
26
77
20
36
48
51
91
77
0
23
67
58
55
3
4
33
41
73
49
93
81
46
82
62
31
28
5
0
98
44
2
25
74
74
61
22
25
5
0
77
80
19
87
36
22
44
69
16
17
71
61
99
69
43
13
1
23
70
53
73
15
55
50
89
29
64
63
7
69
63
36
49
34
76
37
57
20
7
25
37
30
86
