427
68
87
31
85
28
87
55
28
85
8
38
86
85
60
75
5
84
33
46
60
62
93
68
5
31
66
62
27
68
67
5
36
6
88
21
87
76
28
15
61
88
53
48
74
65
23
31
49
8
30
10
23
75
30
28
6
48
90
85
68
10
90
4
16
30
78
3
6
58
70
68
47
76
68
73
41
43
56
43
3
38
5
26
13
87
54
71
35
45
56
3
55
98
59
23
29
89
27
35
0
49
55
99
25
75
24
67
18
80
10
22
19
15
48
32
2
55
4
89
52
60
44
59
59
55
82
40
97
61
75
97
11
31
96
36
6
20
55
77
52
65
51
71
32
51
56
86
6
12
75
10
24
71
69
35
27
52
75
24
65
51
73
28
34
69
17
92
41
72
21
93
90
72
65
22
24
73
9
82
85
36
93
9
60
62
45
87
66
72
63
84
23
36
12
9
57
29
2
98
2
75
43
92
48
8
66
24
33
27
6
70
16
51
32
76
14
77
15
32
49
30
16
25
18
29
86
75
10
88
25
12
16
68
56
64
29
23
88
62
2
46
85
18
98
17
94
64
94
9
96
95
91
13
72
9
94
59
36
4
99
61
69
15
82
25
31
11
0
71
25
3
18
10
21
16
27
68
80
73
29
28
21
21
93
45
30
87
4
19
44
56
80
65
23
62
42
55
25
43
26
3
98
96
13
71
64
93
91
96
18
21
25
39
94
18
37
76
58
93
95
2
49
76
67
25
90
9
32
68
4
10
71
54
7
36
26
71
29
17
68
48
90
45
39
84
63
76
61
21
70
56
75
71
84
94
48
27
56
80
95
60
91
66
67
98
2
93
21
84
62
41
84
53
86
23
89
50
52
50
23
74
59
51
97
43
45
46
70
1
26
65
14
17
83
33
67
38
26
89
22
40
82
6
45
69
81
35
71
33
85
94
59
44
45
57
40
43
3
62
96
29
80
10
99
63
43
66
