915
17
36
47
65
91
26
66
71
13
73
27
70
14
31
52
23
82
72
23
64
80
18
99
45
74
87
9
63
44
77
77
61
65
24
26
56
50
92
27
15
65
6
86
32
38
90
7
72
62
30
88
42
49
40
39
75
79
48
90
23
77
67
84
42
92
63
98
94
55
78
62
73
84
48
57
74
38
64
46
52
47
35
94
48
75
85
75
54
34
65
77
11
85
13
54
29
76
4
23
84
82
37
57
19
85
66
93
23
82
40
27
29
27
21
77
54
7
52
60
93
70
37
4
55
2
10
84
79
15
59
63
49
97
72
68
34
38
14
10
72
6
37
2
33
11
31
39
70
36
99
63
6
88
19
13
90
82
49
69
97
60
84
98
57
8
19
92
98
33
54
71
39
91
73
24
2
4
63
72
92
62
35
98
50
7
63
92
89
12
14
38
73
98
36
82
59
7
26
57
40
80
28
31
72
53
55
26
10
70
99
2
32
86
53
34
93
16
79
82
81
93
20
54
43
9
88
2
16
15
12
9
47
40
92
71
46
0
98
56
70
97
10
55
83
63
41
29
80
20
11
61
65
84
67
9
45
7
63
13
74
75
74
22
68
67
93
14
67
91
22
89
40
32
96
76
96
38
5
28
10
68
41
76
52
60
85
49
67
48
63
42
76
37
64
44
4
9
58
23
53
32
65
93
64
61
21
60
51
26
88
62
95
81
90
99
41
27
49
9
27
12
51
3
49
67
47
6
76
57
81
81
41
98
27
6
60
48
18
63
75
59
77
22
40
67
21
82
46
70
91
74
34
94
77
36
13
77
94
41
86
27
23
28
26
50
86
38
50
4
1
77
63
31
99
56
98
73
38
97
95
81
71
30
27
0
18
40
29
12
81
16
39
56
96
65
58
82
55
9
86
57
86
2
88
86
58
38
11
48
35
6
81
58
36
8
59
54
48
88
18
81
56
58
90
52
75
48
86
31
57
25
40
96
27
80
34
37
70
45
85
58
51
66
16
40
26
75
46
26
16
17
59
72
27
49
77
2
98
63
85
7
88
77
3
67
9
37
4
80
34
41
38
86
59
6
78
85
34
76
11
50
93
71
74
20
72
51
75
70
15
12
30
3
90
33
71
51
23
27
31
57
69
21
95
28
28
25
66
14
2
29
64
95
52
38
68
25
42
43
95
57
7
77
12
97
11
35
1
86
63
84
43
84
6
91
64
86
16
82
0
18
12
16
66
64
6
34
89
48
29
37
57
36
14
70
86
77
57
87
63
72
71
59
56
29
2
73
67
18
55
67
89
19
35
55
84
42
41
25
90
22
62
48
58
29
70
96
58
27
83
74
0
7
33
8
88
35
81
56
5
89
75
94
8
11
1
44
5
42
70
47
16
84
47
75
13
17
23
72
97
59
98
49
66
31
57
6
18
91
62
23
32
90
70
40
53
71
85
58
66
7
57
82
91
5
9
57
74
33
81
71
92
79
20
10
10
30
16
80
21
31
55
53
21
25
45
74
49
82
84
15
89
41
49
33
46
59
90
21
44
71
92
88
50
65
98
12
95
66
92
68
97
99
73
18
25
70
92
26
5
76
93
94
18
42
27
16
53
17
37
49
88
82
37
90
99
35
2
46
2
94
14
99
94
39
70
71
9
14
97
14
91
90
61
61
84
40
29
38
10
67
87
50
1
25
41
0
12
43
98
66
38
12
18
84
3
88
7
64
2
4
79
45
46
92
58
30
32
88
20
94
55
60
45
8
37
86
60
49
29
58
16
19
22
34
55
25
74
62
89
76
18
20
22
16
12
80
47
97
20
19
43
27
79
88
35
16
26
95
18
8
5
86
27
27
72
35
52
46
97
94
22
68
14
96
84
79
29
83
28
49
55
71
29
34
12
64
3
38
12
21
46
17
7
26
45
79
61
49
77
10
43
51
78
58
48
15
89
29
50
17
30
5
88
59
40
0
76
95
91
88
68
37
57
75
63
2
6
76
4
35
87
47
86
17
57
86
32
98
15
83
15
98
88
56
9
80
8
85
27
99
73
95
89
31
22
52
85
80
29
41
15
68
41
2
