839
66
4
60
77
82
4
72
96
27
25
4
49
55
90
63
7
72
21
82
6
36
7
99
48
59
49
0
25
84
55
34
2
60
46
79
42
50
51
90
30
28
94
31
84
36
94
43
60
67
77
19
4
84
18
4
44
19
4
21
4
11
7
6
71
54
38
65
56
89
55
38
70
1
70
54
38
16
49
50
84
26
21
40
63
39
96
59
59
0
80
15
63
39
73
35
93
11
0
2
53
56
40
23
9
62
29
99
79
30
50
15
56
71
55
19
63
3
30
74
55
10
89
18
50
14
53
95
26
6
49
31
14
42
54
23
4
35
23
35
65
25
50
73
96
57
45
11
60
75
85
67
38
74
86
40
41
91
35
67
97
37
98
11
79
4
35
35
91
10
71
56
35
73
81
83
31
26
95
43
2
80
11
40
7
97
80
48
88
67
67
38
56
17
49
35
73
36
71
64
46
94
72
81
67
53
17
50
80
12
94
34
92
5
26
99
54
6
99
94
25
66
32
82
83
34
69
56
70
92
72
69
86
44
50
6
98
19
56
30
31
50
64
24
7
42
75
13
48
75
8
25
41
92
59
77
26
29
85
97
73
58
66
60
2
68
18
52
88
74
34
19
77
50
95
36
92
71
50
40
98
10
18
91
54
77
68
81
58
6
30
32
64
48
44
18
68
62
71
56
36
57
28
65
8
75
2
0
98
4
93
96
14
11
88
68
40
8
1
99
66
83
31
30
31
75
1
0
37
24
8
25
81
88
91
89
64
93
90
14
49
83
11
63
46
51
83
86
11
37
85
78
20
16
8
52
91
61
4
80
85
12
6
67
53
49
56
69
42
98
83
91
33
46
6
79
97
41
18
61
30
3
39
51
72
99
55
15
61
59
96
46
23
54
65
28
3
22
97
45
72
33
88
6
79
46
37
77
39
55
38
70
11
29
73
83
28
28
98
89
39
46
88
14
0
53
95
3
27
92
48
52
25
88
58
5
86
47
34
26
3
24
48
14
5
21
49
33
1
47
75
92
94
15
6
94
68
1
98
48
46
98
0
23
39
10
80
77
57
66
55
12
90
3
78
47
76
27
81
77
27
8
69
73
23
28
19
43
81
69
43
27
20
95
3
11
5
83
88
15
50
44
79
92
99
58
40
28
37
73
5
64
81
27
89
56
7
9
51
40
78
95
68
98
90
23
9
48
6
50
15
56
94
94
1
45
52
41
73
90
66
31
6
47
10
96
55
69
57
6
9
35
53
29
86
44
52
47
44
59
97
59
67
43
53
68
89
58
61
14
0
27
97
6
26
7
54
81
76
11
40
86
99
93
67
85
89
20
32
85
79
30
44
98
25
98
19
66
8
80
81
8
60
30
66
86
38
21
20
66
84
12
4
83
5
72
68
47
44
53
32
75
35
77
73
60
27
92
27
87
25
60
95
85
90
61
23
80
34
43
99
19
55
55
2
13
79
23
12
23
28
44
98
63
73
72
75
52
16
2
39
41
14
34
78
57
48
2
89
82
97
88
53
5
44
8
18
23
31
30
99
11
26
97
74
0
21
49
4
38
4
44
31
70
30
62
79
78
64
69
13
61
57
66
18
53
74
88
29
57
18
28
68
97
77
94
49
99
96
53
89
52
97
20
22
28
34
54
58
98
23
71
12
32
38
30
86
12
19
67
22
89
47
42
38
24
37
87
23
33
41
12
37
90
85
11
18
19
65
29
70
88
0
34
21
38
64
59
3
35
26
25
77
73
67
15
97
56
55
73
41
96
85
78
38
22
90
9
42
55
38
64
96
38
98
17
77
14
76
32
2
54
9
79
79
76
46
28
85
1
1
26
49
39
5
88
61
47
97
55
54
87
19
50
25
17
67
2
32
95
86
34
1
95
65
80
24
63
9
9
