400
7
20
78
44
50
81
15
27
22
28
53
68
93
34
20
4
35
10
42
60
35
73
42
91
89
28
22
48
84
30
93
91
2
72
87
4
5
54
83
27
83
36
48
76
22
20
33
10
30
75
70
17
49
12
60
90
93
82
38
77
12
84
20
66
56
59
22
13
13
6
93
96
94
41
73
17
61
58
27
44
33
49
61
34
61
22
24
54
4
15
83
69
99
3
35
7
62
58
20
28
16
13
24
10
6
49
79
20
7
6
64
93
55
25
27
69
99
4
75
56
71
59
25
70
14
12
29
29
22
49
57
90
15
33
1
21
83
80
41
42
39
57
35
46
35
15
67
34
71
43
90
42
2
67
12
16
32
93
45
6
42
54
97
9
88
98
31
71
30
24
13
21
82
1
20
17
16
87
3
87
30
46
81
84
65
45
53
97
38
50
4
80
5
1
42
93
51
73
16
33
49
81
55
83
34
27
52
50
14
8
89
97
54
70
81
19
15
34
17
53
85
73
86
42
74
28
87
77
53
55
10
54
88
17
38
23
44
42
25
11
50
15
8
4
37
89
24
53
76
93
58
61
66
44
55
92
24
42
21
77
97
31
32
85
1
22
8
45
64
34
8
15
1
16
71
38
6
47
43
34
40
2
95
58
98
2
2
23
44
23
52
93
7
36
78
8
58
39
5
23
25
14
90
26
30
61
16
88
9
60
22
1
14
69
60
64
71
14
87
67
38
92
60
45
28
91
53
87
30
10
62
7
24
52
33
7
65
1
95
26
13
70
28
27
39
40
44
63
54
83
30
92
75
91
89
4
34
42
43
64
5
5
23
29
9
56
36
26
9
84
53
23
54
81
2
45
73
46
8
27
30
39
72
5
82
61
61
16
56
4
32
61
61
55
42
22
63
31
49
24
