688
15
15
83
25
26
51
53
9
23
98
85
4
79
37
41
44
86
22
88
28
62
64
13
83
43
76
60
14
39
35
56
55
2
39
32
28
42
37
37
65
36
74
21
67
64
62
11
50
37
99
30
99
16
44
34
59
20
94
25
11
30
34
66
32
25
50
61
20
88
50
85
24
25
59
43
89
73
54
91
10
6
22
61
74
66
96
33
38
90
11
49
72
45
68
5
22
18
18
42
6
20
28
82
45
39
25
86
12
80
30
23
38
52
84
12
70
32
45
8
23
8
57
95
5
25
52
28
44
22
70
2
43
98
85
40
89
10
79
2
42
9
77
80
13
13
92
83
46
90
91
69
98
0
16
4
26
69
32
22
91
54
24
86
5
61
79
94
72
58
96
14
19
73
47
32
39
39
15
85
81
58
6
32
58
22
36
36
43
20
58
87
74
35
73
79
96
52
74
20
62
22
87
81
48
34
13
87
25
80
72
7
38
78
39
49
52
27
85
96
99
96
83
25
31
56
57
79
61
83
52
23
5
91
57
53
25
70
92
2
3
64
61
41
94
0
42
47
79
28
43
78
24
26
56
7
34
13
38
47
96
42
71
1
33
80
7
10
50
99
13
53
16
74
47
10
27
89
9
6
69
52
37
45
30
93
52
17
6
43
64
2
85
87
55
19
67
62
81
70
14
94
75
30
21
74
92
48
64
2
6
85
6
95
31
37
88
35
6
46
78
70
0
16
10
56
87
77
70
68
99
84
15
75
66
36
49
59
84
65
13
42
51
19
38
34
8
26
69
14
25
48
37
25
16
47
81
3
76
4
71
76
40
86
3
7
74
52
18
10
70
31
53
73
50
91
7
59
69
76
25
46
76
62
72
92
9
5
95
86
9
19
14
2
57
17
61
32
21
79
42
91
62
95
64
64
38
71
75
60
0
1
6
76
63
78
69
25
36
64
11
97
35
77
99
93
94
60
25
15
91
19
59
53
15
23
18
5
47
93
65
47
46
24
75
10
54
44
35
90
61
98
88
96
75
39
41
21
0
18
88
91
38
47
97
5
23
15
10
22
60
28
21
7
4
96
69
58
41
56
1
54
6
41
2
81
80
44
54
32
62
42
76
52
42
73
57
65
40
20
39
52
48
60
11
4
56
80
62
49
36
15
3
42
56
58
75
37
2
81
21
16
76
97
69
18
22
78
35
14
98
74
67
98
86
78
2
42
11
17
44
99
32
99
94
89
57
21
78
59
3
51
28
79
49
49
49
23
27
36
38
26
10
5
24
96
35
79
90
46
96
34
98
28
34
92
69
91
65
99
3
68
51
83
99
52
32
0
75
59
36
13
37
98
18
14
46
6
93
37
4
89
23
2
69
9
46
91
53
12
90
8
32
41
91
32
93
75
84
69
86
21
34
24
19
5
38
18
11
31
55
15
72
30
70
93
40
68
84
93
32
75
1
65
68
44
49
14
19
33
35
5
6
69
29
78
74
19
96
85
2
51
53
26
81
75
20
73
95
56
66
28
31
19
93
52
63
42
66
82
27
53
40
34
22
21
12
97
41
