981
8
50
56
6
93
31
49
99
61
31
93
7
38
55
52
97
0
9
32
27
58
57
32
91
74
15
66
11
39
68
81
99
70
37
5
63
69
6
14
82
89
8
89
27
15
93
24
15
2
8
95
12
65
79
55
91
94
21
3
85
89
84
84
11
74
41
74
43
47
41
25
36
1
66
15
16
11
39
32
65
99
79
77
16
58
32
8
52
5
11
90
47
47
74
58
21
16
85
16
15
78
93
4
79
11
19
95
22
11
79
87
10
58
64
27
68
48
87
73
6
50
63
5
97
37
63
71
5
0
87
21
78
33
25
57
44
96
5
67
7
84
6
70
95
71
49
63
71
36
36
29
86
99
34
35
89
50
6
94
50
46
67
29
79
44
38
75
41
43
42
0
28
49
70
75
72
19
38
95
55
27
25
93
26
11
29
67
61
87
14
12
33
81
93
12
78
31
88
71
27
82
71
7
83
42
82
7
13
20
55
21
47
80
14
26
43
95
45
5
83
59
69
16
41
62
81
71
45
21
42
24
55
13
31
91
7
65
98
21
38
53
94
37
85
60
63
29
56
9
86
91
20
55
59
13
69
92
84
66
13
26
43
21
92
26
12
99
92
10
72
30
16
66
67
1
79
83
82
35
44
20
78
64
27
37
78
48
30
62
15
95
41
10
16
33
36
80
32
28
43
57
10
59
75
78
12
54
13
47
41
57
67
19
73
95
57
3
43
39
18
10
34
59
20
3
92
9
83
76
37
26
85
48
37
61
78
2
15
43
49
57
52
68
76
25
15
85
29
11
24
47
21
59
58
94
14
50
3
97
78
92
76
64
92
65
25
22
67
92
65
68
49
17
37
78
95
52
63
24
63
40
23
37
51
81
83
65
83
38
14
61
82
42
77
75
8
54
49
75
47
15
44
48
84
33
26
79
37
42
3
53
34
78
42
85
59
25
50
42
15
16
56
97
59
85
24
67
40
74
94
87
41
38
87
25
23
66
5
61
8
60
14
94
39
56
79
50
33
81
45
0
97
1
97
56
86
74
23
26
48
18
65
89
8
53
14
32
19
71
45
79
32
59
73
71
67
4
73
52
85
18
52
82
19
1
39
58
75
62
36
75
80
54
16
41
59
31
73
30
2
18
9
86
29
34
57
48
38
31
52
75
1
4
57
21
57
96
31
85
11
19
60
91
73
77
84
84
60
57
14
14
27
75
1
8
9
10
8
99
93
60
74
95
16
84
68
26
80
99
11
91
70
71
35
96
0
19
80
60
29
95
75
8
70
76
69
32
38
77
83
32
90
10
27
58
94
95
84
26
46
95
18
68
19
5
64
19
76
45
80
5
92
7
66
14
35
35
98
73
64
82
5
54
44
84
13
38
31
49
16
29
45
34
98
64
91
62
35
68
59
15
25
3
74
91
18
9
78
16
35
43
50
92
49
94
77
14
84
8
64
1
38
9
87
88
25
79
2
60
99
14
28
24
17
54
68
35
64
98
52
99
93
54
91
43
49
20
57
33
81
21
34
71
82
22
59
59
1
61
72
52
75
0
28
45
54
48
80
70
47
84
21
40
39
65
35
88
85
45
73
66
18
8
89
1
30
48
12
83
62
84
87
89
36
15
34
43
64
67
13
63
3
87
55
42
52
91
82
89
36
56
56
6
16
45
59
98
46
72
81
60
8
20
49
45
35
36
88
51
3
53
14
6
40
70
1
92
13
83
82
1
91
90
7
7
87
67
57
33
91
38
93
99
58
95
44
46
31
32
97
86
86
64
92
78
34
45
71
99
29
5
0
72
95
7
32
82
26
89
68
17
80
13
17
90
60
61
36
91
46
86
29
84
50
22
62
36
67
85
35
48
90
35
73
85
94
5
20
21
46
40
90
26
53
7
69
14
21
57
57
19
43
87
3
93
61
17
29
80
3
64
81
93
51
6
31
46
63
51
19
9
43
61
88
96
69
57
62
42
14
72
61
10
11
16
3
24
33
85
56
88
1
89
34
5
95
65
3
58
68
22
20
11
35
8
59
56
17
22
98
83
46
11
93
57
27
49
33
13
86
89
1
39
79
35
44
26
52
47
85
20
21
57
83
57
17
43
13
86
17
64
69
63
75
15
72
55
16
57
68
54
46
21
93
77
9
38
56
61
37
93
34
59
50
17
68
67
12
81
53
29
45
74
44
21
41
68
76
9
25
96
63
24
69
57
53
78
47
61
40
84
