546
41
28
61
56
58
72
97
12
86
18
12
67
71
88
9
6
89
65
30
5
47
20
96
77
34
78
27
92
87
18
96
80
46
57
37
56
29
86
21
68
56
33
35
27
73
44
33
63
61
16
20
9
88
16
86
22
47
66
14
34
36
62
15
34
20
4
90
1
90
11
69
46
97
57
74
22
53
59
37
15
75
58
76
63
26
62
37
73
80
4
60
16
66
75
2
38
79
45
40
69
8
61
67
5
18
41
28
72
1
17
39
76
75
15
92
2
29
29
27
10
85
87
78
4
14
81
42
45
26
34
66
34
96
34
40
66
75
20
90
28
37
29
5
65
44
49
19
74
30
98
36
16
86
14
72
52
95
14
50
73
1
16
8
97
2
0
15
30
72
6
58
61
87
15
26
32
64
97
58
95
96
94
63
82
60
35
86
8
1
36
81
2
5
89
51
7
89
67
37
13
25
48
75
12
63
53
96
80
51
54
27
47
0
90
81
61
77
19
69
30
56
50
33
13
92
36
20
33
55
10
47
80
10
74
45
73
27
41
53
30
48
80
77
48
22
10
61
51
30
30
82
38
33
67
51
77
3
23
10
11
85
9
43
95
83
88
69
63
30
74
93
78
7
23
78
81
33
40
33
15
70
67
53
55
34
56
32
89
80
95
0
65
4
44
61
40
84
82
55
14
8
48
44
67
71
23
49
57
63
82
72
85
49
78
93
35
34
77
24
14
72
77
80
29
73
93
21
57
27
76
72
35
24
68
3
48
43
4
57
6
38
29
44
87
7
89
74
42
66
50
8
39
27
40
20
0
33
41
10
12
69
82
0
45
2
55
93
46
59
50
4
97
32
0
36
39
89
10
33
56
12
42
47
40
82
19
92
68
12
2
80
81
36
32
26
91
87
20
37
46
22
93
95
54
94
83
46
35
45
31
91
58
73
90
50
8
9
42
28
21
97
8
54
33
41
81
76
80
53
13
79
27
59
74
82
53
58
80
88
3
11
32
61
37
22
63
97
84
6
25
57
55
85
12
40
78
45
17
59
98
82
38
77
41
64
59
94
74
91
35
78
55
19
91
44
41
55
41
77
13
18
87
68
3
51
8
82
96
77
93
46
60
83
23
1
47
35
48
74
78
83
52
33
2
95
77
95
2
70
25
67
88
12
87
44
63
48
78
11
25
71
9
85
6
32
87
5
19
35
79
98
70
83
83
72
31
13
19
33
83
44
53
24
8
40
68
