951
17
51
97
58
37
9
61
13
76
98
67
28
58
18
6
7
61
11
3
18
58
46
53
85
8
12
40
97
56
74
69
26
25
66
36
14
27
97
27
3
47
95
32
6
65
38
65
26
1
69
45
59
67
50
44
27
14
84
77
70
10
46
96
35
64
84
1
91
33
28
46
81
75
30
87
40
20
52
19
21
73
16
80
92
66
76
20
80
12
97
2
22
95
99
9
59
35
10
2
69
91
48
50
66
31
37
59
51
41
78
73
15
46
5
7
12
82
79
44
94
28
46
17
23
97
78
34
33
89
36
2
80
37
52
98
68
41
57
71
82
87
44
49
33
2
9
97
84
88
41
30
17
88
47
92
85
26
27
70
67
15
72
47
52
76
97
72
17
55
44
52
94
40
1
28
42
10
77
26
99
19
9
68
59
56
60
44
34
87
15
53
3
39
52
7
16
50
32
85
57
76
37
51
68
91
31
11
1
9
89
52
80
98
72
39
7
33
35
93
72
2
99
27
94
51
87
62
1
19
47
10
47
37
62
15
28
93
78
81
54
20
86
34
18
58
25
77
43
13
23
16
15
22
95
9
25
82
71
79
1
71
89
48
8
51
16
88
97
94
21
51
14
7
38
85
66
15
14
9
28
89
77
44
11
73
5
37
7
29
68
61
0
57
61
60
61
77
0
58
24
21
61
90
29
51
27
47
67
42
8
95
31
38
91
95
63
49
84
70
78
52
31
30
9
45
42
70
74
42
80
98
15
94
89
44
45
68
43
12
10
52
60
94
42
51
89
5
0
73
75
30
77
59
60
38
4
2
61
78
96
41
29
12
35
70
8
33
38
52
45
1
56
5
95
98
9
36
3
61
61
30
92
38
41
4
76
97
59
37
28
55
31
57
19
18
79
28
51
17
32
97
18
40
54
65
90
15
1
45
77
62
75
21
0
69
25
29
66
36
18
94
92
49
51
63
68
82
91
19
0
75
68
70
15
23
36
5
90
89
2
67
4
78
40
56
47
66
85
65
2
4
60
46
5
63
62
73
46
5
45
98
81
13
68
48
88
56
6
79
98
8
98
2
38
39
58
37
57
44
3
11
0
63
10
5
78
72
31
24
77
76
22
10
89
43
59
78
99
17
9
97
25
59
99
64
98
10
1
7
54
56
71
54
19
33
11
98
5
42
74
34
18
49
97
60
92
8
38
43
25
99
93
50
58
92
66
9
54
20
68
8
76
39
14
48
72
78
98
29
20
72
16
39
21
13
99
13
73
89
9
98
40
2
0
98
46
19
59
1
39
28
9
67
19
76
15
44
54
65
73
74
38
41
65
11
6
16
77
79
57
86
29
49
40
30
0
86
1
59
87
92
39
49
59
59
25
27
55
31
92
80
57
82
22
75
46
80
43
23
60
1
61
89
2
1
71
2
87
24
62
27
16
53
76
76
64
53
55
19
84
99
0
93
82
22
68
80
2
12
55
14
65
16
56
67
69
79
70
8
4
84
35
20
37
63
48
2
68
55
21
52
55
73
98
89
95
66
69
50
30
24
16
95
40
24
15
61
4
85
69
60
21
57
32
58
20
33
12
89
88
86
93
43
59
91
32
7
10
1
9
40
25
25
88
17
50
3
78
6
40
0
66
61
57
50
71
29
83
84
70
72
22
16
15
81
7
0
88
69
53
49
62
79
27
50
48
29
53
79
35
93
79
53
6
88
3
77
69
39
13
40
11
35
56
78
17
15
30
57
37
84
59
99
15
86
49
63
15
54
94
2
99
25
55
5
65
10
82
35
1
96
27
12
83
83
43
0
50
73
10
39
57
69
38
24
7
87
40
22
93
34
24
92
60
31
97
25
93
32
12
95
28
39
59
63
74
2
16
77
28
26
16
37
47
55
62
54
94
2
28
88
36
4
80
48
87
30
26
80
62
38
27
42
30
39
5
4
41
21
33
21
99
50
59
98
5
21
4
51
75
32
39
63
88
72
64
75
54
90
8
16
80
35
58
10
74
15
67
68
37
0
41
88
50
0
87
7
73
43
59
0
76
50
64
16
74
28
92
28
18
0
96
50
87
54
13
14
22
32
82
11
32
75
99
35
76
38
94
1
34
5
2
10
8
66
78
82
46
70
63
16
22
59
66
10
66
79
24
40
11
58
