753
78
59
65
57
13
76
95
2
23
13
64
10
21
98
8
89
16
36
68
89
51
30
15
20
66
13
46
37
78
97
15
8
56
80
66
21
56
13
24
32
26
40
94
47
90
3
88
6
39
57
96
91
39
63
63
57
76
61
94
6
58
9
15
15
41
33
36
50
46
12
82
72
53
76
71
43
79
59
50
71
68
98
14
59
13
77
16
42
38
10
48
49
71
15
64
13
0
52
15
46
65
97
70
70
25
41
65
5
53
67
28
73
17
42
33
31
71
49
25
9
12
73
58
35
41
74
0
41
79
15
40
96
12
10
66
38
4
83
95
9
3
23
34
20
17
67
3
88
69
28
49
33
54
60
20
95
34
21
88
13
36
28
61
1
91
27
39
47
63
86
8
66
61
42
86
78
62
42
18
83
70
67
68
24
27
88
71
14
9
12
79
98
92
41
99
83
20
38
82
35
76
42
1
37
85
40
67
99
82
85
34
4
4
2
29
84
42
52
50
52
64
81
50
57
74
49
92
95
39
27
82
67
69
84
4
6
76
23
57
58
8
91
62
64
45
43
48
88
48
50
92
12
32
94
21
6
95
66
53
34
93
36
1
14
72
57
21
48
80
78
6
40
70
20
56
67
16
57
55
64
7
47
28
39
41
50
98
36
16
3
22
61
39
75
75
63
84
96
11
16
27
69
8
49
42
65
16
58
22
72
22
81
19
50
73
13
52
71
1
20
74
24
81
66
51
57
81
36
5
93
52
32
14
61
81
56
78
98
14
0
70
88
81
41
39
54
6
43
77
8
64
4
84
45
22
35
54
3
23
60
96
76
92
11
89
74
19
67
72
34
19
94
22
0
87
13
7
94
57
84
2
73
40
38
18
62
73
73
66
49
85
14
25
77
77
66
3
97
33
75
83
52
21
5
4
9
19
11
3
28
48
57
1
88
95
71
3
20
96
21
69
81
35
46
11
65
12
14
14
97
90
97
1
63
54
6
72
25
69
27
53
69
36
6
10
83
30
13
4
26
34
25
60
21
24
71
38
88
85
52
38
27
1
39
91
56
97
15
81
67
43
87
88
79
45
98
63
75
63
19
54
97
96
14
71
20
85
61
61
22
14
99
50
67
90
41
75
88
56
57
7
51
96
95
31
41
46
46
69
9
65
23
7
61
37
30
34
74
91
47
96
57
46
46
25
36
39
0
76
96
9
83
99
57
79
30
99
25
76
68
86
93
43
45
7
80
75
93
54
19
40
50
76
38
97
53
26
88
6
3
84
67
86
36
25
17
66
76
94
95
96
81
40
39
26
99
71
2
92
25
73
84
27
49
22
76
55
49
65
13
4
1
80
90
37
57
8
56
85
2
3
33
35
43
24
62
43
95
16
87
72
89
24
0
90
46
76
45
47
41
10
51
95
43
94
32
0
2
88
38
56
91
71
44
87
96
6
82
43
22
69
16
63
93
16
53
92
44
51
91
38
61
95
33
4
89
17
57
43
58
95
51
1
18
95
88
66
1
70
10
75
92
78
38
37
46
44
81
90
95
73
80
56
68
13
13
9
83
22
52
41
17
3
42
87
99
31
6
52
53
68
80
97
46
18
35
92
62
16
34
9
41
15
18
9
80
31
18
15
5
22
56
74
26
51
61
77
82
67
81
87
35
61
85
33
32
72
77
46
88
12
56
30
79
74
91
11
57
62
27
62
84
35
