767
7
53
17
34
64
3
38
89
59
25
0
33
10
49
6
68
83
4
10
37
3
14
62
84
59
26
97
46
69
2
97
29
7
66
63
23
70
53
12
29
30
64
14
40
13
20
60
49
25
70
38
80
37
0
65
96
78
62
42
48
16
91
77
75
9
40
98
79
45
62
9
76
26
23
16
39
96
77
88
73
99
79
53
88
79
18
36
58
32
30
58
48
73
35
75
83
27
73
62
72
35
23
48
13
47
17
53
95
46
93
68
97
72
21
86
4
92
22
14
24
53
72
25
78
7
0
61
34
26
24
58
13
47
7
27
46
76
32
41
22
77
9
71
2
83
57
58
75
32
72
51
37
44
76
15
3
29
77
89
7
1
47
20
0
54
99
47
82
83
88
56
13
50
28
15
85
37
73
60
69
97
11
6
41
40
74
96
21
51
85
28
4
32
0
4
39
52
3
21
35
44
78
0
94
58
15
79
95
40
91
17
37
54
23
30
46
97
26
67
0
11
47
4
44
48
61
83
52
64
56
39
8
86
40
54
44
7
85
92
48
28
9
37
83
32
20
29
82
98
49
34
10
96
91
6
96
52
41
48
68
97
40
29
36
80
35
80
87
73
72
87
1
81
77
36
66
49
66
0
47
67
34
57
63
77
15
12
29
8
12
50
58
52
79
94
32
66
74
72
39
99
11
41
32
40
77
98
89
95
50
37
62
85
46
78
62
62
90
44
22
2
46
80
7
77
74
39
43
49
63
83
0
27
76
32
67
53
83
57
1
33
46
15
70
92
45
85
6
87
29
29
42
27
9
49
4
36
40
47
37
56
82
37
83
58
21
2
64
4
11
17
38
57
32
60
2
30
45
60
17
26
41
11
53
3
60
57
39
53
57
76
9
39
65
44
98
86
46
14
91
58
31
81
67
15
41
69
45
87
82
15
65
23
26
19
78
87
28
69
92
85
45
1
25
62
45
75
49
91
41
92
1
72
73
69
39
66
38
85
5
72
0
71
96
78
42
26
17
70
96
9
56
93
10
33
56
55
60
5
99
1
49
0
25
74
69
64
40
60
1
98
32
53
69
80
32
11
7
49
33
55
59
89
48
21
74
4
77
34
61
28
87
62
80
12
36
50
29
29
62
30
27
94
84
48
27
68
11
86
17
44
41
28
86
41
50
60
46
79
47
59
7
34
22
87
99
10
89
80
39
3
62
18
98
98
18
77
66
81
63
36
26
56
64
64
97
14
24
95
93
23
7
52
10
81
92
9
91
33
41
83
37
3
53
87
2
72
64
68
53
79
4
31
35
69
95
32
35
72
80
29
95
87
33
5
68
25
66
59
59
7
94
96
11
48
83
13
20
99
33
25
78
38
57
13
59
4
97
94
76
77
75
24
64
9
81
84
34
0
44
45
7
38
93
70
86
28
35
58
27
69
84
5
59
93
70
70
97
20
64
26
97
40
2
14
1
83
98
87
35
94
33
95
85
26
17
23
55
53
82
34
74
18
40
85
11
62
55
60
82
19
86
32
11
88
46
12
24
96
0
11
43
85
6
28
63
24
51
70
29
85
5
3
3
97
40
66
59
95
27
94
66
65
26
30
6
24
94
82
72
94
93
15
31
0
95
95
76
99
65
5
84
22
60
40
19
0
6
31
47
33
77
65
51
3
95
57
79
90
39
3
36
32
19
68
84
66
15
60
65
32
17
2
55
77
42
26
29
48
9
28
34
86
94
85
41
89
