884
94
59
82
53
12
22
85
33
72
92
59
85
71
10
35
91
1
48
61
96
76
4
83
70
74
58
76
69
38
83
80
32
94
62
37
7
84
22
92
8
66
3
93
89
14
29
81
67
77
42
63
6
98
98
76
24
57
53
94
47
88
74
79
82
36
16
41
72
91
34
80
57
37
73
99
51
54
80
19
84
74
34
90
24
85
66
49
94
71
95
41
11
69
20
46
57
88
87
81
79
21
61
89
11
86
88
14
41
20
85
77
94
72
67
18
57
85
19
51
57
14
92
20
83
12
66
92
52
54
73
32
27
86
73
90
73
61
5
66
33
42
43
27
14
10
97
71
95
17
22
4
31
66
25
67
30
43
11
83
97
37
15
77
23
88
67
96
1
24
14
34
67
57
13
81
19
10
5
67
79
79
71
63
46
48
82
76
92
45
59
41
82
26
70
6
66
90
54
67
66
69
53
33
78
66
67
98
29
24
65
60
3
88
75
49
37
57
26
81
3
37
74
37
16
97
95
82
87
50
2
53
71
55
39
49
74
58
47
55
82
64
67
85
53
43
87
42
52
13
75
7
2
49
45
18
46
40
1
85
42
55
91
13
10
30
15
36
40
14
91
22
79
59
59
84
54
46
26
6
11
1
14
14
2
59
84
49
51
37
86
94
92
77
59
3
59
74
91
51
41
35
25
72
46
85
56
0
83
82
6
95
35
72
61
37
83
45
38
35
83
25
81
75
54
40
30
66
67
74
17
60
9
43
32
55
80
88
7
63
22
65
10
57
38
71
94
21
17
33
56
52
10
89
27
16
30
10
82
97
84
52
9
93
47
41
0
79
81
7
42
55
72
53
12
62
76
58
84
45
43
92
97
5
82
77
22
64
87
56
13
23
60
22
16
7
63
68
38
96
27
33
51
51
38
15
14
14
25
50
60
69
42
57
26
76
34
0
40
73
57
53
96
69
27
64
29
90
32
67
86
11
0
89
63
38
4
29
53
30
79
65
51
21
22
77
50
9
78
42
82
87
96
31
56
75
95
85
66
80
5
4
91
5
94
6
96
98
35
1
80
14
66
31
88
40
9
90
49
39
32
84
78
80
15
86
56
62
72
22
42
29
78
86
34
24
44
30
75
80
31
55
46
49
87
86
90
48
76
91
39
9
75
17
89
42
3
45
5
27
19
99
56
50
37
43
74
82
25
49
62
9
5
60
58
44
47
48
44
23
40
83
32
67
52
74
62
55
71
67
35
91
18
43
41
56
86
67
38
64
17
52
73
74
12
83
70
59
32
14
35
24
49
19
43
1
93
5
8
65
24
95
8
43
39
1
99
77
68
89
41
37
41
66
11
5
50
33
17
82
99
52
58
48
71
53
49
17
11
10
34
35
5
42
30
96
43
81
74
63
70
15
1
63
82
64
69
84
98
86
66
97
90
76
98
13
81
99
30
92
9
64
28
67
58
10
63
53
92
37
17
62
5
18
78
39
82
47
23
32
85
41
30
27
69
80
40
2
79
71
95
89
87
75
56
46
85
71
99
77
61
68
92
18
86
70
9
21
69
84
53
6
25
35
33
46
15
25
48
95
96
95
36
36
22
44
34
8
15
33
37
28
2
81
46
40
51
55
61
72
39
67
30
16
2
15
14
18
41
15
65
37
10
1
25
33
45
59
93
12
45
30
41
99
12
87
39
15
95
53
40
34
20
70
51
22
86
17
92
27
32
9
16
43
62
42
28
59
1
21
72
46
3
65
45
67
4
37
83
99
90
75
86
62
45
89
36
83
6
29
62
39
90
79
82
53
73
62
12
26
83
36
25
86
1
22
6
6
59
89
57
1
64
43
63
61
32
0
45
39
81
59
30
23
38
12
76
63
74
41
90
9
77
15
47
31
89
53
37
49
94
46
2
10
42
18
72
74
70
69
65
51
28
95
74
19
59
3
82
85
44
24
94
21
91
94
52
81
99
41
82
94
40
84
4
82
2
28
56
72
49
74
75
30
21
