173
14
48
93
59
28
38
74
79
4
67
6
78
31
61
73
79
77
17
47
87
2
56
37
84
57
71
10
80
55
11
94
21
59
39
81
87
29
7
19
34
74
77
12
58
38
38
37
68
55
37
55
9
45
45
93
2
68
55
82
23
66
28
97
78
68
30
17
97
37
36
83
64
13
96
22
4
86
11
72
41
0
79
50
45
76
95
99
44
3
81
20
21
62
17
99
82
99
17
31
36
5
15
52
19
63
26
75
49
38
47
42
90
26
44
36
55
91
35
99
94
69
71
16
83
40
15
65
39
84
96
28
90
63
80
61
26
7
36
27
97
35
69
39
13
13
75
68
5
63
20
51
84
91
67
67
32
35
84
71
19
32
99
61
96
32
22
74
39
10
2
88
45
23
