372
43
50
50
70
39
48
85
1
89
99
73
46
32
72
39
17
98
75
63
5
84
47
59
16
55
51
20
99
45
5
38
89
55
40
59
46
88
96
99
30
96
72
76
28
97
15
98
95
43
61
0
27
60
11
44
68
62
16
19
8
73
58
49
81
98
60
27
39
8
79
69
4
3
97
85
0
65
35
95
8
48
47
87
8
59
83
28
73
0
48
33
73
6
34
54
56
46
34
95
55
65
16
59
68
66
44
69
83
31
16
91
79
16
78
40
27
62
68
52
14
16
86
39
74
72
46
31
19
32
78
74
97
47
85
65
65
82
86
48
13
3
91
93
71
69
33
98
83
53
2
49
70
88
89
96
13
87
79
32
19
10
58
16
9
43
33
74
77
20
22
91
75
65
36
46
34
21
96
70
74
98
71
96
39
60
45
52
99
24
36
18
34
94
86
95
89
20
69
67
40
43
10
15
8
46
13
95
19
61
17
45
11
88
42
2
1
39
6
0
63
42
71
50
88
57
45
78
77
15
97
17
10
7
84
71
5
49
66
76
10
83
21
22
23
15
24
24
54
31
77
18
25
48
20
14
5
65
44
83
32
93
52
95
0
37
66
57
38
32
33
49
67
6
23
90
22
99
67
76
82
96
46
8
44
66
74
1
84
18
84
16
11
89
11
63
78
77
72
16
61
57
65
28
63
40
71
85
40
90
14
22
86
60
82
82
27
56
83
11
26
20
79
89
9
43
4
87
20
76
55
82
33
73
62
49
13
85
34
53
75
48
28
13
61
10
95
40
19
31
3
45
51
82
87
60
25
91
99
98
20
54
32
5
27
94
54
41
32
41
46
7
89
