892
78
33
6
9
18
30
40
34
3
43
92
88
7
69
14
84
38
98
35
89
83
24
40
90
29
48
92
49
82
42
25
60
75
31
21
45
61
62
31
16
57
75
56
64
45
23
1
35
21
36
24
56
60
65
47
89
13
91
90
47
33
67
7
61
98
28
58
11
42
90
79
99
65
88
64
62
11
65
97
32
1
22
40
13
87
87
54
52
78
44
99
64
12
58
25
62
38
83
26
81
25
5
80
43
93
44
5
4
61
3
88
62
25
29
27
64
68
81
68
47
78
67
11
42
77
88
56
15
23
82
96
49
40
77
44
85
73
49
42
35
52
30
49
29
11
29
45
32
10
13
31
40
32
42
34
9
82
91
25
5
73
73
6
65
2
2
51
76
52
93
63
56
75
64
38
39
93
83
71
56
49
2
48
81
96
83
43
78
74
68
35
99
93
94
65
96
96
16
24
0
61
39
57
36
55
95
75
49
30
46
57
79
0
5
61
96
88
4
26
14
24
14
14
69
60
31
65
56
99
41
9
60
80
66
96
36
13
24
37
95
22
46
75
23
3
88
71
44
44
50
58
20
64
24
89
24
55
55
32
54
48
41
66
81
59
15
69
72
39
58
68
13
4
95
88
7
83
60
51
27
10
62
47
26
86
88
50
94
95
82
0
44
24
67
25
35
82
94
60
73
4
80
86
8
75
75
67
10
87
71
37
49
33
36
75
71
76
25
65
72
59
66
16
35
33
93
71
67
39
31
40
43
11
26
51
38
1
70
48
40
41
37
89
26
25
64
98
1
89
63
73
1
81
89
36
66
34
7
33
73
90
73
16
1
0
19
39
53
90
87
94
83
24
83
10
49
0
8
3
41
23
76
42
5
18
79
71
52
38
5
26
29
78
94
82
30
14
74
84
56
13
30
39
90
65
49
39
65
9
94
7
33
71
1
90
89
80
61
41
71
18
19
0
49
14
34
79
28
8
15
84
22
45
75
12
63
77
3
28
86
98
87
19
69
89
61
10
69
23
51
92
93
71
44
42
85
79
74
65
87
41
1
61
39
76
73
2
53
29
82
40
27
70
11
48
59
73
58
80
48
61
73
93
84
17
88
69
48
62
86
88
55
87
49
94
16
75
48
69
56
31
61
35
1
25
83
12
50
93
92
98
6
17
43
91
87
31
12
35
93
99
75
49
86
25
95
2
52
44
24
8
75
37
43
28
62
78
40
64
71
84
62
77
54
6
20
41
89
33
28
83
32
4
84
18
81
31
73
33
75
49
93
2
86
36
30
1
14
22
65
37
7
80
66
61
38
87
54
27
20
34
62
52
90
46
22
71
78
47
56
5
96
49
60
83
37
90
36
3
65
1
40
24
81
7
37
71
94
91
99
66
77
61
18
68
60
40
91
90
40
48
95
36
49
55
71
39
98
7
42
63
61
83
87
94
42
24
66
88
67
65
54
44
26
72
12
38
64
56
28
4
4
24
93
5
31
64
44
29
24
87
44
85
22
83
79
64
59
45
52
26
62
6
23
41
30
87
79
94
43
8
51
99
84
44
5
67
60
49
97
84
88
93
69
10
29
1
74
88
98
78
15
61
84
90
2
14
77
33
61
21
41
12
72
77
8
77
45
68
79
94
53
19
39
74
30
68
75
56
57
26
35
24
87
71
14
41
38
91
74
99
64
68
63
37
97
71
66
42
91
45
36
44
17
76
71
47
44
98
55
53
24
42
77
11
14
91
4
4
35
31
3
99
99
18
88
96
41
7
91
32
52
27
77
69
55
0
68
52
98
76
5
23
18
83
86
32
26
91
88
61
22
91
13
73
61
53
21
2
60
12
35
65
92
64
86
47
64
55
51
62
31
9
37
1
44
24
86
70
67
74
84
41
18
97
14
79
2
35
82
63
48
69
28
40
33
66
39
49
21
43
11
4
52
1
6
48
25
44
70
44
18
54
85
36
3
99
16
6
86
50
21
34
19
49
26
52
15
18
1
89
13
64
45
65
17
3
65
42
47
35
38
