361
48
3
51
32
98
6
95
37
26
51
87
62
10
73
90
48
28
10
38
66
80
24
22
1
9
54
83
75
44
87
40
92
90
43
77
40
49
72
77
27
75
16
89
85
89
80
85
17
42
24
35
22
0
10
75
9
64
10
84
9
97
76
1
39
19
78
31
68
2
8
95
77
24
84
15
65
16
0
82
58
76
70
32
76
80
59
37
44
70
73
53
19
49
55
59
68
85
90
36
88
51
83
17
27
20
84
93
36
37
27
95
13
97
79
42
77
39
79
22
61
53
75
80
2
82
91
71
20
82
59
8
85
95
77
12
15
62
57
51
99
85
98
12
34
78
6
64
69
86
38
82
91
65
62
93
48
54
16
20
88
28
28
73
23
57
37
38
19
95
89
18
32
40
83
18
70
41
82
39
27
20
21
18
86
35
64
86
41
80
6
29
60
86
54
83
43
92
21
63
39
63
33
23
3
68
41
25
10
24
64
89
44
37
8
82
24
24
68
66
56
26
47
17
12
2
0
56
46
74
71
85
37
56
8
92
25
49
17
87
25
33
76
22
22
36
4
46
60
25
64
17
51
12
34
64
14
86
72
60
60
95
97
49
51
5
93
76
6
62
63
32
47
92
54
69
28
10
68
89
35
84
58
39
96
44
55
62
30
27
74
43
22
71
44
25
28
90
54
35
52
69
19
0
61
25
21
90
35
41
31
23
26
89
62
74
33
69
37
15
96
11
58
70
35
55
95
63
45
49
50
49
19
21
49
32
46
23
22
34
16
5
57
94
94
71
69
79
40
6
95
88
69
5
10
4
60
57
20
57
59
70
