877
87
77
76
1
76
54
56
92
45
46
3
90
99
11
76
24
79
83
98
11
86
87
74
4
69
34
34
63
53
96
49
40
26
25
41
54
32
50
46
77
96
50
19
95
13
95
19
92
78
69
55
16
56
81
73
26
15
7
89
20
4
90
61
30
15
54
84
99
56
83
77
53
85
96
48
50
44
20
42
22
41
49
39
98
30
64
24
97
71
65
17
27
55
30
9
22
37
46
22
93
81
51
98
66
99
99
16
43
71
10
18
12
11
9
10
41
73
86
90
44
51
59
24
6
42
85
81
79
31
3
24
12
54
75
30
5
74
98
49
97
60
67
9
71
76
72
64
49
10
54
45
62
66
21
20
8
7
1
39
90
56
15
3
62
90
85
68
16
84
17
13
96
36
75
68
64
47
32
13
57
39
10
71
57
84
92
65
91
45
56
81
54
71
36
16
14
22
84
30
58
53
96
54
89
71
74
5
70
7
18
27
98
81
99
55
65
43
72
8
40
28
89
94
51
26
63
65
0
47
48
58
53
44
64
94
67
39
0
37
98
70
16
48
3
15
3
68
10
27
76
3
7
18
97
58
96
12
24
96
12
72
6
65
68
70
11
87
9
11
24
59
34
40
7
37
8
62
58
70
89
86
73
96
4
23
55
0
35
31
48
99
55
54
64
75
25
76
62
86
39
38
46
25
30
5
63
90
68
21
13
57
7
86
6
64
61
13
16
49
44
65
48
51
19
65
26
96
93
40
35
84
78
33
10
60
38
73
51
6
46
64
16
5
2
22
21
16
35
38
17
31
3
17
82
74
82
60
71
27
0
6
12
30
91
22
42
29
47
93
36
45
9
52
2
64
26
24
32
61
62
1
44
17
18
78
91
53
38
62
80
90
20
92
72
11
66
14
93
65
60
29
10
21
33
13
37
59
89
69
72
51
70
16
68
41
46
11
94
84
74
74
26
46
19
98
10
85
12
3
51
24
84
13
46
69
78
83
80
67
53
52
70
75
20
90
16
66
2
62
2
28
37
28
26
56
78
36
93
42
91
96
67
27
10
13
96
40
48
76
60
53
80
30
29
52
73
97
70
27
60
24
55
49
4
81
57
82
70
50
25
13
99
44
41
61
9
89
1
57
18
61
11
50
44
92
3
69
41
73
96
1
50
51
2
54
84
59
37
6
62
14
20
61
58
13
74
19
54
75
76
72
89
39
23
85
31
78
54
73
51
50
26
1
53
29
8
89
40
45
96
2
11
68
15
21
33
89
40
87
17
68
60
6
8
35
43
39
13
97
64
16
99
91
70
4
72
78
93
12
23
41
67
34
61
82
7
94
72
47
82
41
15
94
99
23
29
42
15
42
91
31
58
42
22
80
46
46
58
39
59
33
81
26
19
94
60
26
89
84
73
23
25
41
17
24
16
98
66
83
92
57
15
2
51
37
83
97
36
41
37
95
75
70
73
94
64
33
73
5
18
46
28
95
39
97
20
56
47
86
39
39
96
6
42
47
44
25
45
32
18
34
79
93
56
52
40
72
37
13
30
7
11
10
3
51
8
23
59
55
61
50
47
9
57
89
57
53
66
54
85
84
40
64
30
48
68
70
20
5
35
2
65
46
13
68
49
21
43
60
28
56
11
75
66
68
16
23
73
82
29
58
67
69
74
49
69
42
19
41
99
6
44
64
4
57
84
6
30
79
66
58
36
29
86
2
49
2
77
22
37
6
80
4
27
6
53
96
48
24
37
48
82
33
64
86
90
1
44
20
80
11
31
16
40
69
70
90
23
47
64
60
53
97
64
32
3
69
80
52
45
70
52
79
3
68
18
94
69
62
66
50
25
49
18
18
18
89
8
42
36
24
2
42
21
19
74
25
40
7
29
38
77
81
17
80
49
35
26
19
50
93
21
75
42
39
93
13
80
53
7
69
78
61
11
99
80
37
76
73
44
5
63
21
86
80
2
88
68
28
59
70
73
32
45
68
23
91
