878
81
4
96
40
73
74
1
36
26
34
73
54
59
70
60
22
43
98
54
45
86
74
26
97
44
51
29
42
19
53
33
52
57
81
92
82
8
46
70
86
80
95
40
39
65
0
61
9
99
67
6
37
42
84
35
86
36
64
80
55
69
13
60
78
47
4
12
55
50
82
41
82
78
81
21
43
34
34
4
33
2
11
22
44
95
57
82
83
74
63
91
43
28
51
74
75
7
86
82
58
69
23
40
47
57
14
42
91
0
47
76
54
10
98
50
57
56
33
41
82
48
84
77
28
35
51
4
94
38
38
52
7
62
45
6
71
11
48
62
63
95
90
18
57
88
68
15
96
53
8
78
1
92
56
30
79
59
86
73
97
24
78
4
38
75
10
9
38
11
23
1
58
13
19
16
54
88
31
50
93
91
81
95
83
89
77
14
48
63
87
98
39
17
54
78
92
17
39
30
28
15
32
86
28
3
2
34
43
85
37
37
28
70
32
11
59
61
25
59
24
65
57
63
82
12
93
27
29
33
9
9
48
41
95
28
97
50
15
40
87
52
77
16
22
61
79
33
22
57
92
46
22
2
62
56
66
7
83
47
92
93
56
92
86
51
73
83
53
88
76
41
92
53
57
14
15
36
99
89
45
43
88
67
45
2
76
63
9
59
10
2
4
66
46
43
70
19
78
23
7
54
64
99
8
73
65
75
62
64
16
7
8
4
27
5
6
3
69
16
14
79
70
19
98
16
62
68
88
40
91
95
95
8
47
55
33
64
82
95
81
98
55
41
3
82
46
61
37
67
77
51
99
99
70
97
68
84
17
56
77
60
3
24
68
50
31
2
67
13
49
48
63
4
89
18
38
87
80
75
7
9
27
6
9
49
55
77
34
72
33
11
32
36
35
53
39
66
7
58
31
56
6
46
13
47
65
51
86
97
27
93
6
6
99
67
55
6
96
41
30
81
52
63
70
39
68
9
57
75
19
40
83
25
87
96
72
4
48
58
1
27
4
59
33
55
27
40
62
75
82
92
57
86
7
27
26
27
88
35
2
7
28
86
84
15
34
8
71
34
66
24
61
22
83
46
78
62
87
40
38
69
84
95
55
44
74
33
71
62
21
74
21
49
12
5
16
46
13
87
81
31
11
94
54
94
93
32
9
80
24
47
1
8
94
8
52
68
94
24
82
15
50
3
16
14
60
32
12
73
19
45
56
82
40
10
76
33
94
37
65
18
84
18
79
78
78
83
98
72
59
80
39
61
35
55
75
95
39
88
20
58
33
29
92
25
91
69
58
86
58
75
56
43
45
87
73
24
23
72
48
82
52
40
44
40
95
19
87
87
59
8
97
93
89
90
18
80
11
29
18
69
56
27
12
2
14
86
26
89
10
74
72
14
14
68
54
62
87
42
49
99
2
98
92
91
88
62
23
99
91
42
69
48
21
33
2
87
71
28
77
81
54
49
96
21
17
2
83
56
44
84
7
98
34
99
41
23
14
65
22
5
59
43
5
80
29
7
67
0
87
44
34
42
45
30
15
14
32
98
23
29
34
30
79
68
30
21
43
44
86
18
1
45
61
59
25
90
18
44
43
58
89
77
52
86
59
67
1
43
17
24
72
3
54
52
23
36
25
67
32
11
85
86
8
98
97
85
41
67
29
84
25
70
61
77
57
72
44
10
15
61
34
40
16
40
92
40
77
17
7
61
80
92
47
88
90
96
25
83
64
54
67
89
77
80
19
86
52
15
96
68
29
30
8
45
22
52
85
51
21
92
13
53
36
12
93
79
9
18
62
73
24
30
14
1
62
33
87
15
49
83
35
78
65
95
23
40
47
9
91
20
53
4
73
90
17
66
69
78
36
31
51
60
13
65
14
76
51
1
43
52
37
78
82
54
73
57
94
72
18
38
44
72
42
17
62
11
35
83
89
23
14
92
83
80
10
97
56
61
51
99
65
40
29
47
46
2
4
93
26
23
31
70
47
25
39
61
37
