707
15
78
50
57
17
57
71
28
59
95
46
58
12
4
58
19
98
85
89
70
79
22
56
79
53
78
56
77
31
79
92
98
9
95
55
26
4
78
6
63
74
53
73
38
57
32
57
7
69
46
29
48
21
85
79
74
63
87
51
46
18
96
97
27
91
4
53
95
83
60
10
57
65
84
95
74
68
4
81
89
3
11
89
24
48
20
98
12
7
50
10
26
46
7
53
89
12
59
36
47
71
46
4
36
82
51
10
2
7
43
91
10
6
32
34
55
52
85
19
60
87
29
38
33
89
43
74
1
2
10
48
25
8
4
13
91
7
23
45
66
19
89
77
25
21
63
80
74
0
51
86
87
81
76
72
22
19
46
23
74
8
23
99
17
79
13
60
38
88
5
4
7
46
33
85
68
97
65
94
49
17
80
37
50
56
9
72
27
56
47
1
64
22
53
33
53
66
93
91
54
51
47
14
97
81
99
65
30
16
11
79
85
91
68
87
99
78
59
79
86
58
80
2
32
33
36
85
51
81
28
58
32
28
72
30
9
23
47
91
39
59
22
77
2
91
64
54
21
76
33
7
86
65
9
19
51
97
56
2
79
85
60
63
65
84
45
26
7
45
17
99
4
91
28
58
82
92
12
3
20
97
62
7
63
24
26
14
21
34
68
52
71
81
68
36
65
65
62
25
10
31
76
66
23
4
25
57
48
89
61
69
39
75
76
2
99
54
68
73
40
88
77
12
69
45
48
87
11
11
12
21
42
40
40
17
44
65
75
92
6
88
13
45
63
41
99
63
47
19
36
88
8
13
0
29
11
0
16
74
11
28
47
6
68
87
23
64
52
50
9
11
38
22
56
2
16
56
65
63
75
53
3
35
18
3
65
29
56
81
55
67
62
3
25
30
90
1
47
95
51
56
6
42
30
62
44
46
70
61
62
46
66
65
81
84
21
98
66
77
80
21
96
42
24
74
24
67
27
71
62
30
79
20
72
62
82
16
60
53
29
22
51
95
40
84
80
13
83
98
42
15
19
38
57
96
64
33
15
91
5
29
22
36
49
94
98
31
63
11
36
92
33
39
40
25
24
72
90
59
70
32
74
41
71
31
89
35
16
4
79
73
33
1
10
34
47
60
18
10
71
54
55
57
46
95
34
22
67
25
81
89
57
55
82
80
38
72
68
54
28
47
28
14
48
90
48
95
2
66
58
74
73
13
83
19
60
17
41
79
42
74
20
52
81
2
32
19
74
0
25
55
47
5
69
47
47
69
95
50
36
53
76
61
18
59
32
78
76
25
9
71
99
29
23
80
31
7
51
58
8
28
13
7
34
82
55
81
51
50
83
39
55
59
0
73
18
84
3
47
9
12
70
8
93
45
40
24
52
91
82
12
20
47
20
6
29
75
39
33
77
23
24
32
34
77
57
5
61
60
4
71
24
74
31
17
71
24
93
23
15
28
36
87
75
56
93
57
83
85
90
12
60
14
44
94
91
1
99
5
13
55
76
37
29
59
6
0
83
99
76
51
79
64
38
55
72
84
12
7
21
54
19
81
68
63
27
12
16
79
17
29
34
45
18
16
56
24
16
40
75
44
43
55
8
33
62
32
