576
32
39
27
68
72
10
86
50
51
86
21
52
60
36
27
94
23
98
25
95
77
3
53
40
75
4
94
34
8
30
61
92
69
89
60
93
51
46
43
54
85
65
6
45
53
33
39
28
31
17
23
60
20
29
0
47
33
47
82
41
77
43
86
98
84
46
91
35
45
87
41
30
4
47
75
57
32
67
38
15
84
61
75
4
90
76
52
76
75
86
69
4
29
55
2
66
2
45
53
99
84
95
81
88
42
8
98
75
75
36
42
59
49
18
16
92
46
20
68
21
6
37
25
87
93
79
5
47
76
59
98
61
6
79
1
0
87
51
27
63
39
70
74
41
88
90
33
86
62
53
7
68
90
84
8
35
15
13
82
91
24
32
4
30
11
58
83
99
61
10
14
1
32
88
42
20
31
27
6
93
80
65
14
70
49
22
58
16
87
92
8
12
25
64
94
36
22
29
87
84
40
1
37
72
42
31
45
73
58
3
18
38
21
32
60
22
6
18
39
46
11
47
10
36
63
4
72
38
86
12
22
26
13
11
50
55
42
47
80
0
3
51
38
24
83
98
46
42
17
37
40
80
36
50
16
0
6
40
38
92
52
12
70
18
23
21
73
17
20
6
17
23
57
7
99
92
57
98
86
26
35
26
6
72
76
74
24
83
15
62
75
67
26
98
85
49
19
11
18
91
69
35
67
26
94
66
70
51
64
57
78
52
35
84
76
12
59
0
47
26
14
74
45
92
72
83
93
43
46
11
35
15
46
2
93
40
20
63
43
85
72
21
89
8
58
65
72
69
17
71
95
83
45
40
75
70
75
68
13
21
79
0
36
77
54
81
69
75
45
12
12
69
34
1
29
44
18
53
13
87
24
60
70
70
52
97
40
28
65
5
49
96
6
38
25
60
19
94
87
16
6
99
86
92
0
67
88
70
21
1
57
45
61
27
67
14
76
59
94
41
17
43
89
23
81
14
35
1
8
23
17
67
74
55
11
27
75
0
97
96
53
55
93
15
34
13
81
63
72
75
4
89
70
46
64
52
60
52
5
21
27
74
40
1
82
51
28
57
3
78
53
57
85
98
24
71
11
5
34
84
32
39
25
2
85
42
6
97
94
11
18
73
38
58
74
20
62
55
77
65
33
30
22
18
80
46
89
92
3
24
76
35
15
53
90
52
95
96
1
41
60
20
14
98
30
41
70
92
96
47
10
81
29
32
99
9
31
40
1
34
16
29
22
83
83
64
87
30
12
89
72
72
61
38
22
91
79
92
36
27
91
46
8
20
30
59
30
13
52
83
0
20
13
74
4
48
