904
67
79
30
69
18
95
80
62
34
75
36
54
97
62
45
97
41
17
98
34
44
77
17
37
2
67
94
11
38
89
36
57
68
18
27
86
13
59
0
99
87
37
53
36
51
99
33
93
68
31
79
12
60
49
1
62
16
96
25
6
37
13
64
5
31
43
43
96
54
95
96
93
32
1
29
36
52
14
81
21
45
12
33
57
61
35
71
30
83
48
36
20
61
52
77
44
47
72
41
54
67
37
47
52
90
29
88
43
43
21
64
41
33
49
98
95
84
22
77
19
70
65
91
32
18
20
76
17
92
69
71
12
6
71
64
97
0
4
92
95
25
56
36
10
5
87
57
42
9
34
13
31
0
5
15
70
77
44
39
22
13
63
34
72
34
50
21
86
6
13
33
83
21
22
93
78
9
51
72
70
37
86
53
37
43
69
59
20
13
99
42
26
62
28
98
48
78
19
34
36
84
19
19
5
41
13
84
2
16
56
24
53
94
78
91
89
47
2
10
60
1
4
38
15
85
89
63
63
60
49
0
45
69
71
50
10
84
86
65
52
95
89
6
41
67
49
31
14
51
93
26
5
97
65
20
34
54
84
98
14
85
50
11
54
21
14
17
58
52
34
10
47
23
68
41
91
17
72
57
69
65
36
26
14
1
46
1
7
82
99
73
20
1
37
26
74
51
43
84
3
77
95
3
53
15
96
96
33
68
53
54
85
89
80
51
42
78
52
1
13
3
27
33
56
64
59
31
67
55
15
70
84
62
25
37
78
21
33
63
41
39
17
78
28
49
30
23
27
34
24
40
90
3
73
46
67
33
29
86
40
97
57
24
11
34
62
41
8
47
4
49
86
73
28
15
22
10
90
50
96
66
42
86
70
16
85
89
1
14
76
41
11
85
17
23
19
79
16
79
27
21
29
65
94
9
32
69
71
22
19
67
89
13
54
11
29
39
0
82
5
28
75
17
13
93
92
85
24
8
64
51
81
45
69
28
54
1
97
25
24
16
45
65
81
99
76
11
90
76
45
47
5
21
64
70
66
8
55
90
69
72
94
50
17
63
30
24
64
27
49
40
95
94
5
77
45
81
40
87
10
85
35
67
58
51
37
24
12
45
67
81
17
61
83
34
76
14
58
40
93
60
81
89
6
38
66
4
20
6
43
82
43
30
49
2
82
38
78
46
83
45
79
52
58
14
87
34
80
97
27
74
9
60
63
16
98
81
72
70
87
15
52
82
46
1
84
80
40
15
26
75
12
57
28
71
71
67
57
52
16
84
26
26
96
41
94
95
22
66
65
61
33
18
43
79
71
80
11
63
47
37
39
59
46
19
82
18
86
40
22
2
76
0
80
73
41
74
68
15
92
85
28
26
3
23
5
27
55
69
90
2
58
81
14
5
0
96
23
86
88
97
41
65
97
21
90
90
96
10
57
88
95
85
14
51
60
72
78
16
93
20
70
51
2
84
56
2
81
31
41
69
28
82
86
25
3
76
67
51
86
24
92
34
61
58
85
22
82
15
38
75
35
8
27
37
45
83
92
26
67
33
47
95
67
34
73
22
10
40
74
49
65
18
83
26
76
68
0
59
83
90
86
70
99
13
8
44
49
52
22
16
85
69
11
52
3
36
26
66
29
0
15
94
70
98
72
47
18
25
58
1
15
44
71
66
10
31
62
59
83
84
75
20
6
38
24
9
27
51
27
56
51
42
2
74
92
26
21
10
51
31
11
67
27
35
33
37
18
96
96
2
32
23
74
38
14
99
0
41
50
27
97
53
22
51
27
14
77
0
25
29
83
88
96
11
23
81
48
94
29
97
48
14
72
22
52
38
21
4
79
71
32
28
77
6
79
4
20
57
57
45
38
40
34
86
51
9
67
52
3
49
1
51
63
73
26
67
12
47
72
43
71
56
24
48
62
55
4
82
64
61
80
2
2
14
88
5
75
8
9
79
57
10
82
72
36
8
39
0
8
11
43
79
67
19
79
29
75
83
64
39
97
44
94
51
10
82
56
85
42
66
16
99
28
99
71
64
59
11
64
67
74
60
98
