957
80
6
26
36
3
31
32
25
71
67
78
4
39
28
27
7
96
96
98
47
20
55
59
36
46
83
22
28
91
45
16
71
52
42
59
55
25
91
32
97
11
63
1
50
91
80
58
87
76
8
87
48
64
46
84
62
29
59
91
72
4
59
43
8
1
3
15
27
46
48
76
57
63
77
8
6
9
18
94
37
78
81
85
42
79
22
57
60
33
48
33
89
7
28
98
60
83
13
39
30
13
15
87
28
44
95
35
53
65
81
42
44
14
80
38
93
2
95
5
87
95
38
76
54
67
26
15
2
92
54
32
5
22
20
86
66
67
21
72
85
2
14
29
16
94
67
61
48
15
66
35
10
57
64
65
76
90
32
78
82
38
11
40
60
83
26
79
2
47
3
87
1
69
68
69
16
88
82
16
3
48
52
65
57
16
30
33
58
14
64
41
53
27
81
65
10
59
96
64
6
51
52
7
21
72
28
89
60
10
5
63
10
9
81
68
77
11
53
36
78
17
29
83
44
62
48
6
21
97
71
27
48
75
86
21
47
66
10
60
76
68
75
86
77
56
6
55
20
60
43
98
29
72
81
74
34
81
32
55
30
3
34
31
30
72
52
30
38
15
90
66
83
65
52
12
22
11
67
42
71
10
92
0
34
73
26
68
6
59
75
37
62
61
68
45
33
72
75
23
87
65
89
22
82
94
35
56
5
54
98
28
17
42
28
51
15
7
72
74
66
99
63
80
61
31
25
46
3
52
22
43
69
63
17
52
57
52
60
14
59
11
94
76
53
75
79
21
82
3
95
48
3
58
80
16
41
6
62
96
10
84
39
80
48
57
84
57
61
44
24
20
55
18
48
9
93
80
30
75
83
77
75
38
35
56
54
76
14
69
72
24
53
64
4
53
73
40
63
34
85
87
7
40
57
55
1
51
35
31
78
71
8
6
9
95
62
64
71
28
33
96
52
38
12
9
44
85
1
7
19
86
46
26
79
3
34
80
6
69
12
37
92
72
43
2
68
57
66
91
85
51
39
89
89
51
50
33
36
52
92
56
90
38
34
69
94
68
50
52
90
14
89
82
38
84
84
6
93
2
50
78
5
89
20
95
93
22
80
29
74
73
37
17
63
24
86
57
92
88
62
34
54
51
69
93
88
5
51
81
60
1
12
65
43
84
60
88
6
93
17
33
18
7
50
81
31
36
91
75
77
53
10
31
56
31
24
44
36
28
78
96
81
90
14
76
74
74
64
32
19
82
65
37
89
15
19
72
4
10
47
81
15
9
64
71
40
89
68
29
69
98
25
50
88
39
27
14
66
91
46
37
25
64
75
14
79
46
38
35
8
86
16
23
95
81
46
36
22
66
17
91
64
42
93
4
34
20
18
52
12
17
89
37
33
16
4
12
62
42
48
70
80
16
45
28
49
92
16
23
58
33
66
23
75
60
79
61
32
50
65
44
19
7
34
52
23
90
64
86
84
64
8
65
33
54
93
34
98
9
10
56
42
76
31
69
88
63
83
21
13
48
17
32
55
51
84
31
93
0
17
78
17
77
95
2
31
88
36
81
49
46
90
43
23
73
64
63
36
99
84
49
0
2
81
55
5
65
38
99
18
7
29
35
85
24
37
68
64
73
50
65
72
40
60
47
13
24
10
50
24
47
99
24
1
33
31
6
50
70
57
68
29
86
3
14
62
92
83
26
18
33
43
90
25
3
37
38
80
99
40
4
46
40
80
47
25
63
6
75
85
15
44
15
54
99
29
16
92
64
95
10
49
38
0
74
42
89
65
22
40
5
78
87
97
10
86
22
25
44
98
11
60
42
78
14
41
59
82
33
24
77
95
25
68
47
0
62
36
65
36
29
22
66
68
20
76
6
42
53
51
40
64
63
82
94
29
76
54
11
61
30
41
57
7
9
4
59
23
93
24
59
22
99
77
90
19
53
48
61
58
99
2
75
62
36
69
91
12
75
55
26
57
96
83
65
57
87
24
32
32
1
43
6
0
20
48
19
25
97
32
83
96
34
58
11
23
28
54
87
55
61
13
13
9
96
78
66
36
54
50
20
55
93
27
55
13
75
26
38
72
59
74
21
45
32
32
20
12
38
8
68
0
73
81
9
22
11
28
10
65
78
30
21
24
57
28
89
85
7
80
9
18
54
30
15
86
14
