645
16
88
21
52
32
27
21
31
15
42
69
10
74
86
6
83
90
40
24
87
41
54
54
56
40
16
45
15
97
85
15
13
25
88
66
10
16
39
41
83
81
11
93
55
97
0
91
87
92
67
26
33
73
80
41
14
96
38
81
93
76
96
59
53
37
25
63
53
64
5
88
97
68
81
53
65
33
96
4
78
15
82
63
89
14
5
55
10
95
36
56
71
85
15
77
22
92
40
27
56
97
15
53
65
96
58
82
82
6
86
60
22
20
23
63
34
80
18
97
76
6
53
99
91
20
76
13
64
69
40
72
66
55
77
32
4
88
14
86
94
53
98
68
73
21
83
60
54
1
57
82
8
62
81
51
34
10
65
98
79
5
70
45
13
47
29
17
35
96
55
82
1
53
2
26
26
86
86
32
39
43
14
99
5
48
51
91
58
16
89
89
73
59
34
86
59
16
55
46
64
62
28
65
67
31
91
46
17
78
78
56
73
93
8
31
41
59
22
51
75
12
40
0
23
26
87
34
42
94
81
6
57
61
23
76
44
15
22
61
45
1
70
18
46
78
49
87
89
72
38
64
36
30
64
11
56
3
46
51
50
79
9
59
40
33
35
37
48
58
50
45
59
20
63
57
50
65
44
91
89
34
55
25
16
72
88
72
27
86
23
77
17
85
36
10
18
24
47
18
82
97
63
93
70
26
50
72
91
46
64
32
32
19
57
48
43
98
20
71
84
96
0
2
81
89
12
51
13
11
69
47
8
32
92
78
10
42
51
54
40
15
86
72
86
96
20
82
94
92
53
30
40
5
84
73
46
48
24
59
59
45
58
68
29
50
98
40
44
49
46
84
16
84
8
3
80
28
85
26
73
90
9
65
47
93
39
94
94
63
53
5
9
64
73
38
14
72
30
59
73
28
43
90
13
52
93
93
32
30
72
57
20
81
23
67
26
62
61
72
77
67
78
38
83
3
29
97
27
11
56
1
40
52
43
53
56
36
98
40
18
70
98
90
3
21
57
82
35
71
54
64
90
84
3
73
88
84
22
15
95
79
68
35
83
11
88
39
99
87
79
17
9
29
7
65
2
17
47
89
40
53
54
82
90
9
7
78
93
29
45
88
60
14
24
43
77
12
34
77
51
66
46
13
47
54
78
50
23
77
39
63
82
45
97
72
54
4
2
47
33
48
36
46
14
60
41
91
24
76
20
28
94
67
41
41
73
19
91
96
48
83
11
30
28
60
3
83
64
5
30
49
53
18
95
19
78
37
63
55
65
83
83
59
50
24
52
75
95
44
23
43
79
34
73
7
94
28
42
10
34
25
60
39
43
7
59
74
44
22
29
61
57
64
72
60
40
25
35
87
21
59
30
0
45
55
59
92
84
2
2
70
79
14
61
22
22
20
96
18
94
77
80
4
41
52
64
33
77
51
20
98
10
2
50
8
58
10
0
94
64
54
16
43
69
77
