575
81
7
0
87
80
29
16
31
82
52
44
33
19
42
71
22
97
19
62
81
50
5
12
53
8
55
63
32
58
73
85
39
32
37
78
65
67
47
96
1
99
92
35
70
35
6
92
84
77
6
65
79
64
77
33
72
85
48
56
95
73
41
86
57
79
64
22
98
11
71
99
63
63
86
85
50
44
30
34
21
36
0
1
0
29
86
24
14
34
81
9
59
74
47
16
53
12
91
51
75
14
3
90
29
89
76
80
34
6
66
55
94
66
56
47
48
42
71
14
28
52
76
87
27
23
4
32
35
95
36
63
9
39
5
90
28
81
70
14
39
37
70
86
55
78
33
55
21
4
70
1
9
46
89
88
69
93
72
57
40
8
72
1
99
77
91
80
11
14
94
2
3
16
88
58
95
21
66
68
78
36
69
87
82
58
27
3
3
99
12
95
8
84
96
59
14
40
39
25
54
34
27
9
50
16
67
97
89
33
65
67
21
87
6
55
97
85
59
1
85
23
96
45
8
45
4
22
85
44
99
91
30
26
0
80
94
19
30
36
5
47
3
26
34
62
34
32
47
93
85
84
68
81
29
76
78
34
50
15
78
49
6
8
28
58
40
22
78
70
58
35
18
14
13
4
28
47
36
75
92
21
60
61
55
89
89
85
75
40
1
5
41
7
13
69
18
6
92
48
28
2
83
98
16
96
3
44
96
91
72
40
65
84
1
20
25
91
5
1
83
6
6
24
66
72
94
84
30
38
84
58
40
67
57
9
15
12
5
63
3
29
4
68
13
5
40
91
48
98
44
83
56
2
60
22
74
54
58
4
44
42
15
36
61
72
97
77
84
3
92
39
84
96
8
50
54
0
41
54
98
85
38
55
39
98
77
14
4
88
70
0
82
85
36
44
9
34
73
45
89
65
85
25
14
45
75
68
45
68
22
44
5
12
99
45
62
28
11
66
68
81
66
3
19
55
47
28
41
72
26
30
89
63
55
3
8
83
23
5
51
98
1
9
10
0
54
25
81
65
91
1
46
10
4
17
65
3
46
6
75
24
88
17
87
95
72
47
78
48
52
82
46
54
91
8
6
97
33
39
62
77
41
60
87
45
78
4
1
76
62
28
0
50
45
39
97
18
86
28
66
38
62
64
92
53
72
51
50
58
90
64
35
31
24
74
29
54
30
30
30
92
58
82
94
56
21
91
26
59
71
44
98
33
8
42
38
32
93
88
42
36
52
77
19
29
3
48
83
33
30
66
25
41
0
71
49
22
15
75
33
86
19
31
20
79
26
58
11
71
99
54
7
3
83
27
