493
2
34
47
92
74
33
98
87
29
38
86
91
28
12
77
29
84
38
15
64
51
71
25
97
4
41
41
88
83
39
55
85
25
54
29
99
40
80
38
69
70
25
12
98
89
42
80
73
80
95
90
31
18
15
80
74
56
22
14
39
13
69
76
38
75
58
89
15
38
79
37
8
4
49
59
93
43
39
19
75
86
9
6
56
24
39
30
80
61
44
71
26
65
47
16
40
5
5
56
43
84
45
4
41
46
63
86
90
54
5
65
40
14
24
96
90
63
78
70
76
22
93
2
39
41
70
79
46
27
87
42
11
84
98
4
31
13
91
21
67
48
38
59
63
14
7
53
29
85
76
5
59
69
59
98
62
81
29
61
8
69
55
72
53
53
76
84
18
19
57
37
68
48
96
83
62
55
36
92
40
64
49
51
86
61
1
0
42
30
61
51
51
16
75
57
21
51
41
39
23
51
76
91
99
24
74
13
79
62
5
71
79
7
22
17
20
23
17
14
6
79
17
9
47
92
66
69
96
60
8
19
11
85
10
62
9
36
75
41
50
33
12
29
92
35
46
12
10
16
26
16
95
96
26
42
88
92
63
84
4
72
55
15
9
17
77
70
53
5
11
4
38
24
85
30
11
84
94
21
0
72
90
47
68
16
41
9
60
5
45
65
29
1
32
38
18
62
8
24
67
20
80
57
96
65
39
7
1
33
80
53
57
70
0
78
38
42
87
99
99
32
16
28
85
0
66
56
62
26
80
81
98
60
38
94
77
77
53
31
62
34
84
20
4
85
98
43
79
37
94
30
21
62
58
7
62
76
63
77
2
95
58
1
7
97
47
84
26
1
67
89
87
52
9
91
89
59
86
68
96
32
50
69
94
8
76
9
36
91
86
90
86
96
91
93
93
91
30
20
92
97
61
79
1
22
22
90
81
61
10
29
93
60
98
40
20
27
1
56
70
39
47
57
35
90
2
81
81
84
53
25
34
14
56
35
36
31
78
69
92
88
98
37
1
48
77
21
75
30
30
46
69
29
55
5
19
9
38
53
46
91
78
80
5
87
67
41
18
97
10
62
38
60
99
39
60
29
12
88
59
42
86
29
71
41
86
43
2
24
96
48
67
26
