480
75
45
57
89
38
51
31
4
85
20
53
80
73
79
93
32
49
83
45
35
73
72
78
40
55
51
16
76
71
22
97
98
68
6
88
58
10
71
62
95
91
67
27
17
46
72
49
48
55
46
83
81
18
14
21
25
17
90
1
41
12
50
39
32
56
79
90
66
51
53
13
94
20
92
63
19
65
12
67
72
10
2
53
80
16
27
57
86
69
58
27
33
8
18
66
17
98
56
35
49
61
49
95
34
93
59
53
58
23
72
31
34
74
36
66
43
15
24
29
36
34
8
70
43
26
36
60
24
44
95
25
6
96
21
40
90
80
45
0
3
17
83
89
43
72
8
86
87
84
15
24
18
23
46
61
2
82
73
78
78
69
4
84
17
77
76
59
9
21
60
64
90
43
54
34
15
14
20
55
98
88
31
16
63
77
78
65
11
51
44
89
72
0
26
42
29
2
1
38
24
61
2
14
57
8
48
24
22
21
79
20
9
62
37
24
91
67
42
2
70
38
44
95
38
70
37
19
72
38
57
48
52
59
63
9
20
63
33
42
84
65
63
45
79
52
22
71
19
64
73
41
2
17
36
92
39
73
11
12
64
68
60
16
79
75
25
99
91
10
94
27
27
9
25
7
61
47
78
32
11
3
73
65
73
10
57
12
35
68
76
99
88
89
67
19
64
44
71
55
7
65
35
34
74
60
41
35
7
71
19
70
75
92
35
48
54
44
12
42
64
89
93
52
78
61
23
94
5
94
2
12
11
37
99
85
97
40
72
56
64
91
26
39
36
13
39
42
57
3
84
21
92
78
25
22
39
48
17
96
95
71
61
6
8
60
44
57
0
68
13
16
12
39
7
0
52
46
42
61
2
27
82
94
57
59
69
48
59
38
44
54
9
5
13
17
65
9
74
18
77
39
34
89
30
94
89
34
40
84
95
94
63
29
89
20
88
10
68
47
48
64
2
57
70
67
26
87
76
52
5
53
91
92
95
21
86
36
55
78
20
50
73
83
79
14
55
19
76
23
66
24
88
20
81
10
87
7
97
63
59
55
69
2
99
16
23
85
52
30
15
25
32
40
60
11
6
16
82
82
39
