174
27
59
89
55
27
94
70
47
45
54
91
65
73
23
0
9
46
71
41
46
33
89
30
55
64
69
18
18
9
63
41
36
22
82
43
2
76
13
1
74
19
92
91
92
67
91
1
14
62
95
12
47
84
42
55
0
63
73
18
72
36
12
60
11
94
4
65
23
17
18
49
37
11
40
81
30
83
83
44
97
78
56
45
14
98
0
15
61
25
85
85
13
49
46
24
96
50
41
19
67
60
20
56
23
60
38
53
43
73
98
40
3
6
37
17
57
37
84
70
62
70
56
76
71
2
52
67
4
94
38
71
6
58
80
29
70
18
34
65
43
32
6
46
91
95
15
48
33
0
18
47
22
74
75
93
28
28
61
32
74
99
56
32
10
36
61
80
6
95
98
49
80
56
47
