527
33
41
28
44
87
41
35
88
98
74
0
23
59
56
7
22
75
73
18
99
43
64
45
64
80
60
16
12
86
3
66
20
97
46
16
84
39
51
24
37
25
24
12
36
80
71
11
8
45
81
7
40
45
5
56
26
65
72
90
52
76
8
72
73
54
88
9
45
92
33
35
69
9
47
58
90
19
69
98
16
50
57
8
48
62
64
74
28
36
16
32
64
25
4
89
31
44
50
77
88
83
12
58
93
11
16
35
82
37
85
98
39
42
58
87
57
22
13
37
11
30
69
27
7
25
69
38
69
19
67
10
3
31
20
48
43
36
35
25
25
20
76
64
14
34
52
23
9
65
60
72
47
29
99
54
54
68
93
76
88
60
38
43
92
58
43
87
46
78
64
71
50
92
35
16
79
39
40
88
5
0
60
4
82
59
59
88
80
4
64
68
16
2
63
60
12
6
47
58
84
64
29
86
56
17
2
35
56
42
75
13
43
35
18
77
47
29
65
27
33
30
47
49
84
10
62
49
16
9
7
52
25
37
38
34
54
40
69
62
35
97
76
30
32
46
7
31
75
72
10
60
54
57
61
91
19
23
40
87
85
47
39
10
36
29
44
90
22
66
5
57
63
81
39
47
27
46
79
54
18
41
14
25
99
75
16
70
99
8
58
84
55
49
46
92
79
91
34
53
9
39
10
72
72
49
19
51
47
50
5
17
92
71
42
43
47
10
13
98
18
23
34
74
73
32
18
52
23
4
5
84
44
67
56
68
68
28
20
15
30
25
84
74
97
27
17
96
37
83
46
8
6
32
34
79
64
52
83
40
56
40
24
52
59
81
21
79
61
93
94
91
18
31
66
67
58
35
15
47
70
13
55
77
45
89
8
62
93
44
2
2
36
26
6
48
59
27
27
72
20
74
64
91
5
82
10
63
69
78
62
40
91
70
69
89
11
29
51
5
73
5
59
62
31
65
10
43
45
37
15
17
11
31
8
16
13
71
31
83
49
46
75
92
16
44
81
79
73
84
36
99
89
95
61
73
61
71
16
58
60
83
75
24
15
36
92
28
7
76
63
8
22
90
0
90
34
34
69
60
70
58
59
60
53
72
85
66
43
1
24
55
84
0
79
99
36
72
80
95
48
95
55
22
86
55
12
72
41
33
32
12
91
43
24
97
15
9
63
10
62
40
66
98
92
97
98
80
