399
75
2
31
32
70
87
94
50
64
5
50
9
38
17
26
4
52
17
22
43
49
65
32
92
94
39
49
64
29
95
12
57
49
43
41
19
82
35
22
46
92
72
55
83
41
34
39
93
3
62
88
4
79
21
96
73
12
97
89
93
92
53
50
94
49
43
13
31
79
87
78
23
59
85
6
52
19
46
46
74
60
86
78
39
59
27
65
71
24
6
17
69
60
19
63
9
63
28
40
42
16
70
17
27
56
24
80
27
70
78
2
82
64
32
73
24
59
38
47
36
97
64
5
57
84
68
18
99
48
10
41
64
81
58
92
37
34
24
64
56
54
18
38
18
51
12
94
62
2
94
98
99
10
3
8
94
23
26
93
72
89
86
88
70
97
32
59
83
8
75
40
62
94
30
81
97
94
27
59
97
21
58
48
32
13
57
78
89
35
24
13
24
62
1
46
11
86
5
95
94
33
87
57
27
17
90
76
12
69
35
61
43
45
9
27
11
18
5
0
6
81
65
82
96
18
81
7
4
38
54
51
71
41
60
50
11
2
26
23
71
14
36
14
11
97
41
22
68
99
74
74
80
39
8
28
58
89
36
14
80
42
65
51
36
25
54
47
27
80
22
51
46
58
17
58
55
59
32
23
10
7
49
42
46
10
71
56
51
59
71
31
1
88
35
37
14
89
84
93
21
6
96
68
16
14
78
72
25
10
47
35
17
97
77
16
59
48
72
10
59
43
42
61
32
77
50
98
18
87
43
39
45
40
59
62
6
37
34
31
0
33
18
17
82
95
85
41
96
58
52
55
53
46
68
85
75
71
35
93
58
31
84
3
23
44
65
29
33
51
12
33
37
30
3
19
25
88
61
73
46
65
81
0
11
1
37
86
72
25
79
30
56
63
86
79
59
3
8
93
