370
1
97
79
0
80
75
26
48
24
99
2
70
63
75
99
53
50
18
91
1
50
78
4
44
1
32
72
70
10
56
58
64
5
90
16
86
17
42
86
42
93
40
64
57
15
63
62
65
33
53
66
35
83
22
80
85
6
4
7
69
13
65
85
70
55
1
8
73
95
94
67
40
86
83
49
1
46
63
67
31
68
85
66
52
60
98
89
18
55
96
87
68
61
24
90
69
25
99
94
72
45
61
13
32
96
14
33
42
78
52
25
46
90
91
98
2
42
39
20
97
35
60
17
49
84
7
18
62
58
64
34
4
25
99
88
21
14
21
15
44
26
92
90
68
35
41
70
77
80
42
26
68
2
43
17
39
3
87
1
61
51
87
17
28
39
5
1
5
79
68
49
57
60
39
25
47
32
47
25
13
89
51
33
44
47
50
83
2
89
36
15
40
23
85
20
14
90
21
19
21
41
68
30
53
60
7
0
92
54
25
57
96
29
90
40
28
92
75
82
81
11
97
73
86
82
93
53
25
66
72
98
7
41
29
60
53
36
61
45
43
38
55
39
19
45
31
99
38
58
81
71
69
31
45
7
13
38
60
90
5
85
89
64
78
70
77
31
6
90
28
49
80
83
40
0
29
71
51
19
81
33
90
2
64
87
10
29
26
22
72
83
59
61
99
37
83
76
68
89
66
97
91
47
80
83
99
61
7
50
32
88
35
75
91
51
62
53
33
40
75
5
75
87
18
75
24
1
51
45
42
18
42
85
17
74
69
16
88
76
66
72
16
54
47
7
5
10
60
38
2
88
43
78
75
61
53
51
14
4
96
57
74
90
94
43
17
63
59
5
91
