443
93
65
26
32
95
28
87
78
14
11
51
13
96
78
48
92
62
84
79
91
67
16
34
39
75
15
2
63
9
13
36
54
78
14
86
25
43
26
55
9
37
6
74
34
84
75
26
98
59
57
41
78
25
75
17
1
42
72
16
51
85
52
5
15
67
44
41
62
70
48
23
7
55
49
93
91
76
19
42
87
29
83
65
54
59
35
7
1
7
24
5
44
76
62
59
95
6
52
9
28
1
32
88
8
34
81
51
10
53
93
98
82
29
15
88
88
50
96
41
9
20
98
53
48
61
65
44
19
17
5
48
70
38
36
30
24
69
82
34
22
27
32
56
56
0
45
96
50
41
38
12
61
88
17
61
49
82
5
21
52
11
69
74
1
57
5
25
78
39
11
1
66
96
9
23
96
54
19
98
95
9
10
8
98
28
70
99
10
27
20
14
90
41
89
43
98
46
20
29
85
32
30
51
80
39
74
76
46
46
74
93
55
37
54
5
65
24
5
27
3
25
94
46
19
83
41
17
29
62
98
66
46
80
17
26
20
44
2
18
90
28
11
97
65
65
3
82
41
60
62
97
37
56
43
56
39
84
26
20
98
24
86
44
5
55
22
77
99
76
95
41
5
58
91
22
24
46
57
17
6
19
14
43
75
9
0
66
46
26
38
44
2
76
41
7
31
63
84
83
40
31
76
97
90
67
71
14
13
28
83
71
99
98
15
74
7
67
92
5
93
30
50
95
6
43
55
90
6
39
25
98
71
1
47
61
21
19
27
86
99
10
58
51
60
73
77
20
40
70
25
85
52
27
32
11
70
87
1
29
79
78
79
2
31
27
15
52
98
94
39
49
4
49
0
17
74
78
37
14
48
62
51
52
90
35
63
12
75
16
41
54
94
21
56
26
0
23
30
98
17
21
99
73
70
0
90
44
78
27
10
78
42
13
82
84
49
46
96
24
14
38
30
9
11
38
87
11
61
69
61
78
91
60
51
61
60
94
58
90
73
68
20
15
