500
5
87
46
30
12
73
44
58
11
84
98
79
1
60
73
87
29
57
23
62
79
0
95
25
91
63
69
69
45
35
68
50
74
14
32
86
39
76
44
2
13
95
82
66
55
55
53
37
64
28
99
44
80
47
21
23
10
42
93
7
78
13
9
52
79
42
91
70
18
87
73
31
82
7
97
90
62
2
27
78
82
78
74
15
25
95
38
87
38
83
94
68
96
4
20
27
46
11
98
16
51
23
0
33
82
49
23
44
4
2
74
86
33
49
53
10
44
92
98
34
75
44
2
24
48
75
51
46
86
1
15
37
76
15
23
58
16
98
54
20
53
29
59
86
78
12
96
74
56
46
9
32
91
11
56
91
86
59
90
25
13
5
14
89
72
89
48
88
88
54
9
41
83
20
79
61
32
75
88
89
22
97
73
65
60
81
56
47
92
46
24
5
51
38
95
23
28
95
64
68
49
25
61
85
45
40
98
29
67
86
70
89
83
43
54
44
76
63
43
69
9
67
74
13
57
21
88
37
68
52
57
70
77
18
55
74
58
53
4
26
40
74
67
75
70
74
71
46
37
14
15
98
33
42
63
43
63
52
32
84
56
90
54
86
8
9
60
19
62
16
97
54
91
64
30
61
90
1
59
79
68
75
78
53
69
41
96
32
45
29
68
54
71
22
92
31
31
52
50
46
21
99
0
64
16
82
77
6
84
36
86
4
63
16
57
32
9
6
17
55
87
85
61
58
8
53
89
91
57
92
89
78
91
42
42
7
24
19
14
60
8
52
64
71
68
22
4
77
80
73
84
67
58
45
77
18
50
66
62
8
10
51
38
2
93
33
9
18
4
75
78
12
27
95
36
47
17
40
25
49
65
61
16
23
59
45
94
9
11
56
69
74
7
60
76
53
93
37
23
97
65
1
62
44
48
98
92
17
90
69
66
55
30
34
30
41
79
24
51
43
80
72
17
40
32
93
45
77
82
68
27
47
21
89
92
70
39
84
87
81
5
54
88
87
88
18
29
68
43
32
63
75
56
80
67
89
73
12
66
55
80
45
3
2
34
47
24
25
31
11
6
88
17
94
75
58
65
56
78
60
88
41
35
45
21
3
86
94
67
4
1
48
50
56
2
36
3
78
62
86
