727
50
27
78
21
79
15
60
83
13
63
51
18
55
82
8
84
55
55
7
47
39
35
60
44
53
95
69
48
29
35
21
79
62
99
53
93
66
13
77
80
77
80
98
32
62
58
68
70
14
27
69
53
63
82
50
68
29
19
16
58
6
89
90
20
88
43
14
55
56
43
87
33
23
37
17
37
96
38
59
62
65
29
67
28
63
17
96
92
89
64
2
95
53
92
16
94
35
82
49
92
25
36
77
0
73
47
37
21
85
97
83
50
78
51
31
41
20
27
33
9
44
35
5
49
28
73
43
15
7
44
7
84
32
37
84
58
84
73
79
69
22
63
19
0
66
2
93
86
82
26
96
26
14
53
27
94
78
71
9
85
15
69
69
0
6
5
58
42
78
37
11
53
52
82
53
70
85
47
57
67
25
5
45
91
10
72
37
88
95
47
25
63
68
46
63
26
3
21
68
81
10
79
34
63
13
40
33
98
39
42
17
64
47
14
8
57
39
45
97
34
44
74
97
64
20
60
90
23
33
58
57
44
89
43
59
55
35
44
5
74
87
23
91
86
89
51
96
28
96
93
63
93
68
12
57
40
25
48
16
58
58
25
2
0
20
61
55
56
6
60
30
45
35
73
31
77
24
27
5
73
73
20
66
93
33
23
33
58
23
1
68
34
26
71
86
47
84
41
3
42
53
85
87
41
11
71
18
87
98
23
60
23
96
26
16
29
2
2
39
77
3
7
11
30
30
97
29
15
90
84
57
44
21
97
37
32
68
55
20
18
30
32
42
26
59
58
7
13
60
98
90
64
58
54
46
88
51
27
55
42
11
13
38
32
62
75
17
30
82
89
48
12
21
90
39
80
1
98
45
13
97
36
29
55
90
75
95
93
54
51
87
65
16
25
98
78
52
67
8
86
56
56
99
77
99
90
10
0
40
55
65
37
43
95
44
33
22
40
79
77
91
66
42
7
44
92
85
48
59
93
35
67
1
86
45
52
28
55
4
68
62
70
6
6
65
2
39
87
42
70
64
33
37
59
92
81
51
77
81
63
22
16
30
76
2
27
28
82
82
33
51
45
3
9
51
20
11
42
7
6
13
24
39
2
83
84
35
86
13
16
49
36
33
32
64
87
59
92
70
94
25
73
91
80
82
42
0
45
36
60
51
1
84
43
3
67
27
90
5
40
7
7
28
92
39
92
31
50
85
53
44
62
26
87
95
60
29
95
6
18
55
9
71
39
52
27
58
31
17
16
24
24
23
52
68
14
97
0
64
34
53
61
48
32
48
43
44
30
91
2
0
46
12
71
38
16
98
48
48
16
64
24
92
87
28
61
53
25
13
18
59
18
31
8
50
31
3
95
13
94
49
13
93
61
85
31
30
35
31
30
51
96
54
44
35
82
57
89
8
70
59
19
88
42
79
91
73
83
38
87
77
87
52
70
1
37
53
31
73
85
61
76
33
67
72
20
49
29
61
9
51
72
81
40
66
60
83
40
95
21
79
73
60
31
95
61
21
1
92
46
38
5
22
23
72
47
95
74
28
9
35
80
81
16
72
48
29
55
40
24
28
71
49
88
2
97
50
75
98
94
21
36
52
96
11
24
43
6
50
71
15
86
3
97
2
27
97
31
82
89
8
62
60
57
3
62
54
