517
49
15
75
79
15
97
79
84
8
12
25
21
54
37
8
35
85
41
79
59
36
87
23
15
72
49
60
96
87
42
72
37
58
47
68
25
44
47
9
4
11
87
78
17
24
86
53
61
79
32
20
67
72
44
83
96
93
95
44
80
38
16
69
48
63
37
73
59
36
35
15
47
74
93
65
98
32
70
59
63
54
32
31
26
76
66
74
21
61
18
53
99
34
23
47
49
12
73
8
49
60
76
48
34
21
13
84
53
83
95
17
38
27
0
16
55
66
91
76
79
9
82
79
96
5
78
45
17
51
6
18
63
82
67
97
3
32
81
9
68
77
78
6
56
78
74
12
96
17
88
75
27
22
6
75
27
85
20
97
88
26
67
52
8
34
1
64
67
35
73
35
64
51
93
20
29
19
84
77
37
25
4
16
47
11
91
75
48
11
24
88
38
91
40
98
78
94
62
97
81
87
32
45
38
77
17
19
96
2
96
33
27
1
1
74
64
92
1
12
4
25
0
94
69
93
44
47
39
59
44
20
46
28
65
85
57
34
56
53
36
5
39
63
58
40
38
22
85
39
86
41
17
38
35
38
83
31
85
22
90
81
42
37
9
59
74
66
94
30
71
30
35
62
46
93
55
36
67
40
75
53
81
44
44
68
82
27
99
19
50
42
0
44
79
61
56
5
79
2
87
3
32
75
65
30
20
20
66
88
60
94
93
93
38
37
61
73
65
13
92
67
55
45
11
86
6
67
43
38
69
30
41
54
5
6
36
26
79
3
66
39
49
59
33
39
97
46
12
14
59
57
81
66
2
92
52
60
12
95
50
33
26
91
39
83
50
76
9
29
31
75
20
80
87
53
19
36
52
84
50
11
41
31
78
43
75
82
55
39
30
6
25
8
49
64
91
99
92
53
80
23
80
1
55
67
6
75
3
58
59
5
22
52
36
52
47
64
34
2
3
16
60
80
24
10
45
68
61
89
21
42
65
53
95
20
73
1
47
28
12
58
34
34
62
22
86
9
86
72
64
42
41
76
74
65
38
71
85
0
61
58
94
78
12
89
50
37
42
50
65
54
60
99
40
23
74
78
32
12
3
48
6
44
25
81
61
63
52
47
15
13
5
9
91
69
50
94
6
45
44
72
51
4
23
92
27
49
22
12
62
25
60
68
21
37
1
83
