882
75
91
4
58
25
77
48
4
31
47
18
61
61
48
48
45
75
97
64
96
46
98
50
26
72
21
30
83
92
67
28
19
58
32
78
35
62
78
39
93
25
10
6
86
10
54
83
85
51
48
33
50
98
36
76
22
57
58
5
1
25
85
73
84
70
51
71
32
81
11
77
59
21
83
97
31
89
33
68
41
81
2
43
31
38
19
53
47
29
58
49
55
96
22
91
66
25
62
98
58
73
27
17
46
10
67
77
99
0
98
92
33
0
87
64
90
58
69
37
88
79
38
43
75
60
86
41
37
48
91
96
74
18
65
20
80
32
50
32
84
48
76
17
0
64
33
90
74
2
79
62
82
18
57
9
30
43
3
68
44
94
16
18
65
33
38
97
18
40
81
2
40
58
72
40
74
5
82
48
60
62
63
42
80
20
51
10
16
54
30
60
1
98
78
18
84
68
15
2
9
97
56
49
7
28
42
33
86
24
33
46
86
96
40
18
69
43
81
85
98
11
97
51
62
75
21
46
43
36
0
4
85
8
6
44
37
0
29
75
24
63
21
63
11
13
81
32
56
62
17
6
26
14
57
40
41
30
86
37
67
38
41
4
46
99
1
35
99
30
10
76
93
83
39
57
96
72
89
5
87
59
11
65
73
21
5
67
51
91
4
70
81
97
75
27
97
28
63
48
58
25
24
52
61
15
61
57
88
50
14
27
9
26
92
35
47
97
2
50
40
58
21
21
55
48
0
4
76
63
53
34
41
29
38
2
97
99
11
37
50
26
64
11
52
8
46
51
5
0
1
97
58
74
70
14
22
70
70
98
86
75
33
27
5
23
81
54
23
92
91
25
18
55
88
22
63
35
25
20
87
79
69
46
53
39
12
28
9
82
26
47
58
11
74
15
87
55
21
62
0
12
87
70
19
75
93
34
62
70
6
50
1
75
48
55
14
60
83
75
94
61
23
4
25
49
71
12
5
92
74
5
4
13
75
75
40
20
9
3
43
15
5
44
90
53
51
56
65
86
32
59
48
7
64
73
56
35
37
13
28
11
18
84
24
46
60
16
18
21
19
61
37
76
58
79
81
9
88
46
96
72
6
44
79
22
69
35
9
58
49
89
69
19
74
45
17
86
61
36
7
33
49
96
61
7
28
43
17
16
41
13
88
99
9
19
21
30
54
83
88
55
72
9
27
46
6
44
84
19
32
92
4
34
88
66
93
68
61
62
84
2
75
24
54
36
43
27
18
50
10
6
5
83
67
84
29
73
81
14
93
65
58
97
99
98
15
93
67
76
55
3
31
83
28
37
71
71
64
90
21
75
48
79
58
16
63
39
89
44
5
34
10
63
84
61
14
99
54
81
28
62
84
11
97
12
48
20
36
64
10
57
39
59
36
49
27
0
89
68
96
46
3
6
62
87
68
76
38
74
9
66
88
93
29
37
58
77
58
94
42
68
3
33
79
40
83
58
92
24
27
88
70
30
47
32
69
67
60
7
93
69
74
82
15
3
19
25
33
29
71
27
50
74
60
81
66
95
40
10
71
67
99
42
49
98
26
18
65
39
25
10
8
51
92
75
7
64
0
92
45
23
19
95
98
31
77
16
79
17
27
50
36
78
44
85
76
23
55
93
62
80
3
22
84
48
98
43
64
50
35
9
74
54
5
24
37
82
40
16
51
19
67
87
97
63
72
25
86
27
18
48
59
74
71
95
74
21
38
90
23
73
99
97
79
56
73
69
90
66
85
41
85
4
28
83
68
52
60
54
31
31
55
43
5
78
38
31
99
29
21
22
2
72
72
34
29
97
3
19
63
40
61
49
45
41
84
65
46
44
71
29
75
26
24
32
4
15
63
55
44
84
30
98
57
2
32
38
99
35
57
63
28
70
64
25
64
48
90
62
92
13
91
68
40
68
0
96
83
16
52
27
52
34
25
9
36
10
47
87
97
57
2
25
27
18
50
43
66
92
5
11
6
49
31
98
17
83
46
0
99
50
27
