459
70
91
84
48
71
71
35
55
42
88
21
80
91
29
23
72
1
4
42
33
85
1
88
37
83
78
67
22
4
88
43
26
31
28
74
54
51
61
9
93
49
31
26
41
12
49
65
65
54
7
99
91
60
87
80
43
17
99
17
74
39
60
0
70
40
27
24
44
88
86
89
90
69
15
31
81
65
48
46
71
7
97
62
67
84
94
62
54
93
79
28
33
91
28
55
84
7
32
80
96
18
69
38
87
85
21
68
50
69
66
21
76
64
35
43
0
81
5
54
26
36
82
11
79
63
67
15
70
99
95
18
69
65
56
56
50
77
76
52
46
42
25
74
58
12
17
59
93
74
13
19
62
48
83
42
11
50
57
81
1
5
52
70
70
8
78
72
38
54
24
36
48
49
11
59
61
80
18
6
7
83
77
69
31
60
11
42
62
21
76
15
78
28
85
48
88
15
20
78
21
96
67
22
97
78
81
58
10
99
16
17
82
93
39
66
6
2
8
68
75
36
36
53
64
73
1
5
89
73
35
10
69
2
32
66
32
65
76
43
64
44
12
99
90
51
65
96
6
25
16
81
62
52
35
26
26
36
83
67
62
19
29
83
21
14
2
54
79
30
49
96
75
13
95
65
17
60
13
23
37
81
4
99
86
39
78
64
28
61
31
42
32
60
25
6
26
27
12
6
58
61
2
85
26
49
50
43
61
15
66
98
96
23
98
82
14
76
46
94
89
77
36
22
90
14
28
68
93
40
26
3
53
28
88
79
77
90
23
90
5
41
89
2
16
87
36
83
63
83
77
52
12
66
26
54
32
54
23
25
46
49
81
99
30
69
79
59
12
54
50
69
47
39
23
16
78
60
99
93
95
28
97
7
94
24
14
26
30
89
4
77
90
85
76
72
6
7
32
70
13
34
40
13
25
63
29
3
23
80
48
18
8
45
78
55
69
92
33
0
33
89
77
23
26
5
96
33
65
80
3
78
14
95
91
39
59
72
94
34
4
42
53
65
39
83
20
9
27
5
61
60
95
90
35
21
95
31
6
12
