201
2
19
97
26
63
70
9
67
87
56
78
73
29
55
95
53
4
38
82
60
79
30
72
35
30
24
86
88
56
4
21
58
23
70
36
39
93
45
6
80
1
84
5
82
91
0
88
96
91
70
56
22
1
28
57
31
5
44
72
61
0
45
71
23
67
8
14
60
5
20
92
7
4
97
41
48
50
29
44
41
52
52
63
5
32
73
36
37
17
60
50
17
57
22
92
25
82
7
85
87
79
30
46
36
27
88
84
29
69
80
70
21
32
86
26
64
59
15
2
28
27
52
97
85
26
41
62
8
48
47
48
80
29
94
16
57
34
0
38
56
80
61
29
64
47
8
28
58
23
30
38
2
35
35
39
61
76
1
22
77
1
70
57
30
16
73
39
3
25
78
59
57
39
40
21
38
48
1
96
23
84
34
26
19
21
65
32
97
67
54
74
68
76
83
50
45
8
90
48
85
68
