843
64
8
58
63
77
38
87
7
8
3
19
42
15
36
92
13
10
73
80
29
29
26
31
64
12
13
40
31
77
41
42
93
2
0
8
79
90
95
38
99
99
58
41
66
46
85
32
56
58
12
38
39
90
69
3
2
34
96
33
11
89
27
5
91
80
65
22
70
61
61
69
12
71
63
30
17
48
62
26
59
74
16
50
64
37
6
19
72
2
4
83
43
32
40
35
12
6
9
34
19
70
56
83
41
19
13
11
19
28
37
30
2
53
81
19
90
39
90
62
93
94
98
36
26
90
23
90
48
33
25
67
3
81
2
97
52
68
8
71
96
97
54
50
50
35
21
92
26
11
7
19
6
5
55
32
47
79
23
96
64
0
15
19
33
18
16
85
86
76
8
34
73
62
84
75
49
6
68
75
17
27
94
23
84
2
8
31
33
83
27
97
35
95
16
68
65
85
5
3
13
13
37
87
76
21
14
25
79
34
53
49
61
99
24
45
1
32
29
34
67
8
83
2
3
52
22
68
89
27
71
2
41
60
41
69
34
56
94
13
90
99
62
4
99
39
1
0
71
30
87
91
39
22
45
42
26
68
63
15
95
86
70
36
47
11
57
81
19
4
46
62
3
9
66
2
0
19
55
71
50
94
14
89
16
60
83
43
28
46
10
75
85
32
64
32
44
21
65
15
25
11
29
29
20
47
83
20
67
38
44
17
32
10
6
1
70
41
96
50
40
58
78
25
91
42
57
87
63
22
2
41
33
84
70
6
31
5
78
98
44
74
15
28
85
73
81
7
67
77
10
7
36
88
32
27
82
89
14
97
63
68
38
48
52
8
6
84
14
85
34
10
11
2
90
48
27
72
8
94
49
18
1
37
58
33
16
92
74
82
89
37
3
28
38
55
88
44
91
54
29
78
64
41
80
7
41
7
79
49
2
80
67
3
70
77
89
86
69
63
21
11
53
24
39
91
31
27
35
23
34
17
53
50
10
33
57
51
92
36
1
94
69
20
50
91
50
39
77
71
54
98
82
7
74
73
50
6
1
38
81
35
55
34
85
17
19
95
68
11
83
21
58
52
94
8
43
44
99
73
67
5
23
50
13
50
75
63
56
76
53
37
63
8
23
1
25
42
48
46
5
31
19
63
36
13
23
31
9
74
56
29
80
80
31
93
30
6
8
38
35
62
27
50
22
50
3
0
44
51
98
1
83
17
65
71
83
40
2
44
15
59
25
95
91
56
40
73
63
48
63
50
62
90
0
37
92
4
37
88
7
35
89
42
4
54
13
39
47
68
84
62
27
9
57
70
18
97
95
33
97
58
83
12
48
83
49
92
39
86
80
99
73
69
41
29
76
55
69
23
23
5
37
2
66
94
24
84
43
19
17
40
77
52
52
77
88
53
69
27
39
49
26
64
70
20
94
98
75
63
21
50
20
58
4
86
4
28
71
47
47
40
40
76
93
44
53
81
98
22
60
89
23
39
54
93
59
0
92
86
15
65
36
35
76
92
73
32
20
44
80
67
37
72
43
82
16
48
15
66
70
27
56
93
66
62
38
77
14
30
63
29
48
51
16
24
43
89
8
63
86
88
82
75
12
77
57
29
25
24
47
47
51
3
92
18
17
31
95
31
13
11
60
61
62
28
37
58
18
46
21
4
86
56
79
99
85
88
80
63
12
27
10
63
83
3
33
0
86
81
84
99
92
96
61
6
25
50
64
43
48
38
99
35
46
30
86
83
18
18
46
82
97
57
45
32
12
31
85
98
12
69
97
56
65
10
14
90
13
31
85
61
69
84
48
67
66
86
50
84
56
97
66
6
6
64
38
70
95
23
20
59
92
69
15
10
80
29
52
45
60
38
6
81
74
7
0
41
93
51
77
2
0
96
8
58
60
46
28
7
22
48
66
66
