959
9
54
4
32
58
72
48
21
19
42
46
44
83
65
64
61
87
50
22
2
51
15
18
11
81
47
17
26
94
50
71
56
56
75
88
66
47
36
39
18
30
85
14
65
3
78
27
42
81
1
97
32
16
15
96
50
62
13
76
9
15
47
17
23
75
57
89
74
93
29
45
75
66
11
40
21
42
19
64
23
21
13
55
89
28
3
39
42
17
67
51
84
67
68
8
42
25
97
68
70
78
13
97
45
25
38
66
19
57
82
42
30
95
49
20
75
53
11
18
70
79
21
6
46
42
14
40
19
12
8
90
90
74
39
87
51
77
6
70
87
40
12
17
36
61
89
63
14
53
81
36
32
3
43
30
97
57
70
16
21
30
58
64
4
98
3
7
75
9
77
14
50
89
84
38
3
73
1
69
26
35
6
10
90
1
92
87
10
62
3
84
45
62
48
1
60
51
9
87
13
86
2
15
28
86
53
31
11
6
0
90
41
58
0
83
11
93
70
22
7
74
6
4
88
6
6
48
9
15
87
22
53
89
89
33
27
94
64
39
1
17
81
94
27
81
78
39
26
48
61
86
74
19
90
62
25
96
10
86
63
98
61
69
39
50
2
19
45
67
10
98
36
91
92
63
24
70
2
51
71
15
37
97
34
27
60
11
76
22
98
39
72
59
8
12
61
63
83
6
30
93
4
18
84
49
81
60
71
36
11
94
51
0
92
86
28
52
49
56
74
47
47
47
58
56
11
20
71
46
78
1
39
35
71
75
36
52
35
7
40
99
2
92
99
46
30
79
98
79
35
24
79
83
23
37
91
86
9
62
32
40
15
23
27
86
50
63
90
86
70
31
37
24
75
88
70
5
68
20
36
55
45
15
38
68
5
81
7
66
95
39
58
10
63
85
48
13
48
91
51
71
74
88
47
49
29
18
6
97
90
94
4
87
62
43
56
19
76
63
85
72
54
44
34
17
29
35
83
30
26
34
1
0
75
48
1
4
18
59
53
9
5
57
48
67
52
4
86
81
19
24
53
26
68
39
95
49
74
78
79
0
65
32
52
92
33
5
48
51
64
1
12
22
10
61
89
15
17
28
96
89
52
1
15
72
40
10
21
15
41
53
15
6
85
20
98
70
25
98
22
42
99
86
64
61
99
5
76
69
33
72
58
85
25
25
57
66
87
31
81
28
84
48
86
21
68
36
92
46
34
66
40
85
4
56
47
4
61
75
73
95
0
83
32
25
8
90
91
47
73
24
76
57
73
14
30
93
51
74
91
85
92
31
71
97
87
70
53
49
45
78
96
45
61
28
71
21
70
14
68
43
39
96
52
12
11
35
57
62
9
49
47
54
80
70
3
20
40
56
69
86
34
65
83
47
45
6
68
16
21
36
59
12
33
64
76
96
99
33
58
60
82
57
14
15
28
17
35
68
25
56
6
59
73
90
58
18
48
26
34
69
15
46
81
0
62
9
96
61
43
54
21
77
11
88
92
91
5
79
60
31
35
18
42
8
60
1
79
9
79
65
30
94
11
64
46
73
73
42
86
16
48
60
94
12
48
38
3
53
70
63
36
5
34
31
66
94
84
45
3
63
10
34
10
74
98
56
99
71
99
86
88
99
46
34
11
46
24
15
51
94
30
88
52
64
71
70
59
55
67
14
70
29
48
32
3
98
89
55
70
40
93
10
39
91
96
51
37
20
66
88
67
48
28
71
13
99
41
24
6
60
38
29
89
39
61
45
37
50
0
59
42
93
69
82
36
17
85
73
90
3
13
9
51
42
80
16
93
73
40
52
33
31
81
22
70
42
67
7
45
67
67
87
12
88
69
48
6
6
73
48
9
87
57
61
29
37
29
74
10
70
26
43
1
7
17
71
50
85
30
47
4
49
34
69
38
56
17
96
62
91
96
24
30
53
37
11
42
66
85
52
36
12
47
89
19
16
12
21
1
43
68
58
44
55
27
82
11
96
30
25
87
26
49
69
79
86
80
73
53
66
77
41
78
24
83
49
93
95
23
46
90
43
4
35
50
31
69
61
80
0
39
19
78
88
89
10
27
69
83
32
35
61
25
65
37
8
67
30
56
42
77
46
37
33
33
88
17
3
1
97
55
40
16
33
81
5
95
8
75
79
92
62
92
17
80
29
78
99
12
34
41
41
32
78
74
66
18
43
