701
32
2
31
1
83
54
75
82
33
25
2
43
9
94
87
60
86
96
61
67
72
29
13
35
12
84
89
0
73
33
59
6
87
42
59
22
96
87
4
81
12
58
24
21
52
63
82
91
12
95
58
84
76
24
71
88
8
60
40
82
45
51
40
85
94
99
7
42
86
12
24
50
70
0
72
75
16
6
66
28
53
76
64
29
0
87
69
9
0
61
43
97
12
83
82
58
34
90
53
73
54
77
23
76
29
47
51
45
53
69
25
58
46
41
39
46
29
60
7
29
21
50
78
86
85
61
96
72
3
49
45
57
78
20
33
8
68
37
5
73
6
83
32
52
24
71
51
5
84
10
86
5
13
65
43
98
26
40
70
81
89
67
38
68
88
23
28
56
60
33
29
67
68
13
71
93
37
22
50
21
33
37
26
46
2
70
96
80
10
19
61
51
38
51
19
26
74
47
34
35
33
64
54
1
29
25
46
66
0
97
87
85
34
66
83
88
88
79
68
50
50
81
1
89
32
21
67
58
20
2
45
53
18
99
7
47
77
5
14
77
2
53
14
88
19
97
28
7
28
48
9
79
29
11
20
13
84
87
24
4
89
69
10
59
69
69
7
46
74
73
75
29
78
89
17
98
86
98
57
66
46
19
45
76
30
17
41
14
5
65
70
46
87
80
6
56
49
65
54
76
90
81
5
68
70
74
18
8
72
76
74
19
95
72
47
77
89
88
43
46
6
13
93
93
46
51
1
47
16
7
23
6
88
28
74
58
3
93
18
75
21
92
94
68
16
41
97
6
82
40
52
40
53
97
85
51
48
86
99
64
93
22
22
81
3
49
91
6
42
9
33
15
53
80
83
22
21
32
80
55
72
32
47
77
82
32
29
30
18
28
47
11
2
21
44
5
70
87
11
64
96
97
79
2
77
14
24
50
46
4
6
18
88
53
96
22
38
77
5
56
5
52
20
7
25
16
65
96
4
28
60
52
25
92
54
2
6
30
53
5
86
11
75
27
16
23
49
54
0
54
63
5
58
83
65
84
51
30
32
55
58
44
8
36
36
14
38
95
97
43
0
35
6
27
62
23
51
64
29
51
70
92
9
81
27
26
17
79
8
49
86
66
93
94
2
30
61
93
77
58
88
77
45
95
4
60
70
7
24
99
59
46
44
20
27
71
46
96
2
54
45
89
72
91
35
27
73
96
72
50
6
60
79
52
55
35
12
25
43
88
77
54
34
21
74
14
44
72
10
47
78
8
88
2
51
23
29
24
72
53
74
78
14
5
30
21
40
94
99
35
82
76
89
69
49
15
35
93
87
97
92
17
57
80
20
8
4
1
32
28
55
58
6
21
15
89
42
56
83
93
91
18
21
33
39
70
48
74
64
88
23
56
5
81
89
25
89
45
79
74
73
34
84
79
55
0
20
49
8
4
43
51
74
64
84
13
87
33
39
51
21
62
59
26
95
0
4
37
45
35
63
70
69
99
2
76
99
22
77
59
78
20
11
52
37
95
17
76
28
8
79
1
23
90
80
18
91
36
7
88
71
70
59
40
70
61
68
21
83
45
81
14
18
92
66
7
39
36
83
20
44
