655
75
28
12
8
94
31
18
85
36
36
95
26
68
32
6
26
73
0
88
60
31
46
42
86
24
96
85
2
37
97
75
12
25
88
72
71
71
90
8
59
78
55
85
46
39
44
24
12
96
65
25
79
11
67
66
87
16
51
41
53
0
17
18
77
57
42
48
28
85
56
87
63
11
24
62
51
20
86
15
17
3
40
48
15
60
14
2
76
17
44
81
17
13
51
94
70
94
42
50
79
50
37
94
14
13
56
65
34
95
32
3
98
73
51
65
85
18
68
13
35
64
94
5
29
98
99
99
92
94
1
23
96
38
17
10
3
74
27
89
69
60
92
19
85
96
85
70
14
5
83
1
21
29
6
50
27
58
1
71
52
2
94
48
92
64
59
47
38
38
37
59
98
29
30
83
77
15
5
43
72
88
45
93
70
51
43
49
61
96
73
13
50
19
14
94
83
25
42
73
63
79
32
62
8
15
97
38
30
3
81
3
43
78
48
65
82
44
15
43
40
40
57
91
59
23
85
43
48
27
16
63
6
1
77
67
16
75
57
98
30
38
53
73
69
2
39
51
46
6
94
38
46
3
29
5
26
67
48
26
46
17
90
5
18
67
24
86
94
81
84
24
71
90
98
40
92
89
91
90
95
86
28
93
89
10
98
68
77
99
94
75
68
36
80
38
4
56
24
50
37
60
75
61
50
73
1
94
14
45
84
61
31
13
54
72
23
4
92
52
55
39
27
23
75
60
61
31
16
37
82
6
98
57
67
0
82
20
95
48
65
31
9
48
44
63
73
19
19
65
71
75
4
51
50
32
63
64
63
31
1
97
89
51
6
8
52
88
29
99
36
46
30
97
47
75
12
20
46
32
37
70
59
42
21
9
26
36
73
41
67
27
39
9
78
45
17
30
86
98
29
22
45
12
20
92
87
84
64
85
16
1
55
27
95
28
89
21
64
14
63
84
41
2
93
20
99
10
2
85
61
84
60
6
96
80
50
83
16
14
20
33
15
76
12
11
4
1
32
69
16
47
5
57
49
98
77
49
60
32
34
21
16
94
79
12
26
29
47
95
43
67
28
59
43
40
22
48
42
54
69
10
2
74
67
3
24
97
4
84
29
91
58
45
37
37
57
16
67
4
11
62
23
91
73
67
83
95
67
25
2
88
87
56
14
55
11
38
52
16
74
33
7
32
30
96
70
39
12
89
43
75
51
18
66
25
85
50
72
4
27
74
92
15
82
6
70
94
96
74
62
71
59
21
3
89
17
25
28
82
14
23
57
18
41
24
95
79
74
67
35
1
94
28
68
28
86
90
22
35
64
84
6
75
5
61
64
75
39
44
57
5
67
14
23
61
38
70
40
64
90
75
18
36
55
86
64
94
77
39
29
93
23
87
69
81
0
85
56
39
30
13
97
97
79
72
10
70
43
50
34
85
78
4
21
33
91
85
79
20
24
60
65
0
47
34
81
0
20
89
91
2
54
88
51
33
