536
20
18
77
9
43
4
84
96
94
53
61
75
36
61
34
86
68
73
16
70
52
60
38
74
85
54
96
96
35
5
87
7
75
64
16
70
20
0
66
14
6
28
41
42
41
75
28
61
48
44
83
52
56
21
26
42
28
74
90
63
31
77
23
59
93
39
29
13
92
96
80
98
76
21
40
17
49
68
31
97
64
14
2
21
36
28
63
16
55
53
31
86
82
54
45
75
46
27
88
38
23
68
88
99
90
80
68
91
0
99
88
64
14
42
85
2
23
0
18
78
5
49
64
87
56
62
62
2
89
51
40
64
71
80
15
13
60
83
4
60
35
45
24
49
87
62
3
10
14
21
88
20
22
5
7
78
19
70
80
60
73
72
24
44
4
39
58
64
74
14
24
9
59
1
10
47
15
13
9
29
86
50
49
61
55
57
39
26
79
72
86
52
96
62
48
1
1
58
65
27
73
42
37
32
95
47
31
10
13
41
39
99
91
89
60
98
98
52
24
77
76
62
81
72
24
29
73
77
40
91
4
13
85
93
97
80
41
29
42
54
22
81
5
13
22
18
63
20
70
39
49
46
1
30
70
77
12
96
6
4
39
62
17
24
56
66
56
49
95
98
55
17
31
60
82
54
78
45
26
0
84
76
98
37
58
69
14
22
17
72
26
56
35
43
32
43
10
88
92
57
38
47
27
21
59
9
27
38
55
54
90
91
82
41
29
40
10
95
63
27
68
89
35
55
85
67
98
47
55
90
56
45
89
83
66
48
93
94
38
0
0
29
43
82
70
72
74
32
20
89
11
40
31
46
47
16
13
45
15
20
87
71
65
28
7
83
76
52
29
15
52
29
96
47
63
18
72
90
2
92
79
65
84
10
11
31
78
76
28
93
96
67
17
13
95
24
48
23
76
78
90
80
59
86
27
75
56
51
65
10
43
44
75
79
7
86
10
85
14
90
79
62
57
48
75
4
24
76
28
52
6
18
32
17
57
11
92
13
63
9
24
58
6
51
90
13
90
0
98
4
43
29
67
52
77
94
57
53
70
85
5
76
3
89
94
60
1
38
26
16
48
2
26
54
53
16
67
95
69
17
0
12
47
67
64
76
13
73
30
84
58
35
12
14
77
6
26
30
45
4
46
93
6
24
99
12
93
18
7
14
35
59
26
34
78
42
11
92
68
93
76
26
80
88
92
57
47
19
87
92
23
85
37
82
62
88
