430
97
59
9
6
12
94
22
41
9
51
62
52
42
81
10
5
4
43
97
59
80
36
16
67
3
32
94
4
74
87
30
23
98
92
29
63
38
4
56
47
7
71
51
49
52
13
6
57
56
55
68
88
44
84
55
99
68
2
3
94
89
86
18
39
30
99
2
68
55
59
67
62
82
19
63
34
84
69
43
93
25
11
81
69
47
89
68
67
91
24
62
32
62
32
71
92
83
26
60
39
37
79
1
19
50
65
5
35
86
49
80
63
12
61
84
60
2
53
79
93
29
93
77
91
25
49
83
61
75
95
0
64
26
53
83
77
70
88
12
57
89
44
20
2
57
5
14
60
10
93
5
91
39
83
82
64
32
17
77
59
64
77
23
90
31
58
67
53
98
31
10
88
75
83
42
33
40
56
45
50
1
50
41
40
33
75
57
65
92
34
76
8
64
51
98
95
61
18
48
60
49
11
0
77
94
94
62
86
50
7
36
3
57
29
44
91
56
53
8
0
87
85
8
3
88
58
98
50
76
99
62
26
62
14
3
56
8
65
94
10
24
30
13
81
11
9
72
19
14
81
19
54
18
27
57
58
85
56
8
62
7
22
40
69
36
95
77
96
12
71
6
36
53
72
17
16
33
42
35
48
75
54
2
93
33
59
3
70
67
64
84
26
86
24
47
75
71
24
71
83
47
30
19
0
2
89
68
35
31
3
83
6
9
37
51
42
49
54
65
16
70
49
95
57
26
42
32
97
67
55
81
66
85
52
67
87
93
87
75
24
91
10
82
0
48
85
95
97
92
60
65
62
61
60
71
87
3
3
37
22
11
18
88
96
22
7
36
16
95
11
92
38
21
27
90
69
12
85
18
56
97
84
19
11
96
90
98
51
46
35
73
9
5
14
5
80
21
41
48
68
52
92
6
26
19
97
47
84
34
66
40
84
2
11
95
50
54
45
2
52
33
27
61
38
41
66
70
15
60
18
