298
85
70
90
50
82
17
24
81
80
23
56
80
99
14
72
92
64
99
28
28
95
21
32
85
37
87
26
98
17
22
96
2
44
39
52
26
56
28
8
89
51
16
21
2
31
93
94
47
44
74
27
91
95
11
77
33
51
55
83
68
77
32
70
74
71
75
0
79
3
60
68
7
29
89
9
12
34
56
11
78
30
38
70
78
2
99
63
53
54
46
73
83
30
43
57
53
18
58
33
74
70
1
81
99
43
42
11
77
98
22
56
81
13
26
11
15
77
74
68
31
72
41
14
3
36
24
56
7
82
41
81
4
43
14
4
86
56
15
15
7
90
71
40
3
49
51
18
26
77
38
57
1
79
24
4
67
48
13
74
82
54
7
86
49
21
42
87
78
58
3
37
48
74
77
3
76
80
21
2
9
59
12
10
90
88
67
57
88
80
32
70
86
91
8
88
13
51
75
43
61
30
80
61
57
9
64
33
41
85
87
50
96
99
60
86
39
27
95
27
59
79
49
98
71
58
86
84
61
13
79
22
44
11
35
1
20
99
34
61
36
21
11
84
73
23
70
12
51
17
40
62
97
41
60
68
99
98
4
60
12
83
34
8
94
69
9
66
20
95
27
56
68
90
40
93
13
62
58
16
80
50
79
77
91
91
97
91
90
1
3
54
84
90
62
30
59
23
96
