752
74
31
76
73
83
16
75
34
68
73
63
41
22
37
42
0
59
86
53
48
45
59
86
13
60
64
83
66
96
16
80
22
99
8
95
34
76
22
20
44
96
84
38
70
73
32
70
84
70
23
32
67
35
70
81
95
34
16
13
82
32
93
4
83
2
52
69
78
74
90
75
22
26
13
93
51
97
63
35
67
39
68
35
74
38
68
69
25
84
82
59
68
27
64
3
81
16
72
12
42
14
87
65
92
52
58
43
49
73
79
68
12
99
3
38
89
71
59
14
55
93
74
75
21
90
78
2
58
51
66
0
17
53
17
10
57
27
5
58
1
36
27
65
35
82
56
25
54
15
91
61
9
17
37
82
7
67
36
65
18
3
18
88
8
35
98
66
15
3
76
16
92
3
33
27
38
89
4
92
57
48
5
18
65
94
0
25
62
36
42
32
39
60
20
48
48
70
66
63
26
42
31
18
98
16
97
36
58
54
80
15
2
37
33
19
32
33
44
46
21
87
30
13
47
3
13
47
73
79
62
51
73
45
21
23
62
71
59
20
25
91
87
27
29
20
98
13
5
43
59
78
30
41
91
29
44
4
29
70
35
91
73
9
37
95
32
99
66
44
71
43
35
58
22
64
30
20
77
87
63
88
65
45
82
57
75
26
13
4
48
49
47
22
58
84
69
42
35
35
86
58
30
22
68
52
38
98
72
68
85
88
8
51
33
90
60
60
69
73
16
17
22
64
39
32
0
60
75
88
47
61
46
77
35
15
29
74
65
54
94
51
94
2
54
79
45
14
40
14
87
56
83
62
72
75
94
73
35
69
13
83
83
59
60
70
26
42
96
92
48
90
95
42
45
1
21
90
15
13
4
54
22
87
68
94
62
63
19
50
84
32
33
19
44
93
90
70
87
86
14
35
77
61
29
74
62
51
64
29
16
20
36
38
59
4
33
74
19
52
24
56
37
57
75
81
50
17
51
90
4
18
25
33
79
55
7
94
58
71
23
74
91
11
13
2
16
98
76
87
2
0
43
39
57
19
20
60
36
24
50
92
94
75
77
73
82
84
19
40
7
43
15
50
54
80
53
22
30
29
10
84
30
53
24
39
24
96
99
13
72
1
5
66
77
83
40
59
19
11
52
27
54
19
29
61
99
82
35
81
64
45
65
46
51
89
85
27
38
85
40
10
86
98
77
15
33
69
27
52
80
31
31
87
50
13
0
1
95
35
82
11
33
47
57
36
89
43
63
27
80
56
89
18
6
18
34
39
87
13
43
20
44
27
59
94
40
59
95
87
46
29
99
31
76
8
19
17
51
35
44
83
91
86
2
97
4
88
88
44
1
83
16
97
10
75
43
50
86
90
90
84
19
89
68
47
97
87
65
1
22
61
84
65
47
86
14
4
74
2
48
27
86
64
76
48
91
71
99
77
61
89
13
32
30
81
32
79
69
97
80
43
10
17
9
10
3
23
14
30
78
14
9
16
30
38
64
21
9
15
50
23
56
15
55
38
97
39
18
18
36
50
61
99
67
70
9
23
46
75
5
24
41
14
92
71
52
56
44
14
24
46
37
80
61
44
19
10
84
37
28
72
39
90
71
7
60
32
30
6
7
87
82
48
1
74
71
6
83
67
72
7
13
9
87
27
53
58
37
37
47
66
10
87
56
33
46
68
66
28
27
73
15
9
74
68
36
97
26
19
65
98
26
