771
3
67
4
76
99
26
0
53
8
35
1
28
61
61
8
89
36
21
53
75
4
13
41
71
39
6
42
88
93
35
35
48
54
39
25
53
65
77
59
26
65
60
54
26
21
14
15
9
36
20
36
92
33
78
64
73
84
58
13
29
45
0
77
99
91
54
5
8
32
64
34
97
24
40
23
97
7
90
6
95
11
42
39
96
72
3
21
8
13
86
37
58
86
67
10
77
21
15
86
5
79
72
54
55
65
77
52
72
20
10
19
83
52
58
79
77
62
1
85
27
39
23
86
26
42
48
55
15
63
93
21
94
18
75
49
35
5
53
7
77
63
26
60
67
84
39
44
98
92
30
78
32
5
16
10
47
64
17
62
27
63
35
21
81
63
22
16
20
75
75
97
38
53
9
5
89
48
50
40
93
32
18
77
37
34
87
84
50
56
98
77
19
34
50
0
49
72
68
69
47
95
18
37
48
27
42
90
27
44
30
20
76
0
97
65
86
36
49
36
93
0
65
64
34
15
17
35
39
85
4
38
33
74
75
81
1
69
23
28
14
5
1
42
5
50
8
91
39
9
79
32
9
44
48
95
59
65
30
50
3
86
88
36
60
63
69
13
33
93
94
99
98
95
41
4
97
1
47
36
11
27
20
20
71
69
16
83
34
46
33
37
33
22
73
45
37
95
59
70
88
53
69
38
48
63
94
97
64
42
34
75
21
54
48
44
75
64
27
10
62
13
99
95
87
25
41
76
20
52
99
60
5
20
98
5
83
93
2
0
87
36
75
8
43
75
52
70
39
32
32
2
97
32
49
36
9
42
12
29
94
11
41
99
32
39
4
67
32
59
67
19
95
95
79
90
70
84
61
62
68
93
64
65
77
13
53
86
8
17
67
2
81
8
54
13
48
58
32
32
17
0
4
65
47
83
7
17
19
20
79
87
14
95
4
43
61
9
82
69
27
49
71
8
10
25
73
10
36
5
94
5
57
98
22
4
34
30
22
53
2
53
93
68
49
49
12
62
59
94
31
86
95
54
94
5
32
67
67
20
72
62
25
30
60
0
86
46
82
8
52
84
14
45
53
15
94
17
77
53
63
60
91
58
14
85
16
98
4
83
18
29
45
96
59
58
48
97
4
30
6
8
66
72
53
71
87
0
88
16
5
51
76
97
62
42
34
30
41
39
13
11
68
11
7
79
21
55
76
77
37
34
86
4
6
91
75
45
91
16
61
49
19
37
46
81
80
80
11
21
19
77
32
39
40
92
18
61
99
95
38
37
29
24
93
36
16
20
81
59
36
95
60
56
32
58
89
64
39
53
85
10
82
70
50
22
14
20
83
13
15
73
2
45
50
47
33
18
68
66
29
56
61
90
64
94
48
6
58
39
59
96
2
41
18
4
15
32
24
50
97
40
23
52
37
73
99
70
91
19
36
21
76
50
63
40
44
11
46
54
51
57
2
53
50
72
9
65
4
33
67
54
73
91
58
62
16
57
84
60
77
73
33
5
23
96
45
19
59
44
25
62
1
28
67
4
0
76
69
57
10
37
63
35
80
21
98
48
78
82
8
7
7
93
12
30
89
10
49
1
6
75
63
7
55
31
11
7
7
33
64
17
22
27
5
54
0
3
2
31
37
63
38
45
56
3
27
98
65
77
51
71
4
14
78
59
45
42
66
5
27
83
22
1
62
27
55
63
82
9
94
72
24
84
17
81
39
44
31
4
73
82
75
29
48
6
88
94
0
7
99
79
