198
10
64
97
1
29
8
17
47
87
36
74
96
39
44
19
95
60
84
35
41
0
38
43
20
34
89
10
62
1
9
41
63
73
38
65
2
98
34
1
37
70
75
33
9
72
5
57
32
89
44
73
41
82
69
61
17
58
23
31
11
33
24
74
58
15
39
13
65
74
14
3
96
42
88
58
66
93
15
50
34
59
75
75
93
44
88
62
2
64
94
13
49
18
88
7
33
79
72
99
53
39
54
2
81
94
60
99
40
75
49
74
86
24
2
79
69
42
42
23
6
88
37
55
58
77
63
92
56
87
43
62
26
49
64
59
43
24
58
83
51
7
58
89
32
12
68
53
54
62
76
61
2
65
16
61
42
31
5
51
71
48
13
97
97
29
57
40
53
15
76
56
23
34
45
7
98
65
12
52
80
88
65
34
6
82
95
48
65
0
99
36
0
64
86
97
93
43
90
