384
23
96
23
53
83
82
61
60
60
6
83
46
81
34
83
89
75
38
74
98
9
33
78
69
24
98
80
88
75
31
80
50
79
55
4
62
89
65
22
1
23
58
0
57
92
83
46
67
73
20
66
34
5
44
3
30
42
36
70
69
67
2
20
98
9
76
60
98
93
34
52
69
92
52
26
85
87
72
52
61
44
70
95
2
66
51
84
61
39
54
30
58
9
2
56
18
78
16
69
24
2
21
93
95
73
19
80
60
43
84
73
87
7
21
89
73
72
73
86
11
80
17
21
89
71
77
7
2
45
76
26
47
49
19
42
74
90
74
35
33
11
60
20
18
81
62
43
5
35
30
68
67
99
89
56
70
66
64
24
63
92
50
11
94
21
5
68
11
32
55
96
43
16
69
13
97
31
8
55
18
38
23
86
89
13
42
12
31
58
36
95
3
39
58
97
60
63
65
24
47
21
20
90
89
89
55
38
72
64
93
91
54
17
77
44
82
71
8
65
82
44
60
85
83
18
34
96
34
51
20
81
24
40
24
13
82
79
4
54
43
97
97
50
66
26
94
48
98
54
14
32
98
26
69
34
97
3
82
31
6
2
64
31
94
88
96
28
20
0
35
15
50
32
65
16
59
11
17
9
65
83
41
16
9
10
2
58
65
84
41
23
86
6
54
32
46
3
61
18
55
96
34
5
80
99
74
39
63
91
0
28
26
93
96
87
55
98
46
20
82
87
44
20
45
50
5
44
5
18
62
61
66
96
18
46
48
92
38
63
35
38
91
61
84
40
49
39
38
95
12
73
34
8
45
32
10
2
76
16
20
38
29
86
87
47
85
87
92
23
50
27
13
93
41
97
33
90
89
24
37
1
49
23
61
