608
6
72
64
78
94
46
72
35
6
18
68
43
53
93
89
31
1
38
32
72
95
89
9
33
25
66
4
57
30
53
11
89
26
27
67
72
73
91
7
80
9
75
75
14
20
16
46
73
55
30
97
50
19
59
35
44
77
39
53
7
44
64
48
22
43
67
94
17
58
53
49
20
80
76
34
53
92
32
26
47
63
76
49
34
35
84
31
12
75
36
71
72
1
20
94
96
39
41
65
98
94
14
18
27
42
52
80
35
37
58
34
52
34
36
86
21
72
69
85
0
6
57
72
59
29
66
55
68
7
21
18
54
87
36
81
82
41
61
69
78
71
55
30
6
91
68
79
16
38
65
16
96
74
88
55
55
6
62
75
66
35
94
72
75
82
53
57
23
66
26
53
89
81
35
95
25
4
27
41
94
92
57
90
18
97
97
73
55
59
48
21
47
94
93
22
77
98
79
0
16
5
6
6
38
41
53
63
45
80
4
39
24
13
81
42
62
78
15
18
90
16
91
37
10
37
59
87
35
90
40
4
47
46
62
85
39
15
49
85
48
5
76
72
71
10
67
85
40
82
3
30
98
47
19
61
84
30
48
71
20
40
75
67
38
89
5
78
5
6
15
5
63
43
29
34
53
96
20
94
79
75
76
29
22
48
42
6
78
91
78
51
83
5
70
22
95
75
0
52
81
15
9
45
10
38
31
64
35
51
10
66
79
38
47
1
86
90
60
65
33
90
16
16
47
86
90
94
14
90
46
95
57
55
92
68
46
76
84
81
79
94
47
58
84
94
12
71
36
72
36
69
62
4
86
9
42
76
4
56
19
2
4
28
10
96
48
56
24
32
89
4
78
36
62
63
82
74
34
19
98
22
88
60
26
26
22
20
55
78
77
26
32
81
6
94
29
55
50
54
39
91
58
18
27
72
33
62
47
19
33
45
93
73
58
71
52
32
91
7
62
68
85
94
49
91
89
31
98
91
85
38
83
95
8
62
67
93
76
66
12
9
64
57
83
74
28
35
6
19
94
68
88
31
14
89
22
3
72
73
47
9
11
82
4
71
96
24
64
73
42
28
82
6
85
17
80
13
52
38
32
46
6
72
77
73
14
52
28
38
25
75
48
88
9
52
59
6
28
23
79
71
3
13
77
88
31
10
1
35
48
85
34
7
10
63
80
76
67
60
14
92
36
62
32
97
67
43
3
95
66
34
66
21
48
96
9
31
58
10
18
6
48
52
65
58
16
97
34
83
58
0
28
46
63
60
43
30
56
99
25
22
33
44
44
33
92
5
16
50
68
35
8
16
87
74
26
55
23
12
39
33
12
19
79
75
31
75
57
87
74
83
62
59
79
58
93
71
63
9
21
31
44
29
99
84
55
25
39
