478
17
84
62
67
50
43
75
6
39
58
72
48
1
46
12
53
52
82
10
95
94
10
34
81
87
46
50
97
2
95
6
72
80
20
39
30
63
67
89
3
25
13
51
79
59
15
32
63
49
94
58
95
5
45
76
92
43
78
41
46
74
0
70
6
20
61
88
84
28
77
87
54
42
90
85
1
57
17
16
6
63
27
2
20
72
30
64
15
9
58
13
35
58
35
93
78
97
81
14
77
11
1
83
53
43
68
7
0
37
23
59
53
2
61
73
26
91
90
94
52
48
7
39
6
95
32
36
44
66
51
21
77
4
57
82
48
25
89
0
63
13
59
16
67
72
41
94
64
31
88
68
79
47
60
37
42
44
74
86
10
25
60
39
29
17
22
29
94
11
30
57
76
41
25
44
14
19
38
30
50
26
50
82
25
10
19
68
55
93
6
17
70
18
57
52
87
79
81
82
90
63
91
67
5
17
63
71
36
1
1
38
79
51
20
4
62
92
24
69
37
83
86
60
1
43
12
89
22
93
71
65
57
62
84
14
31
47
85
19
0
86
58
79
89
30
35
3
74
12
72
64
95
59
24
96
54
36
37
29
29
60
94
38
75
30
4
6
77
41
78
77
79
88
8
69
18
95
72
45
7
45
9
54
56
33
3
62
69
40
91
50
53
37
41
28
67
45
34
96
87
12
25
66
0
33
87
71
81
60
68
40
57
77
95
65
62
98
27
31
90
71
33
43
8
74
71
28
72
58
24
11
22
50
29
75
35
17
46
68
29
66
9
86
43
4
3
57
54
30
40
44
53
73
40
62
0
11
42
24
69
18
35
92
68
16
67
56
85
65
24
14
83
85
52
78
89
55
35
95
38
75
92
43
0
32
57
0
43
99
76
65
18
63
9
38
80
76
94
65
93
71
32
28
56
36
6
98
44
41
93
82
68
85
77
68
69
35
21
13
34
97
78
4
61
87
43
41
15
89
58
60
60
42
88
69
79
94
19
23
87
12
57
55
50
34
75
19
69
96
84
56
94
14
60
55
53
3
48
68
93
58
80
5
1
20
74
32
66
93
55
53
58
64
60
60
98
36
31
