697
86
45
73
12
90
92
18
30
22
39
21
67
39
4
40
52
50
24
26
63
0
54
29
50
14
36
46
88
65
30
66
51
76
92
15
66
84
33
48
59
24
22
78
63
78
70
15
29
94
41
92
94
48
73
97
14
61
95
2
26
26
20
30
54
64
45
72
49
79
20
60
3
94
38
67
73
8
34
2
54
28
46
1
28
71
50
42
32
97
96
10
75
16
40
29
81
86
53
82
17
74
94
72
20
32
91
93
92
26
47
98
6
45
99
34
16
1
28
48
99
76
59
74
44
51
56
77
37
9
59
6
35
53
79
56
37
70
1
29
48
1
80
6
46
31
92
63
33
72
63
84
48
22
10
93
26
66
70
15
76
82
22
63
35
1
19
25
23
73
6
24
74
86
30
20
18
75
83
3
47
47
87
96
21
97
89
47
16
11
63
92
93
37
7
81
90
79
6
65
52
12
89
26
99
72
98
17
47
34
20
46
81
59
42
54
56
83
54
72
95
69
16
40
6
24
21
48
3
27
13
7
40
3
85
91
27
83
8
26
17
80
72
50
39
15
57
47
50
11
72
97
32
40
38
90
16
59
38
71
87
3
78
79
6
15
70
85
99
30
11
68
62
84
19
53
51
28
0
1
91
24
99
23
17
89
65
33
48
55
57
87
58
35
18
17
51
88
2
2
70
14
70
32
98
41
85
49
21
38
2
12
14
1
87
31
42
52
65
91
7
22
30
18
9
49
35
12
89
37
66
60
51
37
92
1
30
78
50
52
68
53
16
82
6
4
14
49
8
31
92
68
5
22
86
66
23
21
79
13
58
45
73
62
34
65
63
17
95
14
21
63
19
37
98
77
41
12
78
50
95
70
70
0
45
56
66
20
77
97
33
87
95
6
49
81
24
13
98
71
79
19
35
98
57
33
27
50
97
6
52
92
28
22
92
25
78
10
46
7
8
79
95
55
38
44
36
14
9
87
85
88
6
20
38
15
5
66
66
2
24
70
46
4
93
90
30
23
1
28
83
61
59
78
16
97
74
4
11
36
91
97
24
50
69
63
65
27
81
83
81
5
54
28
9
99
18
91
22
71
19
5
84
79
35
0
28
62
57
92
98
48
41
22
98
10
37
16
37
18
99
71
75
5
99
37
56
69
28
79
93
0
36
77
79
24
30
59
86
87
51
36
35
92
58
86
55
48
54
44
18
5
15
46
11
66
83
67
88
63
98
81
63
87
58
94
11
88
54
49
75
57
85
63
2
95
1
57
95
55
1
14
12
69
60
75
35
95
95
75
58
93
56
22
32
15
16
95
55
22
44
31
32
81
46
34
77
99
91
72
54
44
38
18
65
50
94
53
45
89
28
4
34
85
78
67
52
46
62
7
69
59
90
1
40
88
87
69
87
78
94
93
74
32
12
92
83
6
45
80
95
73
84
29
10
62
96
14
9
11
22
30
70
64
83
62
53
70
32
40
0
26
86
26
10
98
18
45
4
15
26
51
89
10
32
51
25
81
66
86
92
40
68
14
4
51
76
9
73
8
50
25
86
88
51
97
86
22
42
42
37
20
45
78
83
77
30
8
