214
82
74
14
5
81
8
86
78
37
13
26
48
20
0
34
49
76
49
93
70
24
45
26
6
29
35
99
25
78
1
58
13
27
24
18
60
84
4
91
73
18
69
73
90
69
60
91
45
9
37
15
85
82
94
91
12
81
43
89
11
44
99
24
24
75
42
84
59
47
27
84
17
96
57
59
66
17
50
63
78
87
31
16
22
25
59
86
6
2
75
17
47
74
42
23
49
36
59
60
35
87
44
52
83
53
63
1
71
66
65
1
5
96
17
27
73
77
65
79
79
40
48
78
66
42
1
67
79
61
27
14
48
23
19
83
29
82
85
0
48
50
53
54
98
71
33
71
0
99
50
79
91
50
58
58
93
11
25
72
72
5
86
72
80
5
56
9
88
41
61
88
43
67
42
41
38
28
12
38
27
14
69
18
64
79
76
57
91
54
81
15
11
68
88
43
25
96
5
65
89
18
54
32
85
48
25
23
76
89
13
55
55
83
74
