656
61
62
3
56
12
90
41
42
94
14
76
37
99
7
9
76
68
75
28
67
61
9
67
33
50
59
35
4
99
87
89
12
49
45
68
13
87
61
56
81
75
84
71
27
91
32
55
11
7
83
79
21
44
46
54
94
57
90
50
57
29
39
69
30
36
90
43
23
3
51
57
79
35
28
58
79
12
65
90
72
48
69
93
92
68
47
38
25
89
40
34
18
79
56
48
16
46
44
39
49
95
96
80
83
76
90
62
41
55
4
13
55
26
6
99
94
5
37
71
47
77
6
17
9
14
18
77
60
62
68
61
9
17
94
92
45
84
6
86
92
11
51
47
37
9
47
83
15
36
6
62
66
64
31
27
78
49
4
38
11
24
52
21
41
46
65
39
30
72
25
22
35
29
22
24
38
69
59
5
5
65
19
23
30
51
50
60
0
54
99
12
31
3
85
72
49
2
63
31
26
89
6
61
70
28
37
8
97
96
14
54
14
33
78
96
84
28
56
85
35
7
49
66
10
86
90
11
88
54
43
15
95
49
28
65
77
66
73
74
14
39
80
80
73
58
76
9
39
33
94
26
40
95
44
3
81
86
14
70
40
57
85
87
58
65
4
35
83
30
61
50
69
42
30
94
52
7
4
43
92
98
21
84
94
65
87
75
52
54
97
44
63
34
84
22
0
88
57
83
18
71
85
40
65
16
34
69
75
38
13
67
37
34
3
83
52
43
10
56
97
8
52
12
94
36
34
94
25
44
30
95
15
15
35
32
83
70
1
58
60
66
77
49
53
81
32
5
24
95
13
73
55
65
85
49
2
72
96
79
16
26
26
83
93
62
15
77
84
16
87
96
83
65
46
88
46
30
93
22
25
58
47
80
23
84
30
77
56
26
56
72
4
35
7
49
49
22
78
85
91
66
81
26
31
27
14
29
58
59
3
35
17
2
16
40
86
98
70
43
76
78
67
32
13
75
81
62
49
60
47
92
26
81
18
9
8
84
38
18
43
93
54
12
95
22
5
81
20
75
76
48
53
96
80
67
23
13
81
72
73
81
65
51
62
35
12
22
20
2
41
15
95
95
28
42
17
33
24
89
60
52
37
13
48
69
32
23
82
66
96
8
99
13
11
61
0
24
83
72
26
76
40
22
23
68
16
92
53
92
81
65
45
70
78
45
91
63
69
74
81
17
34
80
82
45
41
82
69
76
7
48
5
47
70
28
67
38
21
20
31
54
37
76
77
15
73
68
30
94
94
11
11
28
91
93
26
84
28
47
13
35
95
18
82
17
98
49
56
71
21
87
26
58
15
55
25
88
75
56
83
22
19
94
50
63
40
28
99
68
76
12
55
71
82
37
89
33
86
97
4
59
84
82
17
99
37
42
39
65
50
22
87
22
69
89
37
61
18
36
81
46
1
36
17
35
73
58
68
11
7
73
70
91
55
39
42
45
33
82
10
84
56
97
58
25
86
95
38
4
31
19
2
84
55
20
20
