612
26
19
23
76
28
80
2
48
78
39
84
73
82
48
59
91
25
29
5
82
64
85
85
5
65
61
19
16
38
66
26
16
37
49
93
65
82
47
13
60
39
97
34
21
45
45
12
22
75
70
56
91
55
42
48
21
55
68
89
45
34
15
61
71
16
6
36
98
6
1
59
45
51
45
18
48
90
31
71
17
53
27
9
8
21
9
81
28
77
70
25
63
85
39
34
54
45
22
52
51
24
63
48
75
8
67
75
51
98
46
68
3
26
29
11
99
39
93
80
68
15
57
32
53
96
66
7
94
41
59
97
17
75
46
44
83
13
19
34
63
66
55
18
44
84
29
95
75
74
75
44
90
33
76
43
81
94
2
75
35
61
25
52
88
71
96
72
36
16
58
51
34
65
69
30
2
50
25
77
25
53
21
67
38
97
10
19
44
12
47
79
25
72
84
14
43
32
38
31
0
48
34
86
14
3
16
16
5
94
45
82
47
67
49
85
16
11
4
60
75
51
92
1
75
28
67
18
60
57
1
61
57
35
99
71
90
16
39
96
10
85
78
9
4
80
46
72
91
50
33
67
54
77
20
29
5
39
0
17
96
53
30
53
89
30
77
31
98
68
79
60
5
10
69
9
90
15
82
33
17
67
0
23
96
72
5
1
11
57
70
59
10
53
13
51
83
42
35
33
10
14
93
16
76
14
77
18
81
59
52
98
26
52
74
74
77
31
75
88
88
98
48
50
51
13
2
86
55
89
19
17
3
64
33
32
78
11
50
11
22
2
61
1
7
35
75
84
66
3
72
6
1
72
57
4
85
11
42
92
52
13
10
55
77
95
39
7
58
90
18
81
92
79
82
99
67
9
35
33
12
8
92
65
32
1
21
18
64
63
10
16
76
72
23
5
68
63
12
26
53
82
7
97
62
41
49
29
3
84
14
67
44
58
33
77
59
6
95
23
70
57
39
98
30
15
4
50
78
68
76
83
51
36
80
65
29
29
46
32
66
60
0
10
71
85
87
30
91
34
6
13
44
97
64
26
12
20
76
90
88
4
25
91
92
6
56
22
87
2
6
53
15
58
16
86
95
55
68
87
42
26
52
86
24
16
64
36
36
92
79
77
48
56
68
41
62
77
15
2
31
21
55
98
32
23
36
27
79
5
66
21
31
71
59
7
39
75
96
76
67
75
5
15
31
73
8
46
2
23
48
34
97
55
32
81
79
21
8
10
26
27
83
9
98
94
17
37
69
65
65
88
40
70
55
23
96
64
21
50
87
69
84
36
77
69
17
8
90
78
18
68
5
53
29
55
47
98
44
16
63
62
4
55
84
59
79
32
75
52
83
63
74
67
51
51
88
69
11
78
47
81
98
4
34
28
59
81
78
55
49
42
17
