747
41
23
19
62
28
68
43
0
2
44
31
30
28
86
62
34
0
88
54
84
62
0
47
72
5
50
8
26
13
0
0
7
23
71
69
51
39
65
4
93
61
87
76
90
73
38
24
25
26
30
10
40
30
9
65
36
11
73
62
25
26
14
32
1
85
53
5
76
70
9
70
32
48
46
22
73
36
98
99
62
29
61
55
59
70
20
47
82
45
62
59
71
28
91
25
14
96
30
42
67
39
12
99
87
10
73
60
46
71
11
61
52
24
16
64
47
36
63
81
33
25
40
5
54
83
30
20
79
60
62
98
51
27
49
90
89
22
2
88
46
66
49
98
90
17
62
37
5
26
18
38
3
10
95
9
45
77
29
77
89
44
75
92
23
25
82
12
99
85
0
45
3
1
96
93
18
58
31
23
36
1
14
40
64
9
1
9
39
31
86
28
27
14
21
50
91
55
62
90
92
15
88
95
16
84
89
87
94
72
62
31
25
76
23
89
38
24
51
77
7
89
57
34
3
30
84
94
86
99
85
78
14
25
74
82
9
15
69
3
87
32
86
64
8
9
6
98
86
57
27
45
46
85
80
2
15
16
96
1
15
33
32
81
58
58
64
67
73
85
23
12
17
9
76
78
71
34
76
9
91
4
54
90
41
86
92
8
3
40
10
70
26
94
4
84
52
20
4
25
5
79
89
23
88
17
1
11
52
29
20
95
85
27
85
26
13
29
35
68
70
97
91
48
91
95
32
95
15
88
20
20
67
9
95
8
78
96
19
30
78
92
26
63
19
63
42
84
93
29
53
15
26
44
63
69
91
47
64
6
36
36
78
55
97
74
63
75
22
83
6
0
75
84
16
46
47
10
30
92
39
83
7
17
79
22
86
70
70
2
28
58
90
7
13
87
81
77
14
3
12
72
56
39
56
24
85
4
34
67
96
73
3
56
90
82
30
28
5
0
30
33
10
72
40
24
59
73
53
25
29
17
98
85
56
54
9
93
10
43
60
59
68
63
67
58
98
97
38
3
98
20
88
60
92
29
36
3
54
41
28
83
58
26
20
66
33
29
59
43
24
72
54
92
87
21
2
85
19
40
40
69
60
29
29
52
10
66
55
64
59
36
48
18
62
68
84
95
50
96
91
26
68
45
19
55
19
73
93
38
14
33
59
26
62
40
31
72
58
38
37
18
74
37
36
37
57
72
84
7
68
75
34
88
73
5
96
92
78
89
82
44
22
93
23
37
33
54
9
92
92
98
10
19
87
98
8
45
70
92
4
39
20
38
79
45
95
75
89
26
64
23
70
39
16
45
76
49
99
85
93
44
36
3
15
23
1
23
68
72
15
25
63
87
63
42
32
11
70
73
37
34
96
59
25
12
5
1
14
56
39
7
0
75
11
15
50
64
90
71
88
58
96
51
45
11
46
30
22
68
3
59
54
0
71
80
64
76
81
78
32
20
38
85
47
1
52
98
65
43
69
54
1
65
57
98
76
55
28
51
23
84
10
30
36
81
10
52
9
43
83
94
64
21
79
63
22
83
61
87
78
82
93
31
99
51
82
28
58
62
79
34
46
89
64
34
23
74
87
32
17
70
78
33
91
57
97
13
93
10
52
23
93
46
55
44
49
37
72
59
99
51
93
98
93
9
32
16
35
19
0
53
41
79
38
32
88
87
97
33
98
2
57
43
0
64
87
1
