188
78
52
98
80
35
83
76
8
63
31
55
43
6
69
13
53
1
13
82
86
14
80
75
41
53
80
98
6
6
54
91
84
6
90
16
93
73
92
54
89
75
61
84
33
30
49
86
32
63
68
18
77
49
45
70
54
25
69
60
83
23
52
19
81
42
88
26
67
32
80
56
8
94
40
41
76
90
80
8
5
48
78
82
49
75
52
4
1
73
16
36
96
68
56
77
62
96
56
82
28
88
38
36
82
31
30
59
73
10
19
30
10
50
12
12
25
16
68
78
42
84
15
38
5
23
68
19
19
24
1
47
12
92
36
47
75
18
58
0
80
77
30
90
79
94
2
5
62
22
83
4
7
50
43
12
73
63
83
44
39
85
92
51
77
80
50
4
98
8
4
78
86
34
20
17
28
75
22
90
97
58
95
4
60
90
68
34
5
