722
42
16
69
30
7
83
69
44
15
33
18
19
4
68
33
12
58
15
9
66
21
50
86
23
12
68
9
90
46
95
59
40
11
28
71
70
12
40
66
27
74
84
98
30
52
83
94
62
50
3
81
72
53
67
47
66
87
8
8
85
3
19
26
66
48
97
36
60
89
54
39
15
38
89
45
91
24
39
5
74
95
86
98
48
5
45
66
45
54
27
30
9
46
8
28
46
57
16
6
47
71
97
62
9
38
60
52
62
99
58
89
46
96
87
47
54
85
65
99
39
92
81
0
91
42
28
37
99
45
96
98
16
93
13
77
84
73
30
46
24
40
35
71
88
75
18
42
60
83
93
51
28
27
51
19
21
32
56
20
77
52
71
45
98
36
22
82
9
52
80
85
92
68
56
33
43
26
75
3
62
21
6
90
48
57
61
21
89
17
41
18
22
64
63
20
0
38
54
61
90
34
47
35
54
55
20
97
34
95
52
96
68
58
38
68
68
51
89
9
20
83
28
42
47
43
14
0
81
68
61
24
55
60
11
9
68
31
59
2
78
63
50
47
22
88
15
42
39
5
51
59
40
31
54
87
27
68
39
8
89
1
84
96
13
47
57
81
30
16
83
9
80
33
8
54
73
75
48
64
32
99
76
72
83
82
12
10
50
51
70
91
4
55
87
18
54
45
51
85
13
35
46
45
20
6
51
46
81
99
62
66
51
38
38
34
20
50
44
23
2
14
14
6
21
54
76
28
99
28
13
64
15
11
10
87
17
61
85
50
13
48
16
64
86
55
50
59
57
46
34
59
60
48
18
34
54
46
62
5
26
27
70
41
38
32
81
7
93
66
57
58
14
74
22
53
81
24
64
38
70
98
50
83
46
68
17
53
66
31
58
93
58
28
86
48
60
67
7
6
86
64
64
0
90
39
53
71
15
17
62
86
67
12
69
66
32
38
19
98
69
77
43
79
6
30
79
18
49
86
24
35
2
41
36
45
32
41
68
47
11
30
33
78
94
2
44
26
92
63
77
61
93
20
92
99
2
71
17
52
9
94
87
64
87
75
9
19
17
77
66
80
8
52
58
2
6
55
81
99
70
10
12
63
30
5
14
85
28
84
37
90
78
24
54
17
0
63
36
69
92
54
49
0
6
59
55
13
66
88
64
89
98
76
52
80
81
19
65
62
3
2
52
33
79
58
50
31
21
86
0
65
92
1
66
99
12
73
64
31
13
80
20
11
56
24
43
90
43
9
4
46
63
56
31
42
14
81
25
87
19
77
52
12
30
70
63
43
95
79
26
60
59
98
71
67
22
67
9
18
76
13
16
91
69
48
34
35
29
59
74
49
89
79
13
19
1
28
14
97
7
40
57
18
38
81
37
13
0
47
31
76
60
99
67
82
47
53
17
77
65
44
78
54
23
43
73
76
71
88
25
30
80
35
0
71
16
37
36
16
84
19
44
45
18
63
27
66
69
96
95
86
92
25
92
15
68
17
92
91
57
17
21
38
4
73
61
20
10
97
88
47
16
84
44
34
0
23
52
21
19
47
7
12
72
99
79
92
68
23
83
26
93
56
16
97
29
77
70
92
26
10
39
42
47
83
28
47
58
33
68
77
32
27
41
5
78
73
49
46
48
33
24
