422
64
34
44
6
7
20
24
20
1
54
75
43
65
1
18
47
81
3
21
47
65
69
17
95
55
30
23
53
98
29
19
14
64
15
72
23
87
48
95
88
2
70
31
68
71
49
67
53
52
40
0
70
9
69
65
16
52
89
69
50
70
40
64
86
55
88
10
42
36
57
83
38
28
14
58
51
64
77
4
68
69
57
90
78
26
8
47
78
49
68
80
19
9
96
6
16
84
68
11
20
25
94
11
5
8
21
57
24
51
13
45
20
70
35
99
49
43
98
79
92
66
12
64
75
8
22
44
45
42
55
17
67
49
28
25
57
2
34
82
53
47
27
73
70
14
24
71
10
22
50
2
41
62
18
16
23
40
60
68
82
67
37
2
16
66
79
74
20
13
8
73
60
87
98
82
1
23
53
63
97
4
18
38
18
36
7
41
29
19
61
11
87
99
65
55
17
44
29
89
9
89
62
22
28
12
4
82
87
10
45
85
66
63
75
84
0
34
78
81
6
91
92
45
42
10
0
59
6
82
48
68
71
62
90
52
75
46
34
14
56
31
99
22
95
27
7
47
13
37
28
19
28
72
64
71
34
65
82
41
99
83
9
22
97
51
74
24
97
8
39
54
92
90
28
87
69
87
34
83
24
14
54
5
86
19
28
73
36
10
14
35
45
75
57
43
26
84
19
75
44
58
81
36
49
10
23
18
97
9
53
22
75
8
27
14
79
7
87
67
17
53
54
15
28
63
10
6
47
29
33
92
88
15
80
89
25
56
59
22
65
65
96
93
73
75
7
4
82
94
71
52
47
77
67
27
40
29
85
40
58
18
32
98
33
64
39
10
20
51
85
38
16
81
31
41
9
38
45
43
84
68
95
31
45
14
10
37
43
47
77
2
65
61
52
51
26
92
13
46
43
98
84
11
32
15
52
93
5
49
36
89
69
84
72
66
98
82
3
94
29
81
48
