454
21
43
62
90
78
36
28
14
8
55
13
6
96
28
69
44
28
78
45
4
37
3
12
94
9
8
90
95
90
32
23
64
75
38
6
5
74
35
20
34
90
33
92
38
61
61
34
41
92
80
45
29
35
9
75
97
17
66
92
60
98
67
24
73
5
82
31
80
17
51
66
60
84
59
50
97
72
85
90
16
17
35
46
52
44
73
1
14
39
93
26
37
61
2
63
66
84
94
98
54
97
17
14
33
76
64
30
0
1
72
17
18
7
15
71
3
88
24
69
80
18
95
69
31
97
32
49
82
78
48
36
75
17
2
8
45
18
90
45
20
62
14
38
21
29
61
25
70
38
94
50
56
90
19
39
39
4
88
21
34
88
9
62
5
63
70
50
34
13
48
54
27
62
44
49
44
58
26
14
96
72
16
4
14
87
43
54
91
83
27
78
24
37
40
29
52
62
32
86
75
80
92
55
94
89
56
38
99
82
4
47
54
72
3
69
60
98
23
3
81
2
81
5
39
73
87
44
36
19
30
63
51
75
18
45
16
74
36
15
8
92
14
15
65
17
84
77
15
59
80
96
61
14
54
53
87
41
97
75
12
79
39
63
6
9
60
22
36
96
89
44
41
3
59
6
20
95
83
35
6
15
84
68
29
90
73
69
31
22
44
95
53
83
10
60
45
70
34
81
19
24
77
60
27
89
18
48
84
53
35
91
68
71
11
50
61
36
19
92
10
63
39
63
99
49
75
44
20
10
77
91
86
54
3
65
43
21
65
80
74
1
23
94
72
86
44
34
74
15
78
84
79
70
47
30
19
23
26
91
85
3
82
23
9
37
88
5
58
54
85
84
7
60
79
79
98
75
65
72
91
96
56
22
66
3
52
37
78
78
29
15
33
63
38
42
1
79
47
11
33
84
96
40
96
27
71
94
2
89
66
45
37
22
67
3
78
71
92
8
1
21
76
34
37
14
29
90
45
76
1
30
13
49
70
9
76
94
56
31
35
22
28
72
97
48
27
27
19
19
35
73
41
11
7
