627
26
52
6
98
71
16
46
94
18
17
11
46
56
81
62
51
13
43
63
98
26
65
69
64
6
78
6
37
59
73
83
85
25
41
84
48
58
82
42
76
51
5
22
7
38
36
11
52
79
26
2
6
43
71
22
49
2
81
38
61
54
73
99
80
15
35
80
73
69
23
1
20
80
75
80
19
11
91
71
42
69
25
0
12
97
23
13
51
4
51
64
10
25
63
42
92
50
23
65
19
46
18
92
26
93
72
97
56
63
68
98
32
46
99
44
43
22
57
46
78
60
10
88
37
74
31
29
76
6
46
96
4
64
88
82
9
60
80
65
75
0
64
59
46
15
55
41
89
64
87
67
24
98
7
62
24
90
91
0
96
90
48
0
54
36
83
16
48
63
81
75
15
97
86
62
64
41
3
53
5
43
72
30
41
80
44
65
22
87
17
19
77
66
71
84
54
6
0
55
21
33
30
37
83
17
99
47
10
54
1
16
97
73
98
38
5
94
55
80
81
73
99
11
91
22
95
45
29
47
0
50
80
83
87
63
52
38
63
62
93
64
30
42
89
28
33
47
22
40
27
56
13
78
19
4
0
14
2
81
13
2
32
45
37
71
61
89
10
24
52
55
40
82
49
29
63
82
76
37
23
55
93
88
33
12
45
34
78
47
15
43
1
99
89
39
71
2
28
33
26
32
88
66
67
37
47
82
72
76
19
47
31
65
87
65
29
32
51
60
31
18
3
33
18
44
24
41
46
4
74
24
37
14
42
56
3
90
38
27
66
57
74
49
74
62
14
4
46
17
64
78
88
19
63
6
16
87
99
62
91
25
39
80
39
81
36
94
23
26
22
89
84
96
91
10
10
57
14
9
75
30
39
63
2
2
21
18
41
72
32
84
97
71
17
36
53
5
30
76
32
4
18
68
1
9
78
63
66
45
72
93
75
11
8
29
65
29
47
58
1
80
43
98
51
12
86
56
17
69
85
1
73
55
69
26
64
0
42
82
97
14
28
72
78
36
2
95
66
1
54
19
81
49
70
85
61
8
41
30
77
78
32
3
33
53
81
97
5
23
32
2
90
60
27
20
96
81
15
14
82
21
34
16
70
56
1
83
64
94
14
94
73
98
49
6
51
30
56
9
6
88
11
48
0
38
20
96
71
87
63
54
9
49
22
79
5
23
63
21
17
77
15
90
27
16
49
78
99
5
87
57
93
51
57
93
41
77
41
13
64
56
19
73
5
41
53
62
16
68
84
33
97
51
76
24
68
25
54
19
30
42
76
75
45
33
20
86
10
13
51
26
70
70
0
75
63
5
38
79
25
22
65
22
25
41
46
45
18
0
64
48
94
40
75
39
25
95
78
87
8
81
14
78
4
66
6
67
23
44
99
48
18
64
70
95
5
16
41
75
68
5
23
63
98
50
54
23
