524
3
57
52
83
41
76
31
40
39
22
25
1
86
16
60
29
20
70
45
60
14
85
80
14
86
44
41
88
55
33
76
58
42
80
93
83
9
76
76
48
98
1
1
85
17
61
66
89
31
63
1
45
48
82
12
87
78
53
75
34
38
3
44
33
83
38
16
92
66
92
92
65
46
94
2
15
55
68
5
39
32
6
36
32
40
48
19
71
53
46
5
44
1
49
77
37
39
45
81
6
90
74
23
36
20
25
3
27
93
60
18
25
19
7
10
11
7
29
82
61
28
87
5
29
89
34
66
80
79
48
86
21
74
61
9
46
86
13
73
80
73
44
57
44
51
67
56
58
49
38
71
77
78
28
58
67
62
77
99
94
77
86
15
51
99
25
49
86
90
22
18
15
66
27
60
69
47
16
28
96
6
51
25
84
80
35
3
94
12
3
88
89
41
4
92
40
81
41
78
71
16
96
86
34
24
46
4
71
14
84
19
21
35
44
57
67
31
61
62
44
16
50
85
9
6
78
49
87
19
28
10
35
76
97
22
0
95
26
23
62
62
94
35
97
90
92
65
22
5
27
66
73
29
51
82
36
81
32
75
53
12
86
40
88
35
62
41
82
88
16
44
50
11
79
0
1
24
17
23
81
96
41
55
25
45
37
13
26
69
41
79
33
79
20
74
14
82
15
48
23
83
93
25
94
24
25
48
48
94
23
30
90
65
37
16
10
74
81
88
96
22
68
29
53
88
3
67
22
70
68
97
6
61
23
0
37
0
0
38
95
24
20
37
41
57
5
51
31
87
91
27
61
59
9
15
99
64
34
74
87
2
71
93
15
94
45
5
47
46
43
94
22
15
31
63
72
37
66
55
24
57
35
37
69
44
52
68
60
39
42
47
41
66
40
9
60
86
14
59
84
9
53
6
24
85
21
96
74
39
3
98
96
38
87
65
34
92
86
95
31
80
94
72
46
35
33
59
73
47
18
9
56
72
67
80
9
40
28
83
79
32
33
75
22
20
93
57
12
79
4
95
59
98
20
58
85
53
17
10
53
35
71
9
59
38
42
20
78
22
3
57
6
36
85
81
9
30
90
73
9
94
69
20
44
89
78
30
94
95
92
47
83
64
9
94
54
3
15
33
77
18
42
84
7
79
17
68
9
7
93
70
1
62
91
45
3
21
27
50
69
72
97
4
36
