689
8
34
95
11
39
22
44
14
94
18
10
50
36
38
34
56
83
86
71
77
4
54
4
57
46
38
79
67
2
28
8
62
63
56
73
54
78
70
69
24
40
31
74
76
21
8
84
4
46
8
81
50
14
37
59
60
28
39
27
30
19
88
93
34
44
18
89
74
88
10
98
80
93
72
9
14
33
45
70
79
53
3
82
67
40
41
27
68
32
55
51
52
95
96
38
39
14
27
13
55
89
11
35
82
35
44
48
68
90
70
0
95
73
82
63
66
23
42
86
56
49
89
60
44
85
98
83
0
78
48
7
67
11
42
2
47
39
50
67
81
21
19
76
46
1
91
64
77
34
51
33
83
92
45
28
78
43
63
78
73
12
85
41
23
79
43
22
70
45
42
3
18
61
80
65
15
71
81
92
57
84
77
41
77
22
21
55
17
36
85
91
48
22
32
24
53
27
98
24
72
92
27
43
54
59
60
21
83
41
13
40
26
90
33
55
12
6
10
81
43
95
72
43
69
4
67
22
83
18
98
8
10
26
51
16
37
11
37
20
4
50
13
30
92
46
37
56
5
47
38
48
94
10
91
63
67
11
38
50
29
36
10
39
14
61
56
52
24
45
72
29
96
85
11
40
84
49
97
89
48
35
37
43
97
80
58
64
91
48
67
72
85
77
12
51
91
20
3
15
65
76
96
13
13
8
54
97
9
3
38
57
38
27
52
35
8
63
52
99
63
19
24
0
96
36
52
39
8
55
55
25
83
3
91
97
63
97
46
72
0
85
82
38
64
86
25
72
1
77
24
65
48
48
65
45
36
17
36
96
25
43
21
8
47
64
57
10
61
4
35
13
41
69
3
5
7
29
30
9
58
54
26
7
54
91
4
90
61
40
86
86
84
59
94
83
76
4
93
89
60
80
3
1
49
6
58
57
35
40
18
46
46
44
53
0
87
57
42
48
49
28
34
85
40
81
68
16
37
62
5
97
94
60
50
96
67
60
53
54
1
23
0
47
67
5
0
54
62
42
3
64
71
89
49
63
22
18
31
59
32
88
56
26
49
58
22
16
19
27
70
20
50
23
19
69
28
19
24
43
62
79
7
85
20
8
0
95
26
31
54
10
19
63
89
68
21
11
84
92
91
7
12
93
30
32
63
58
3
87
1
65
18
60
2
38
69
2
85
47
33
92
58
53
7
47
21
28
10
58
21
53
65
85
47
47
69
10
5
73
49
59
38
19
71
41
9
92
43
95
40
29
87
50
82
94
49
55
74
11
65
47
65
82
85
64
29
54
26
87
27
75
98
18
46
69
59
55
62
54
2
54
83
89
4
17
35
53
25
10
16
90
9
81
73
94
97
2
49
23
89
28
50
39
46
96
9
57
4
23
12
6
77
47
48
33
17
83
86
42
45
54
32
55
36
5
49
33
60
50
9
1
79
59
41
25
56
2
35
60
25
47
18
54
46
66
87
63
50
25
57
95
79
90
2
67
47
4
53
59
54
62
61
85
21
54
63
29
56
98
41
33
97
60
87
43
26
74
59
28
51
68
76
30
58
78
50
58
82
3
